 0.205 1.46 2.38 3.033 3.526
 3.564 3.143 2.984 3.207 2.893
 1.446 -0.676 -2.88 -5.589 -7.77
 -9.073 -9.165 -8.337 -6.55 -4.073
 -1.944 -0.586 0.529 2.062 3.565
 4.499 5.155 6.171 7.195 7.695
 7.379 7.656 7.756 7.45 6.965
 7.282 8.534 8.496 7.921 7.939
 7.534 7.333 8.0 9.142 10.74
 10.874 10.353 10.111 9.75 8.9
 8.345 7.251 7.958 9.518 10.349
 9.13 6.454 3.293 -0.252 -3.738
 -6.913 -8.029 -7.802 -7.314 -6.101
 -4.158 -3.114 -3.308 -3.783 -4.145
 -4.313 -4.337 -5.241 -7.555 -9.621
 -10.041 -9.721 -9.548 -9.212 -8.622
 -7.274 -5.055 -2.525 0.207 2.886
 5.243 7.299 8.725 8.448 7.4
 6.681 6.925 7.175 5.85 3.737
 2.381 1.868 1.915 2.78 4.536
 6.939 8.405 8.314 6.892 4.574
 3.052 4.324 6.392 7.575 7.403
 7.083 7.103 6.75 5.457 2.332
 -2.092 -6.821 -9.394 -9.857 -9.617
 -9.092 -8.307 -7.092 -5.846 -5.291
 -5.061 -4.318 -2.449 -0.052 1.763
 2.737 3.604 3.842 3.369 3.134
 2.237 0.212 -2.706 -4.998 -7.108
 -8.428 -8.416 -7.413 -5.844 -4.431
 -3.293 -1.32 0.616 1.814 2.464
 3.398 5.073 6.327 6.855 6.499
 6.016 6.459 6.233 5.285 4.787
 4.682 4.705 4.575 3.977 3.008
 1.693 1.693
 0.143 1.985 3.858 5.457 6.42
 6.9 6.696 6.121 5.858 4.877
 2.368 -0.102 -2.487 -5.8 -8.659
 -10.31 -10.47 -9.511 -7.841 -5.571
 -3.435 -2.271 -1.583 0.128 2.732
 5.008 6.544 7.739 9.066 10.324
 10.987 10.696 9.824 9.441 10.284
 12.747 15.425 15.574 13.739 11.635
 9.52 9.018 10.989 13.912 15.636
 15.551 14.804 13.812 12.309 11.298
 11.517 12.498 14.56 16.521 16.196
 12.673 7.676 3.384 -1.098 -5.932
 -9.408 -10.92 -10.662 -8.987 -6.378
 -3.986 -2.9 -2.853 -3.106 -3.584
 -4.188 -4.536 -5.667 -8.23 -10.946
 -12.704 -13.527 -13.382 -12.321 -10.34
 -7.979 -5.672 -3.51 -1.118 1.698
 4.422 7.065 9.2 9.626 8.805
 7.726 7.078 6.862 6.081 4.485
 3.163 2.834 3.146 4.177 6.935
 10.811 12.957 12.5 10.165 6.698
 4.746 6.095 9.026 11.164 11.558
 10.874 9.791 8.361 6.705 4.091
 -1.374 -7.591 -10.509 -10.341 -9.574
 -9.398 -9.62 -9.189 -7.718 -5.969
 -4.676 -3.199 -0.783 1.604 3.098
 4.151 5.198 5.287 4.718 4.563
 3.822 1.228 -2.586 -5.975 -8.601
 -10.118 -10.41 -9.545 -7.688 -5.537
 -3.702 -1.688 0.885 3.713 6.563
 9.202 10.391 9.543 8.47 8.488
 9.838 11.415 11.195 9.171 7.319
 6.439 6.032 5.881 5.929 5.576
 4.292 4.292
 -0.284 2.026 4.379 6.314 7.493
 8.548 9.238 9.184 9.125 8.493
 6.161 3.469 0.546 -3.704 -7.863
 -10.955 -11.81 -10.652 -8.815 -6.9
 -5.208 -4.202 -3.344 -1.137 2.047
 4.717 6.654 8.412 10.245 11.52
 11.793 11.479 11.078 11.283 13.264
 17.173 20.372 19.648 15.989 12.481
 10.336 10.467 12.999 16.59 19.229
 19.565 18.556 17.372 15.869 15.11
 16.074 17.343 18.614 19.43 17.762
 12.539 6.638 2.74 -1.485 -6.675
 -10.513 -12.322 -12.024 -9.851 -6.925
 -4.331 -2.795 -2.091 -1.911 -2.634
 -3.831 -4.28 -5.093 -7.773 -11.251
 -13.797 -14.96 -15.048 -14.264 -11.962
 -8.847 -6.062 -3.885 -1.898 0.377
 3.145 6.294 8.704 9.573 9.28
 8.16 6.88 6.082 5.744 5.09
 4.257 4.103 4.309 5.335 8.399
 12.548 14.615 13.38 10.351 6.89
 5.016 6.542 10.059 12.495 12.774
 11.954 10.775 9.048 6.503 3.174
 -1.707 -7.075 -10.089 -10.401 -9.979
 -9.777 -9.606 -8.84 -7.036 -4.667
 -2.63 -0.545 2.26 4.572 5.737
 6.627 7.709 7.6 6.602 6.322
 5.739 2.669 -2.445 -7.06 -10.497
 -12.607 -13.256 -12.301 -9.972 -7.122
 -4.603 -2.237 0.727 4.448 8.473
 12.059 13.38 11.758 9.912 10.589
 13.793 16.907 16.967 13.998 10.724
 8.527 7.17 6.724 7.043 7.149
 5.824 5.824
 -0.808 2.092 5.162 7.902 9.855
 11.198 11.714 11.752 12.4 12.482
 9.811 6.145 2.836 -1.605 -6.712
 -10.976 -12.362 -11.309 -9.664 -8.122
 -6.659 -5.629 -4.608 -2.293 0.845
 3.424 5.586 7.627 9.488 10.414
 10.463 10.683 11.208 11.884 13.988
 17.756 20.194 18.403 13.926 10.61
 9.69 10.73 13.444 17.051 19.723
 20.118 19.264 18.534 17.455 16.781
 18.023 19.484 20.044 19.805 17.028
 10.752 4.589 1.262 -2.403 -7.436
 -11.143 -12.549 -11.581 -8.774 -5.592
 -2.971 -1.317 -0.527 -0.404 -1.325
 -2.999 -3.649 -3.689 -5.335 -8.835
 -12.573 -14.92 -15.624 -15.093 -12.721
 -9.414 -6.349 -4.116 -2.619 -0.954
 1.595 4.811 7.286 8.669 8.938
 7.645 5.93 4.843 4.647 4.584
 4.301 4.472 4.811 5.897 8.649
 12.313 14.206 12.274 8.436 5.402
 4.79 7.17 10.595 12.463 12.546
 11.819 10.677 9.072 6.731 3.811
 -0.105 -4.509 -7.397 -7.785 -6.934
 -6.112 -5.918 -5.884 -4.766 -2.613
 -0.435 1.946 5.06 7.268 8.135
 8.708 9.474 9.158 7.879 7.286
 6.808 3.873 -1.663 -6.854 -10.545
 -12.79 -13.817 -13.58 -11.96 -9.182
 -6.112 -3.265 -0.075 4.083 8.914
 13.178 15.069 13.78 11.509 11.863
 15.606 19.304 19.346 15.882 12.202
 9.811 8.067 7.421 8.064 8.535
 7.453 7.453
 -1.531 2.005 5.246 7.574 8.795
 10.009 11.614 13.412 15.597 16.178
 12.514 7.133 2.896 -1.675 -7.183
 -11.909 -13.355 -12.211 -10.622 -9.193
 -7.459 -5.946 -4.636 -2.422 0.116
 2.229 4.44 6.671 8.578 9.485
 9.53 10.07 11.528 13.248 15.423
 17.613 17.847 15.219 11.627 9.695
 9.756 11.091 13.591 16.675 18.848
 19.332 19.035 18.871 18.547 18.671
 20.368 21.674 21.134 19.318 15.342
 8.972 3.353 0.399 -2.881 -7.221
 -9.66 -9.629 -7.903 -4.804 -1.47
 0.612 1.035 0.653 0.412 -0.055
 -1.267 -2.169 -3.019 -5.298 -9.002
 -12.665 -15.021 -15.898 -15.54 -13.587
 -10.988 -8.032 -5.127 -3.013 -1.164
 1.22 3.987 5.95 7.196 7.727
 6.541 4.688 3.467 3.243 3.407
 3.531 4.385 5.424 6.595 8.818
 11.683 12.885 10.337 6.047 3.384
 3.709 6.527 9.659 11.084 11.176
 10.942 10.417 9.364 7.525 5.233
 2.255 -1.012 -3.355 -3.878 -3.102
 -2.357 -2.488 -2.968 -2.637 -1.233
 0.731 3.03 5.811 7.735 8.72
 9.444 10.173 9.996 8.741 7.693
 6.946 4.372 -0.681 -5.548 -9.108
 -11.828 -14.158 -15.517 -14.773 -11.55
 -7.413 -4.078 -0.903 3.529 8.709
 13.031 15.313 14.854 12.865 12.941
 16.226 19.186 18.635 15.105 11.864
 10.316 9.161 8.548 8.975 8.962
 7.751 7.751
 -1.881 1.598 4.615 6.91 8.441
 10.325 12.906 15.235 17.245 17.659
 14.012 8.03 2.561 -2.821 -8.391
 -12.875 -14.256 -13.343 -11.983 -10.34
 -8.024 -6.05 -4.578 -2.618 -0.598
 1.058 2.873 4.828 6.651 7.705
 7.945 8.783 11.037 13.885 16.304
 16.881 15.074 12.36 10.245 9.344
 9.676 11.071 13.371 15.905 17.522
 17.816 17.895 18.463 19.025 19.873
 21.673 22.568 21.053 17.834 13.046
 7.317 2.571 -0.28 -2.873 -5.441
 -6.287 -5.679 -4.195 -1.421 1.632
 3.149 2.896 1.948 1.767 1.98
 1.097 0.049 -0.883 -3.105 -7.127
 -11.747 -15.028 -16.121 -15.979 -14.767
 -12.561 -9.422 -6.132 -3.797 -2.042
 0.038 2.46 4.446 5.961 6.761
 5.712 3.526 1.966 1.808 2.396
 3.062 4.317 5.764 6.948 8.574
 10.429 10.639 7.933 4.31 2.641
 3.451 5.959 8.547 9.651 9.949
 10.423 10.701 10.105 8.582 6.761
 4.415 1.905 0.141 -0.462 -0.243
 -0.084 -0.178 0.015 0.441 1.135
 2.47 4.28 6.483 8.022 8.8
 9.431 10.247 10.495 9.749 8.852
 8.067 5.609 0.635 -4.56 -8.507
 -11.417 -14.026 -15.938 -15.817 -12.88
 -8.665 -5.154 -1.777 2.967 8.109
 11.928 14.334 15.093 13.956 13.765
 16.187 17.999 16.669 13.136 10.244
 9.134 8.602 8.604 9.121 8.722
 7.711 7.711
 -2.637 0.663 3.639 6.199 8.117
 10.194 13.122 16.037 18.513 18.949
 14.713 8.118 2.049 -3.803 -8.94
 -12.334 -13.238 -12.8 -12.225 -11.124
 -9.062 -6.935 -5.174 -3.232 -1.429
 -0.176 0.924 2.46 4.616 6.25
 7.177 8.803 11.587 14.528 16.524
 16.019 13.151 10.663 9.846 10.09
 10.766 11.655 12.96 14.902 16.801
 17.297 17.073 17.444 18.488 20.317
 22.634 23.407 21.714 18.511 13.661
 7.868 3.03 -0.114 -2.224 -3.352
 -3.307 -2.796 -1.95 -3.0E-3 2.487
 3.738 3.325 2.184 2.046 2.766
 2.31 1.503 1.219 -0.446 -4.808
 -10.321 -14.35 -15.576 -15.311 -14.34
 -12.551 -9.982 -7.03 -4.657 -3.164
 -1.822 0.058 2.424 4.607 5.654
 4.611 2.158 0.406 0.224 0.785
 1.685 3.598 5.901 7.318 8.2
 8.802 8.274 6.123 3.781 2.91
 3.424 5.277 7.399 8.133 8.269
 9.025 10.001 9.99 8.692 7.012
 5.164 3.285 2.038 1.925 2.356
 2.328 2.017 2.191 2.448 2.712
 3.481 4.776 6.813 8.281 8.58
 8.705 9.314 9.774 9.668 9.425
 8.983 6.718 1.826 -3.776 -8.297
 -11.498 -14.209 -16.308 -16.403 -13.433
 -9.051 -5.415 -2.204 2.147 6.632
 9.552 12.121 14.448 14.399 13.48
 14.32 15.033 13.518 10.733 8.821
 8.046 7.486 7.811 8.865 9.056
 9.144 9.144
 -2.932 0.222 3.151 5.875 8.096
 10.522 13.774 17.017 19.656 19.778
 14.883 8.141 2.431 -3.134 -7.855
 -10.803 -12.06 -12.576 -12.679 -11.893
 -9.988 -7.781 -5.922 -4.018 -2.202
 -1.052 -0.55 0.481 2.816 5.02
 6.773 9.201 12.205 14.551 15.55
 14.403 11.54 9.67 9.782 10.877
 12.086 12.96 13.637 14.716 16.241
 16.889 16.746 17.206 18.742 21.298
 24.083 24.862 23.3 20.766 16.16
 9.696 3.938 0.181 -1.532 -1.346
 -0.392 0.106 0.282 1.147 2.678
 3.37 2.651 1.536 1.564 2.529
 2.557 2.002 1.92 0.491 -4.19
 -10.386 -14.923 -16.64 -16.981 -16.014
 -13.313 -10.093 -7.161 -4.977 -3.855
 -3.211 -1.899 0.837 3.785 4.976
 3.571 0.744 -1.039 -0.901 0.246
 1.798 4.083 6.536 7.755 7.71
 7.069 6.113 4.878 3.906 3.367
 2.951 3.896 5.671 6.269 6.208
 6.934 8.443 9.314 8.538 6.933
 5.421 3.777 2.586 2.808 3.669
 3.99 3.952 3.956 3.606 3.491
 4.241 5.376 7.081 8.393 8.438
 8.295 8.725 9.0 8.873 8.988
 9.198 7.769 3.382 -2.572 -7.723
 -11.189 -13.908 -16.104 -16.344 -13.528
 -9.467 -6.105 -3.395 0.131 3.954
 6.382 9.103 12.559 13.622 12.507
 12.027 11.724 10.383 8.985 8.707
 8.665 8.103 8.367 9.449 9.833
 10.354 10.354
 -3.341 -0.169 2.878 5.89 8.584
 11.414 14.905 18.535 21.064 20.284
 14.677 8.011 2.754 -2.334 -6.686
 -9.42 -10.728 -11.424 -11.82 -11.563
 -10.159 -8.209 -6.309 -4.19 -2.295
 -1.387 -1.468 -1.079 0.996 3.425
 5.636 8.403 11.186 12.766 13.274
 12.559 10.618 9.505 10.273 12.065
 13.909 14.97 15.017 14.944 15.729
 16.389 16.134 16.378 18.013 20.715
 23.934 25.772 25.48 23.662 18.991
 11.952 5.559 1.435 -0.035 0.794
 2.147 2.556 2.203 2.031 2.545
 2.864 2.209 1.257 1.24 2.286
 3.047 3.018 2.82 1.235 -3.703
 -10.375 -15.024 -16.459 -16.532 -15.545
 -13.096 -10.125 -7.36 -5.53 -4.857
 -4.445 -3.028 0.253 3.841 5.214
 3.493 0.274 -1.561 -1.206 0.336
 2.447 5.027 7.237 7.728 6.677
 5.38 4.712 4.445 4.194 3.469
 2.137 2.201 3.611 4.237 4.205
 4.873 6.548 7.907 7.449 6.015
 4.971 3.667 2.827 3.603 4.799
 5.21 5.179 4.83 3.924 3.739
 4.87 6.154 7.684 8.963 8.828
 8.263 8.283 8.275 8.133 8.792
 9.958 9.361 5.136 -1.389 -7.086
 -10.852 -13.738 -16.102 -16.725 -14.57
 -11.121 -7.88 -5.164 -1.975 1.619
 4.112 6.88 10.314 11.325 10.437
 10.409 10.203 8.677 7.763 8.844
 9.925 9.57 9.427 10.119 10.313
 10.614 10.614
 -3.383 -0.436 2.528 5.698 8.65
 11.653 15.528 19.841 22.253 20.428
 14.371 7.948 2.895 -2.07 -6.307
 -8.889 -10.233 -11.125 -11.647 -11.51
 -10.469 -8.761 -6.56 -3.969 -2.107
 -1.682 -2.164 -1.958 0.112 2.768
 5.144 7.811 10.2 11.33 11.792
 11.573 10.382 9.754 10.735 12.611
 14.437 15.378 15.056 14.456 15.226
 16.392 16.205 16.353 18.125 21.15
 25.313 28.268 28.276 26.015 21.151
 14.428 8.333 3.968 1.891 2.097
 2.876 2.873 2.444 2.258 2.669
 2.967 2.35 1.473 1.542 2.78
 3.981 4.264 3.944 2.115 -3.112
 -10.278 -15.299 -16.886 -16.951 -15.863
 -13.37 -10.281 -7.52 -6.105 -5.814
 -5.428 -3.84 -0.211 3.785 5.326
 3.485 0.103 -1.833 -1.591 -0.013
 2.463 5.449 7.562 7.336 5.338
 3.518 3.118 3.581 3.872 3.024
 0.972 0.251 1.279 2.069 2.39
 3.16 4.9 6.49 6.161 4.739
 3.844 2.825 2.614 4.093 5.683
 6.372 6.513 5.965 4.733 4.34
 5.443 6.975 8.835 10.284 9.892
 8.632 7.971 7.609 7.602 9.01
 11.146 11.097 6.717 -0.305 -6.103
 -9.796 -12.596 -14.864 -15.816 -14.604
 -12.235 -9.613 -6.964 -3.874 -0.566
 2.048 5.197 8.734 9.598 8.876
 9.7 10.262 8.744 7.966 9.74
 11.248 10.618 9.939 10.24 10.001
 9.682 9.682
 -2.664 0.041 2.584 5.585 8.565
 11.502 15.452 19.901 21.896 19.41
 13.482 7.609 2.916 -1.895 -6.135
 -8.755 -10.333 -11.76 -12.627 -12.32
 -11.08 -9.179 -6.505 -3.629 -2.033
 -2.06 -2.718 -2.4 -0.177 2.562
 4.699 6.909 9.06 10.273 11.043
 11.416 10.851 10.34 10.943 12.305
 13.825 14.853 14.79 14.248 15.158
 16.781 16.853 16.947 18.404 20.997
 25.404 29.549 30.7 28.679 23.731
 17.259 11.165 6.162 3.233 2.355
 1.986 1.656 1.82 2.239 2.872
 3.281 2.814 2.052 2.11 3.532
 5.283 5.885 5.432 3.599 -1.594
 -9.226 -14.742 -16.486 -16.628 -15.749
 -13.399 -10.061 -7.166 -6.252 -6.644
 -6.589 -4.9 -0.889 3.511 5.219
 3.394 0.044 -2.004 -2.033 -0.568
 2.088 5.15 6.905 6.177 3.77
 1.671 1.211 1.959 2.845 2.428
 0.27 -0.826 -3.0E-3 1.001 1.628
 2.399 4.0 5.554 5.306 4.04
 3.342 2.662 3.046 4.849 6.285
 6.976 7.352 6.886 5.71 5.221
 6.024 7.625 9.936 11.742 11.106
 8.939 7.424 6.567 6.452 8.41
 11.504 12.151 7.987 0.998 -4.655
 -8.507 -11.724 -14.288 -15.593 -14.953
 -13.043 -10.752 -8.291 -5.137 -1.628
 1.329 4.802 8.274 8.929 8.076
 9.027 10.177 9.341 9.125 11.262
 12.823 11.926 10.672 10.343 9.595
 8.745 8.745
 -1.791 0.446 2.369 4.904 7.695
 10.573 14.432 18.851 21.036 18.957
 13.744 8.433 3.921 -0.882 -5.346
 -8.202 -9.644 -10.723 -11.709 -12.104
 -11.467 -9.554 -6.677 -4.021 -2.679
 -2.462 -2.506 -1.688 0.578 3.101
 4.778 6.414 8.411 9.899 11.138
 12.146 11.91 10.975 10.811 11.718
 13.251 14.411 14.488 14.098 14.963
 16.559 16.852 17.097 18.426 20.853
 25.406 30.152 31.917 29.867 24.747
 18.634 12.792 7.359 3.706 1.745
 0.406 0.331 1.668 2.869 3.596
 3.857 3.171 2.108 1.876 3.535
 6.18 7.42 6.813 4.734 -0.455
 -8.267 -14.275 -16.518 -16.924 -16.228
 -13.933 -10.291 -7.202 -6.665 -7.631
 -7.989 -6.413 -2.148 2.644 4.428
 2.433 -0.983 -3.091 -3.126 -1.435
 1.361 4.06 5.153 4.204 2.097
 0.217 -0.357 0.311 1.435 1.353
 -0.612 -1.64 -0.736 0.418 1.233
 2.087 3.594 5.074 4.984 4.087
 3.66 3.149 3.745 5.546 6.744
 7.33 7.699 7.143 6.019 5.664
 6.402 7.857 9.96 11.64 10.999
 8.611 6.763 5.637 5.516 7.971
 11.797 12.95 9.021 2.181 -3.394
 -7.378 -10.873 -13.737 -15.38 -15.206
 -13.815 -11.882 -9.391 -5.885 -1.917
 1.493 5.05 8.208 8.885 8.298
 9.318 10.749 10.333 10.108 12.056
 13.646 12.667 10.808 9.714 8.729
 8.041 8.041
 -0.813 0.767 2.35 4.733 7.378
 10.199 14.047 18.478 20.833 19.353
 14.903 9.811 5.112 0.118 -4.698
 -8.057 -9.703 -10.621 -11.466 -11.974
 -11.579 -9.746 -6.924 -4.407 -2.789
 -1.799 -1.09 -0.116 1.515 3.211
 4.341 5.773 7.88 9.685 11.322
 12.876 12.99 11.796 11.093 11.62
 12.972 14.049 14.252 14.193 14.964
 16.171 16.552 17.152 18.76 21.311
 25.773 30.902 33.445 31.101 24.902
 18.414 13.171 8.453 4.702 1.588
 -0.624 -0.247 2.135 3.96 4.718
 4.631 3.524 2.267 2.077 3.959
 6.964 8.356 7.64 5.642 0.645
 -7.288 -13.738 -16.498 -17.24 -16.684
 -14.278 -10.371 -7.415 -7.494 -8.856
 -9.079 -7.098 -2.495 2.309 3.668
 1.18 -2.487 -4.711 -4.578 -2.58
 0.117 2.335 3.088 2.383 0.83
 -0.841 -1.601 -1.0 0.191 0.121
 -1.77 -2.638 -1.548 -0.288 0.609
 1.647 3.326 4.946 5.119 4.516
 4.072 3.371 3.87 5.624 6.723
 7.167 7.528 7.228 6.431 6.136
 6.576 7.781 9.902 11.711 11.189
 8.582 6.318 5.111 5.346 8.301
 12.525 13.925 10.157 3.334 -2.385
 -6.537 -10.233 -13.297 -15.046 -15.197
 -14.389 -12.787 -10.118 -6.343 -2.199
 1.551 5.17 7.995 8.747 8.535
 9.671 11.398 11.392 10.911 12.238
 13.757 13.221 11.428 9.817 8.526
 7.956 7.956
 0.262 1.346 2.832 4.952 7.204
 9.787 13.398 17.542 19.719 18.687
 15.049 10.393 5.893 0.92 -4.341
 -8.267 -10.057 -10.811 -11.498 -11.934
 -11.708 -10.334 -8.191 -6.219 -4.509
 -2.765 -1.143 0.368 1.86 2.935
 3.642 5.192 7.594 9.781 11.953
 14.02 14.264 12.72 11.515 11.613
 12.573 13.253 13.3 13.54 14.546
 15.787 16.473 17.399 19.123 21.692
 26.057 31.533 34.875 32.386 24.769
 17.429 12.702 9.081 5.647 1.887
 -0.669 -0.025 2.798 5.102 6.023
 5.642 4.131 2.677 2.496 4.367
 7.401 8.979 8.522 6.844 1.972
 -6.226 -13.129 -16.339 -17.351 -16.801
 -14.31 -10.474 -8.028 -8.947 -10.6
 -10.236 -7.435 -2.478 2.099 2.97
 0.201 -3.444 -5.723 -5.797 -4.019
 -1.53 0.609 1.523 1.118 -0.255
 -2.045 -3.069 -2.463 -1.09 -1.111
 -3.016 -3.708 -2.188 -0.592 0.362
 1.401 3.072 4.592 4.786 4.272
 3.641 2.636 2.927 4.583 5.782
 6.433 6.978 6.904 6.403 6.312
 6.706 7.876 10.127 12.003 11.478
 8.593 5.896 4.66 5.343 8.778
 13.206 14.767 11.342 4.696 -1.375
 -6.02 -9.984 -13.176 -14.956 -15.379
 -15.233 -14.031 -11.09 -6.954 -2.595
 1.504 5.183 7.696 8.487 8.539
 9.756 11.724 12.13 11.647 12.443
 13.666 13.468 11.882 10.019 8.564
 8.031 8.031
 1.107 2.299 3.538 4.794 6.333
 8.767 12.587 17.076 19.366 18.629
 15.679 11.247 6.582 1.459 -4.121
 -8.306 -10.328 -11.563 -12.526 -12.812
 -12.371 -11.014 -9.185 -7.637 -6.057
 -3.975 -1.848 -0.045 1.368 2.062
 2.692 4.585 7.12 9.358 11.979
 14.709 15.292 13.595 12.031 11.763
 12.377 12.655 12.478 12.914 14.059
 15.278 16.231 17.455 19.163 21.579
 25.75 31.355 35.417 33.086 24.405
 16.071 11.532 8.955 6.166 2.296
 -0.42 0.117 3.048 5.881 7.106
 6.723 5.234 3.66 3.307 5.096
 8.115 9.764 9.395 7.887 3.126
 -5.255 -12.494 -16.02 -17.16 -16.613
 -14.207 -10.569 -8.488 -9.799 -11.326
 -10.326 -7.189 -2.645 1.238 1.757
 -0.88 -4.203 -6.377 -6.747 -5.508
 -3.374 -1.121 0.367 0.607 -0.45
 -2.257 -3.469 -3.063 -1.873 -2.113
 -4.33 -5.239 -3.42 -1.121 0.458
 1.882 3.721 5.127 5.1 4.47
 3.736 2.571 2.602 4.042 5.347
 6.312 7.037 7.07 6.73 6.558
 6.532 7.348 9.432 11.333 11.023
 8.177 5.306 4.186 5.425 9.477
 14.215 15.907 12.539 5.788 -0.747
 -5.684 -9.43 -12.568 -14.764 -15.909
 -16.504 -15.489 -12.18 -7.688 -2.944
 1.576 5.146 7.214 7.884 7.972
 9.25 11.576 12.476 12.09 12.376
 13.25 13.545 12.485 10.547 8.921
 8.397 8.397
 2.252 3.736 4.691 5.161 6.155
 8.544 12.778 17.926 20.607 20.214
 17.485 12.431 7.025 1.708 -4.02
 -8.34 -10.731 -12.705 -13.999 -13.898
 -12.894 -11.278 -9.482 -8.002 -6.422
 -4.259 -2.052 -0.489 0.492 1.044
 1.918 3.885 6.081 8.234 11.316
 14.441 15.186 13.74 12.479 12.383
 12.959 12.956 12.483 12.809 13.849
 14.94 16.013 17.523 19.414 21.798
 25.685 31.015 34.923 32.244 23.112
 14.621 10.473 8.766 6.575 2.801
 0.169 0.62 3.291 6.287 7.857
 7.724 6.412 4.706 4.068 5.647
 8.618 10.417 10.245 8.992 4.412
 -4.131 -11.693 -15.404 -16.667 -16.381
 -14.311 -11.09 -9.446 -10.709 -11.526
 -9.623 -6.222 -2.423 0.474 0.652
 -1.752 -4.83 -6.932 -7.358 -6.276
 -4.328 -2.185 -0.556 0.012 -0.705
 -2.138 -3.202 -3.131 -2.547 -3.29
 -5.863 -7.091 -5.153 -1.973 0.685
 2.764 4.851 6.17 5.705 4.703
 3.961 2.833 2.616 3.755 5.041
 6.179 6.868 6.676 6.221 5.933
 5.815 6.673 8.757 10.766 10.826
 8.254 5.406 4.476 6.245 10.743
 15.479 16.954 13.479 6.657 -0.337
 -5.722 -9.374 -12.488 -15.231 -17.243
 -18.376 -17.139 -13.249 -8.301 -3.085
 1.824 5.312 7.062 7.665 8.014
 9.635 12.162 13.142 12.496 12.051
 12.462 13.123 12.588 10.768 9.194
 8.833 8.833
 3.172 4.732 5.41 5.305 5.869
 8.233 12.738 18.422 21.661 21.77
 19.222 13.52 7.423 1.991 -4.025
 -8.843 -11.735 -14.259 -15.788 -15.223
 -13.276 -11.0 -9.077 -7.615 -6.086
 -4.106 -2.231 -1.121 -0.325 0.607
 2.02 3.986 5.717 7.7 11.007
 14.136 14.684 13.326 12.482 12.908
 13.801 13.742 13.116 13.369 14.279
 15.089 15.968 17.575 19.786 22.579
 26.713 31.987 35.585 32.525 23.139
 14.563 10.443 8.892 6.74 2.79
 0.279 1.004 3.699 6.895 8.782
 8.829 7.688 6.128 5.497 6.789
 9.368 10.971 10.834 9.77 5.322
 -3.282 -11.011 -14.828 -16.313 -16.498
 -14.926 -12.311 -10.942 -11.274 -10.596
 -7.752 -4.444 -1.792 -0.045 -0.096
 -2.225 -5.15 -7.152 -7.572 -6.679
 -4.938 -3.053 -1.654 -1.033 -1.268
 -1.869 -2.403 -2.695 -3.001 -4.476
 -7.465 -9.003 -7.06 -3.106 0.868
 3.985 6.442 7.654 6.707 5.036
 3.904 2.705 2.328 3.356 4.729
 5.907 6.41 5.971 5.321 4.792
 4.529 5.499 7.931 10.273 10.517
 8.057 5.191 4.422 6.718 11.708
 16.551 17.993 14.646 8.025 0.758
 -5.195 -9.099 -12.257 -15.366 -18.108
 -19.668 -18.226 -13.94 -8.593 -2.973
 2.095 5.467 7.074 7.792 8.608
 10.507 12.853 13.758 13.24 12.602
 12.623 13.271 13.109 11.592 10.038
 9.527 9.527
 4.084 5.829 6.274 5.626 5.88
 8.165 12.402 17.846 21.034 21.258
 19.097 13.558 7.407 2.013 -4.313
 -9.671 -12.819 -15.349 -16.715 -15.753
 -13.273 -10.788 -9.003 -7.528 -5.765
 -3.724 -2.279 -1.682 -0.853 0.646
 2.592 4.7 6.402 8.266 11.224
 13.776 13.766 12.111 11.304 12.124
 13.44 13.658 13.325 13.724 14.518
 15.149 16.005 17.765 20.195 23.198
 27.434 32.583 35.954 33.084 24.212
 15.648 11.043 9.093 6.77 2.661
 0.254 1.28 4.071 7.463 9.637
 9.838 8.911 7.684 7.213 8.223
 10.376 11.689 11.412 10.392 5.993
 -2.683 -10.576 -14.486 -16.083 -16.559
 -15.517 -13.851 -13.109 -12.743 -10.793
 -7.04 -3.391 -1.226 -0.138 -0.222
 -2.079 -4.828 -6.651 -7.103 -6.505
 -5.101 -3.723 -2.75 -2.152 -2.014
 -1.843 -1.719 -2.135 -3.097 -5.191
 -8.544 -10.311 -8.683 -4.687 0.091
 4.236 7.341 8.846 7.93 5.897
 4.381 3.04 2.445 3.242 4.513
 5.6 5.971 5.373 4.451 3.501
 2.783 3.504 6.124 8.823 9.415
 7.503 4.902 4.239 6.966 12.291
 17.017 18.401 15.405 9.239 2.021
 -4.265 -8.532 -11.961 -15.569 -19.042
 -20.863 -19.174 -14.633 -8.97 -3.054
 1.987 5.126 6.599 7.566 9.046
 11.355 13.605 14.526 14.263 13.56
 13.291 14.058 14.486 13.321 11.437
 10.333 10.333
 4.681 6.68 6.786 5.499 5.537
 7.841 11.882 17.463 21.529 22.649
 20.531 14.178 7.283 1.644 -5.038
 -11.014 -14.441 -16.625 -17.223 -15.401
 -12.331 -9.98 -8.886 -7.856 -5.978
 -3.692 -2.366 -1.977 -1.054 0.76
 2.865 5.01 6.884 8.78 11.44
 13.599 13.329 11.562 10.66 11.398
 12.743 13.311 13.533 14.143 14.631
 14.779 15.382 17.223 19.962 23.414
 28.131 33.657 37.215 34.38 25.291
 16.146 11.056 9.171 7.142 3.114
 0.793 2.002 4.739 7.93 9.984
 10.185 9.454 8.504 8.197 9.127
 11.131 12.386 12.129 11.215 6.901
 -1.818 -9.964 -14.136 -15.93 -16.669
 -16.126 -15.345 -15.169 -14.364 -11.756
 -7.697 -3.856 -1.654 -0.52 -0.208
 -1.623 -4.277 -6.226 -6.905 -6.559
 -5.458 -4.626 -4.066 -3.39 -2.811
 -1.904 -1.211 -1.712 -3.203 -5.875
 -9.303 -10.644 -9.1 -5.716 -1.103
 3.481 7.12 9.145 8.816 6.97
 5.07 3.373 2.736 3.611 4.893
 5.832 5.953 5.134 3.864 2.305
 1.01 1.508 4.339 7.331 8.188
 6.62 4.21 3.986 7.475 13.066
 17.58 18.995 16.364 10.35 2.873
 -3.82 -8.374 -12.016 -16.243 -20.629
 -22.679 -20.539 -15.425 -9.158 -2.96
 1.85 4.703 6.239 7.605 9.6
 12.136 14.204 15.042 14.909 14.2
 13.813 14.619 15.547 15.112 13.518
 12.168 12.168
 4.876 6.934 6.729 5.036 5.059
 7.579 11.761 17.642 22.114 23.202
 20.795 14.127 6.873 1.12 -5.592
 -11.803 -15.302 -17.195 -17.32 -15.059
 -11.828 -9.727 -9.198 -8.505 -6.405
 -3.801 -2.385 -1.934 -0.924 1.038
 3.192 5.345 7.379 9.28 11.654
 13.652 13.514 11.92 10.954 11.213
 12.139 13.004 13.823 14.631 14.934
 14.703 14.841 16.376 19.228 23.193
 28.43 34.115 37.682 35.143 26.287
 16.789 11.342 9.661 8.021 4.235
 2.024 3.204 5.599 8.23 9.875
 10.08 9.635 8.908 8.858 9.976
 11.869 13.051 12.958 12.362 8.368
 -0.41 -9.201 -14.097 -16.336 -17.412
 -17.295 -16.973 -16.811 -15.416 -12.414
 -8.636 -5.153 -2.972 -1.613 -0.796
 -1.806 -4.692 -7.145 -7.993 -7.572
 -6.424 -5.582 -5.009 -4.258 -3.439
 -2.061 -0.969 -1.367 -2.924 -5.844
 -9.272 -10.123 -8.431 -5.584 -1.548
 2.796 6.326 8.45 8.694 7.399
 5.46 3.51 2.87 3.814 5.086
 5.894 5.644 4.483 2.958 1.005
 -0.484 0.271 3.541 6.691 7.278
 5.451 3.321 4.213 8.838 14.427
 18.353 19.636 17.315 11.507 3.917
 -3.211 -8.374 -12.491 -17.371 -22.587
 -24.693 -21.928 -16.161 -9.34 -2.994
 1.641 4.616 6.656 8.235 9.955
 12.334 14.653 15.878 15.747 14.658
 13.968 14.732 16.073 16.335 15.09
 13.436 13.436
 4.809 7.166 7.102 5.298 5.348
 8.173 12.582 18.302 22.552 23.534
 21.091 14.314 6.899 1.221 -5.484
 -11.965 -15.498 -17.061 -16.9 -14.642
 -11.535 -9.597 -9.449 -8.987 -6.61
 -3.718 -2.263 -1.831 -0.851 1.235
 3.46 5.602 7.867 9.972 12.217
 14.145 14.245 12.948 11.92 11.482
 11.843 13.015 14.341 15.181 15.221
 14.706 14.551 15.858 18.764 23.139
 28.787 34.492 37.92 35.486 26.621
 16.74 11.153 9.916 8.849 5.433
 3.318 4.251 6.088 8.167 9.586
 9.975 9.872 9.308 9.47 10.748
 12.498 13.741 13.975 13.729 10.119
 1.37 -7.968 -13.596 -16.568 -18.379
 -18.819 -18.635 -18.045 -15.95 -12.651
 -9.356 -6.418 -4.226 -2.569 -1.225
 -1.914 -5.356 -8.563 -9.282 -8.201
 -6.637 -5.75 -5.463 -4.998 -4.061
 -2.203 -0.698 -0.955 -2.541 -5.694
 -9.199 -9.727 -7.682 -4.764 -1.064
 2.723 5.724 7.69 8.502 8.047
 6.54 4.598 3.696 4.138 4.95
 5.483 5.067 3.824 2.104 -0.168
 -1.751 -0.835 2.644 5.752 5.981
 3.963 2.279 4.363 10.264 16.155
 19.593 20.512 18.133 12.421 4.928
 -2.5 -8.484 -13.231 -18.583 -24.299
 -26.172 -22.692 -16.419 -9.349 -3.253
 0.881 3.942 6.774 8.939 10.523
 12.627 15.0 16.494 16.436 15.019
 13.974 14.717 16.397 17.129 16.227
 14.493 14.493
 4.574 6.918 6.956 5.283 5.366
 8.193 12.53 17.79 21.733 23.04
 21.117 14.522 7.088 1.578 -5.092
 -11.972 -15.901 -17.41 -16.825 -14.194
 -11.1 -9.64 -9.968 -9.355 -6.405
 -3.21 -1.815 -1.539 -0.631 1.605
 3.853 5.827 8.225 10.615 12.884
 14.818 15.154 14.052 12.807 11.666
 11.545 12.868 14.42 15.328 15.462
 15.002 14.684 15.724 18.659 23.365
 29.133 34.654 38.129 36.093 27.286
 17.035 11.397 10.543 9.784 6.408
 4.13 4.858 6.533 8.53 9.925
 10.362 10.327 9.763 10.012 11.312
 12.979 14.526 15.209 15.207 11.927
 3.419 -6.143 -12.473 -16.514 -19.468
 -20.652 -20.48 -19.338 -16.625 -13.069
 -10.095 -7.456 -5.037 -3.085 -1.597
 -2.429 -6.513 -10.175 -10.438 -8.573
 -6.621 -5.797 -5.932 -5.777 -4.684
 -2.474 -0.66 -0.727 -2.45 -6.086
 -9.789 -9.967 -7.402 -4.113 -0.481
 2.813 5.216 6.911 8.144 8.375
 7.321 5.741 4.83 4.71 4.942
 5.158 4.624 3.266 1.202 -1.348
 -2.879 -1.848 1.689 4.688 4.654
 2.697 1.569 4.436 11.155 17.498
 20.82 21.394 18.809 13.239 5.967
 -1.774 -8.552 -13.805 -19.583 -25.774
 -27.413 -23.361 -16.768 -9.472 -3.497
 0.189 3.202 6.636 9.426 11.114
 13.071 15.436 17.066 17.019 15.193
 13.714 14.494 16.278 17.107 16.701
 15.359 15.359
 4.322 6.321 6.543 5.195 5.108
 7.532 11.593 16.494 20.563 22.809
 21.678 15.312 7.796 2.063 -4.893
 -12.321 -16.863 -18.278 -16.904 -13.464
 -10.174 -9.457 -10.625 -10.059 -6.645
 -3.1 -1.598 -1.282 -0.377 1.855
 4.172 6.192 8.628 11.083 13.319
 15.159 15.497 14.432 13.117 11.873
 11.829 13.466 15.303 16.188 16.183
 15.703 15.195 15.769 18.494 23.413
 29.253 34.573 37.987 36.141 27.443
 17.215 12.043 11.773 11.197 7.749
 5.188 5.543 7.019 9.074 10.61
 11.101 11.03 10.594 11.148 12.472
 14.034 16.027 17.251 17.227 13.918
 5.674 -3.885 -11.128 -16.697 -21.01
 -22.877 -22.506 -20.877 -17.848 -14.061
 -11.005 -8.236 -5.423 -3.255 -1.859
 -2.931 -7.462 -11.384 -11.292 -8.866
 -6.647 -5.783 -6.091 -6.074 -4.839
 -2.599 -0.889 -0.928 -2.619 -6.389
 -10.17 -10.111 -7.121 -3.515 0.041
 2.839 4.675 6.098 7.581 8.15
 7.291 6.283 5.845 5.506 5.26
 5.105 4.309 2.554 0.044 -2.247
 -2.857 -1.257 2.217 4.707 3.82
 1.424 0.699 4.199 11.498 18.439
 22.097 22.622 20.211 15.271 8.11
 -0.541 -8.462 -14.55 -21.151 -27.733
 -28.713 -23.914 -17.163 -9.753 -3.751
 -0.279 2.799 6.67 9.814 11.522
 13.376 15.889 17.784 17.704 15.415
 13.547 14.383 16.156 16.912 17.035
 16.525 16.525
 4.841 6.701 7.273 6.23 5.685
 7.455 11.252 15.827 20.133 23.586
 23.146 16.491 8.361 2.066 -5.157
 -13.067 -18.336 -19.48 -16.866 -12.418
 -9.083 -9.397 -11.624 -11.236 -7.48
 -3.592 -1.77 -1.054 0.078 2.205
 4.501 6.685 9.204 11.607 13.623
 15.019 15.069 14.092 12.909 11.963
 12.536 14.874 17.164 17.748 16.958
 16.073 15.446 15.716 18.23 23.293
 29.231 34.332 37.397 35.491 26.881
 16.729 11.938 12.125 11.934 9.014
 6.641 6.684 7.962 10.136 11.812
 12.153 11.678 11.235 12.195 13.732
 15.48 18.052 19.601 19.199 15.753
 7.946 -1.449 -9.619 -16.879 -22.66
 -25.089 -24.268 -22.083 -19.021 -15.366
 -12.115 -8.933 -5.758 -3.391 -1.923
 -3.048 -7.915 -12.195 -11.98 -8.95
 -6.317 -5.334 -5.678 -5.885 -4.821
 -2.761 -1.214 -1.233 -2.771 -6.421
 -10.197 -10.042 -6.79 -3.001 0.471
 2.941 4.488 5.817 7.435 8.058
 7.21 6.877 7.113 6.638 6.01
 5.6 4.397 1.814 -1.41 -3.377
 -2.926 -0.615 2.979 5.058 3.195
 0.196 -0.149 3.924 11.48 18.804
 23.189 24.423 22.701 18.467 11.147
 1.369 -7.822 -15.425 -23.486 -30.208
 -30.144 -24.563 -17.663 -10.108 -3.999
 -0.645 2.474 6.558 9.899 11.809
 13.74 16.348 18.452 18.327 15.601
 13.385 14.172 15.891 16.623 17.168
 17.517 17.517
 5.741 7.846 8.72 7.901 7.026
 8.253 11.869 15.962 20.025 24.298
 24.326 17.119 8.185 1.557 -5.34
 -13.306 -19.256 -20.193 -16.39 -11.152
 -8.092 -9.465 -12.465 -11.995 -7.893
 -3.812 -1.758 -0.624 0.792 2.728
 4.66 6.632 9.153 11.762 13.828
 14.735 14.286 13.336 12.438 11.899
 12.782 15.325 17.901 18.392 17.069
 15.777 14.922 15.019 17.583 22.823
 28.733 33.58 36.45 34.527 25.773
 15.478 10.806 11.232 11.717 10.025
 8.44 8.331 9.186 11.152 12.874
 13.13 12.142 11.322 12.332 14.271
 16.879 20.446 22.211 21.024 16.95
 9.143 -0.33 -9.047 -17.333 -24.096
 -26.67 -25.172 -22.398 -19.565 -16.563
 -13.248 -9.534 -6.133 -3.644 -2.048
 -3.355 -8.749 -13.412 -12.865 -8.903
 -5.712 -4.63 -4.889 -5.23 -4.441
 -2.618 -1.225 -1.198 -2.568 -6.184
 -10.088 -9.917 -6.442 -2.392 1.217
 3.632 5.066 6.288 7.787 8.122
 7.251 7.797 8.6 7.705 6.747
 6.295 4.499 0.544 -3.639 -5.129
 -3.471 -0.37 3.392 5.198 2.782
 -0.483 -0.47 4.063 11.667 18.898
 23.59 25.379 24.217 20.779 13.901
 3.783 -6.328 -15.832 -25.621 -32.159
 -31.052 -25.134 -18.251 -10.406 -4.011
 -0.684 2.495 6.791 10.264 12.311
 14.274 16.789 18.874 18.617 15.501
 13.014 13.797 15.621 16.534 17.307
 18.009 18.009
 6.5 9.181 10.272 9.514 8.536
 9.518 13.055 16.729 20.19 24.484
 24.744 17.362 7.904 1.15 -5.239
 -13.01 -19.231 -20.204 -16.05 -10.426
 -7.57 -9.633 -12.88 -12.008 -7.588
 -3.561 -1.494 -0.048 1.649 3.415
 4.812 6.208 8.468 11.419 13.921
 14.673 13.893 12.94 12.256 11.917
 12.599 14.84 17.612 18.449 17.164
 15.606 14.349 14.222 16.905 22.265
 28.059 32.79 35.699 33.736 24.599
 14.093 9.703 10.616 11.977 11.488
 10.606 10.327 10.544 11.927 13.475
 13.646 12.303 11.148 12.086 14.553
 18.409 23.095 24.855 22.449 17.148
 9.034 -0.591 -9.663 -18.261 -25.142
 -27.389 -25.543 -22.761 -20.332 -17.874
 -14.243 -9.838 -6.306 -3.863 -2.347
 -4.114 -10.101 -14.854 -13.715 -8.959
 -5.451 -4.288 -4.273 -4.492 -3.812
 -2.092 -0.737 -0.592 -1.859 -5.714
 -9.898 -9.743 -6.141 -1.836 2.03
 4.484 5.783 6.845 8.182 8.104
 7.12 8.575 10.01 8.755 7.412
 6.732 4.127 -1.37 -6.468 -7.228
 -4.149 -0.22 3.519 5.033 2.668
 -0.403 -0.268 4.459 12.097 19.011
 23.32 24.925 24.119 21.992 16.601
 6.982 -3.799 -14.972 -26.116 -32.54
 -31.226 -25.922 -19.245 -10.849 -4.089
 -0.688 2.776 7.377 10.871 12.849
 14.753 17.317 19.714 19.57 16.083
 13.255 13.944 15.834 16.918 17.63
 18.016 18.016
 7.068 10.404 11.792 11.117 10.139
 10.988 14.317 17.797 21.063 24.963
 24.929 17.586 8.015 1.104 -5.144
 -12.503 -18.076 -18.921 -15.294 -10.101
 -7.669 -10.125 -13.286 -11.927 -7.13
 -3.08 -1.037 0.515 2.258 3.88
 5.042 6.129 8.083 11.106 13.769
 14.359 13.481 12.57 11.96 11.84
 12.693 14.968 17.804 18.721 17.327
 15.351 13.638 13.46 16.432 21.951
 27.733 32.653 35.939 33.938 24.063
 12.934 8.636 10.008 12.145 12.692
 12.523 12.262 11.863 12.591 13.906
 13.894 12.248 11.002 12.15 15.257
 20.227 25.702 27.227 23.492 16.664
 8.223 -1.252 -10.44 -18.769 -24.909
 -26.565 -25.118 -23.327 -21.742 -19.672
 -15.472 -10.266 -6.505 -4.101 -2.672
 -4.866 -11.295 -15.844 -14.238 -9.254
 -5.724 -4.435 -4.042 -3.978 -3.231
 -1.404 0.077 0.22 -1.386 -5.816
 -10.03 -9.519 -5.809 -1.357 2.738
 5.169 6.239 7.136 8.444 8.185
 7.124 9.124 11.121 9.963 8.388
 7.094 3.256 -3.806 -9.468 -9.345
 -5.333 -1.42 1.827 3.411 1.92
 -0.657 -0.6 4.371 12.225 18.689
 22.054 22.851 22.292 21.623 18.25
 10.076 -0.7 -12.695 -24.25 -30.775
 -30.515 -26.719 -20.336 -11.377 -4.408
 -0.971 2.889 7.796 11.215 13.124
 15.067 17.892 20.812 20.828 17.06
 14.005 14.479 16.238 17.423 18.032
 17.92 17.92
 7.77 11.29 12.781 12.376 11.742
 12.757 15.591 18.316 21.478 25.287
 24.82 17.463 8.172 1.393 -4.539
 -11.002 -15.561 -16.318 -13.456 -9.33
 -7.914 -10.729 -13.598 -11.796 -6.767
 -2.698 -0.577 1.073 2.709 4.162
 5.33 6.428 8.265 11.19 13.474
 13.455 12.474 11.805 11.512 11.972
 13.402 15.778 18.177 18.56 16.679
 14.164 12.231 12.394 15.861 21.613
 27.542 32.771 36.163 33.604 22.922
 11.482 7.407 9.281 12.32 14.028
 14.64 14.444 13.471 13.49 14.273
 13.727 11.744 10.621 12.142 15.821
 21.696 27.895 29.358 24.451 15.985
 7.113 -1.908 -10.878 -18.488 -23.222
 -23.909 -23.002 -22.969 -23.017 -21.293
 -16.417 -10.572 -6.475 -3.938 -2.452
 -4.938 -11.688 -15.964 -14.307 -9.736
 -6.38 -4.982 -4.255 -3.713 -2.647
 -0.633 1.026 1.198 -0.867 -5.779
 -9.379 -7.971 -4.292 -0.271 3.418
 5.463 6.479 7.704 9.284 9.071
 8.12 10.254 12.434 11.571 9.916
 7.826 2.58 -5.841 -11.776 -11.023
 -6.794 -3.533 -1.012 0.768 0.274
 -1.818 -1.692 3.858 12.028 17.928
 20.43 21.056 21.43 21.673 19.109
 12.143 2.05 -9.747 -20.895 -27.591
 -28.655 -26.068 -20.06 -11.368 -4.878
 -1.641 2.702 8.116 11.563 13.452
 15.717 19.189 22.503 22.209 18.071
 14.924 15.129 16.733 18.147 18.784
 18.194 18.194
 8.764 11.963 13.371 13.519 13.686
 15.305 17.668 19.086 21.582 25.023
 23.961 16.568 7.86 1.57 -3.775
 -9.068 -12.718 -13.555 -11.41 -8.463
 -8.073 -10.97 -13.408 -11.394 -6.424
 -2.289 0.137 1.988 3.591 4.965
 6.084 7.046 8.746 11.543 13.236
 12.425 11.343 10.99 11.072 12.162
 14.074 16.226 17.865 17.657 15.406
 12.554 10.723 11.465 15.507 21.468
 27.368 32.487 35.209 31.83 21.299
 10.445 6.703 9.013 12.944 15.863
 17.323 17.282 15.829 14.796 14.36
 13.021 10.917 9.983 11.455 15.08
 21.455 28.663 30.737 25.119 15.457
 6.271 -2.405 -11.151 -18.123 -21.635
 -21.512 -20.847 -22.165 -23.508 -21.61
 -16.181 -10.284 -6.081 -3.534 -2.027
 -4.037 -10.065 -14.287 -13.677 -10.259
 -7.204 -5.627 -4.608 -3.54 -1.927
 0.358 1.962 1.91 -0.349 -4.723
 -6.911 -4.793 -1.675 1.389 4.094
 5.598 7.195 9.739 12.084 11.928
 10.901 12.563 14.196 13.031 10.935
 8.105 2.076 -6.662 -12.355 -11.29
 -7.142 -4.438 -2.537 -0.746 -0.874
 -3.025 -2.727 3.654 12.11 17.459
 19.525 20.649 22.068 22.325 19.282
 12.679 3.536 -6.979 -16.977 -23.582
 -25.51 -23.875 -18.757 -11.008 -5.327
 -2.431 2.264 8.286 12.053 14.054
 16.743 20.9 24.268 23.303 18.95
 16.03 15.989 17.359 18.963 19.624
 18.545 18.545
 9.84 12.721 13.988 14.437 15.187
 17.328 19.499 19.827 20.696 22.372
 20.671 14.513 7.565 2.152 -2.857
 -7.505 -10.562 -11.488 -10.294 -8.792
 -9.215 -11.69 -13.274 -10.95 -6.069
 -1.786 0.89 2.792 4.502 5.998
 7.087 8.121 9.969 12.442 13.284
 12.102 11.478 11.464 11.651 12.955
 14.832 16.402 17.231 16.629 14.256
 11.341 9.888 11.369 16.043 21.903
 27.043 31.5 33.318 29.082 19.396
 10.207 7.077 9.192 12.737 15.515
 17.227 17.76 16.826 15.458 14.271
 12.627 10.642 9.615 10.342 13.206
 19.168 26.294 28.438 22.879 13.826
 5.407 -2.883 -11.445 -17.825 -20.307
 -19.492 -18.5 -19.843 -21.386 -19.515
 -14.725 -9.763 -5.834 -3.395 -2.003
 -2.726 -6.456 -10.222 -11.354 -9.86
 -7.587 -6.02 -4.962 -3.754 -1.848
 0.539 1.71 1.062 -0.818 -3.224
 -3.684 -2.077 -0.274 2.172 4.645
 6.57 9.518 13.67 16.737 16.515
 15.202 15.835 16.023 13.613 10.584
 7.376 2.129 -4.737 -9.28 -8.653
 -5.423 -3.468 -2.158 -0.484 -0.751
 -3.347 -2.897 3.858 11.741 15.982
 17.234 18.017 19.511 20.08 17.615
 11.883 4.22 -4.294 -12.715 -18.783
 -21.256 -20.8 -16.708 -9.673 -4.526
 -1.911 2.519 8.564 12.805 15.15
 18.074 22.357 25.284 23.657 19.48
 17.168 16.996 17.95 19.534 20.355
 19.259 19.259
 10.217 12.936 14.288 14.677 14.952
 16.188 17.479 17.355 17.205 17.351
 15.786 11.872 7.118 2.535 -2.358
 -6.693 -9.176 -10.074 -9.918 -9.591
 -10.193 -11.868 -12.561 -10.13 -5.697
 -1.714 0.945 3.003 4.954 6.479
 7.463 8.879 11.309 13.499 13.718
 13.034 13.35 13.435 13.319 14.246
 15.404 16.021 16.089 15.306 13.304
 11.099 10.342 12.126 16.415 20.908
 24.542 28.553 30.311 25.866 17.323
 10.362 8.0 8.985 10.836 12.463
 13.794 14.8 15.208 14.991 14.353
 12.896 10.971 9.791 9.73 11.331
 15.415 20.235 21.199 16.876 10.53
 4.035 -3.358 -10.939 -16.146 -17.723
 -16.415 -14.881 -15.372 -16.379 -15.359
 -12.547 -9.042 -5.388 -2.862 -1.562
 -1.176 -2.621 -5.339 -7.481 -8.034
 -7.233 -6.073 -5.202 -4.332 -2.76
 -0.76 -0.124 -1.1 -2.137 -2.412
 -1.705 -0.925 0.213 2.935 5.633
 7.887 11.663 16.526 19.649 19.566
 18.662 18.647 17.215 13.517 9.769
 6.563 3.039 -0.792 -3.619 -3.688
 -2.051 -1.35 -0.971 0.146 -0.25
 -2.497 -1.614 4.39 10.488 13.177
 13.421 13.619 15.354 16.883 15.164
 10.276 4.468 -1.877 -8.547 -13.464
 -15.757 -15.686 -12.062 -5.88 -1.667
 0.264 3.649 8.828 13.132 15.772
 18.684 22.481 24.641 22.749 19.063
 17.353 17.132 17.456 18.686 19.841
 19.552 19.552
 9.684 11.701 13.267 14.065 13.662
 13.108 12.626 12.249 12.582 12.823
 12.018 9.73 6.368 2.43 -2.122
 -5.836 -7.578 -8.407 -9.01 -9.18
 -9.43 -10.34 -10.682 -8.889 -5.571
 -2.387 0.137 2.514 4.736 6.405
 7.735 9.884 13.024 15.198 15.227
 14.913 15.243 14.683 13.767 13.937
 14.507 14.542 14.277 13.873 13.174
 12.706 12.902 14.21 16.604 18.665
 20.831 24.449 26.229 22.526 15.796
 10.863 8.949 8.476 8.737 9.716
 10.634 11.477 12.936 14.334 14.641
 13.238 11.079 9.746 9.138 9.271
 10.87 13.068 13.252 10.729 7.025
 2.605 -2.95 -8.685 -12.678 -13.872
 -12.649 -11.273 -11.303 -11.652 -11.324
 -10.199 -7.801 -4.384 -1.83 -0.564
 0.204 -0.229 -1.962 -4.088 -5.782
 -5.95 -5.004 -4.536 -4.463 -3.664
 -2.245 -1.86 -2.894 -3.491 -2.694
 -1.64 -1.145 0.208 3.268 5.914
 7.809 11.325 15.893 18.877 19.672
 19.908 19.802 17.445 13.278 9.566
 6.8 4.796 3.174 1.586 1.047
 1.266 0.816 0.482 1.043 0.769
 -0.437 0.685 4.836 8.848 10.789
 11.029 11.339 13.291 14.72 12.686
 8.539 4.295 -0.779 -6.068 -9.365
 -10.521 -9.794 -6.227 -1.135 1.989
 3.278 5.73 10.099 14.184 16.466
 18.651 21.643 23.363 22.076 19.417
 18.17 17.959 17.867 18.618 19.761
 19.968 19.968
 8.266 9.517 11.174 12.556 11.907
 10.044 8.152 7.773 9.23 10.378
 10.107 8.18 5.323 2.126 -1.501
 -4.209 -5.467 -6.514 -7.514 -7.745
 -7.601 -7.944 -8.279 -7.409 -5.328
 -2.982 -0.74 1.629 3.996 6.238
 8.543 11.439 14.748 16.738 16.702
 16.113 15.539 14.304 12.948 12.616
 13.033 13.026 12.847 13.109 13.691
 14.5 15.291 16.163 16.972 17.453
 18.958 21.614 22.308 19.407 14.782
 11.268 9.351 7.864 7.42 8.407
 9.37 10.342 12.436 14.56 15.017
 13.433 11.215 9.834 8.844 7.853
 7.577 7.977 7.671 6.037 3.66
 0.98 -2.222 -5.712 -8.432 -9.558
 -9.239 -9.012 -9.258 -8.984 -8.59
 -8.122 -6.369 -3.372 -0.84 0.473
 0.834 0.152 -1.092 -2.571 -3.967
 -3.977 -3.167 -3.412 -4.122 -3.859
 -2.81 -2.54 -3.771 -4.58 -3.747
 -2.954 -2.718 -1.562 0.962 3.52
 5.769 9.148 13.014 15.87 17.636
 18.611 18.576 16.62 13.388 10.794
 9.077 7.823 6.499 4.806 3.894
 3.625 2.96 2.621 2.949 2.638
 1.92 2.706 5.173 7.898 9.987
 11.077 11.78 12.897 12.599 9.714
 6.288 2.93 -1.484 -5.629 -7.557
 -7.677 -6.046 -1.896 2.944 5.687
 6.776 8.558 11.976 15.386 17.134
 18.642 21.01 22.692 22.395 20.904
 20.149 20.441 20.881 21.617 22.209
 21.661 21.661
 6.921 7.582 8.324 9.108 8.717
 7.462 6.115 6.092 7.459 8.184
 7.681 6.207 4.281 1.943 -0.943
 -2.999 -3.97 -5.104 -6.266 -6.587
 -6.222 -5.999 -6.099 -5.659 -4.373
 -2.87 -1.394 0.299 2.347 4.9
 8.015 11.453 14.526 15.989 15.614
 14.572 13.674 12.938 12.28 12.111
 12.337 12.182 12.082 12.599 13.27
 13.831 14.538 15.597 16.435 16.974
 18.547 20.495 20.308 17.939 14.748
 11.856 9.298 6.759 5.729 6.649
 8.1 9.693 11.598 13.173 13.59
 12.583 11.163 10.215 9.244 7.985
 7.007 6.295 5.087 3.259 1.304
 -0.352 -2.08 -4.194 -6.108 -7.161
 -7.325 -7.419 -7.415 -6.779 -6.351
 -6.057 -4.675 -2.293 -0.016 1.153
 0.972 -0.033 -1.026 -1.85 -2.525
 -2.287 -1.92 -2.692 -3.481 -3.316
 -2.728 -2.859 -4.206 -5.005 -4.401
 -4.3 -4.971 -4.906 -3.403 -0.724
 2.622 6.303 9.552 12.149 14.033
 14.805 14.83 14.146 12.844 11.904
 11.217 10.045 8.105 6.009 5.219
 5.315 4.975 4.81 5.04 4.512
 3.676 3.936 5.334 7.097 8.799
 10.039 10.643 10.711 9.363 6.697
 4.119 1.351 -2.223 -5.22 -6.367
 -6.06 -3.829 1.084 6.427 9.355
 10.17 11.009 13.008 15.342 16.934
 18.493 20.591 22.176 22.446 21.818
 21.77 22.828 23.819 24.399 24.228
 22.611 22.611
 5.003 5.157 5.068 5.257 5.308
 4.8 4.158 4.477 5.287 5.192
 4.554 3.794 2.62 0.797 -1.353
 -2.626 -3.099 -3.861 -4.779 -5.149
 -4.794 -4.317 -4.252 -3.873 -2.952
 -2.21 -1.669 -0.763 0.846 3.105
 5.827 8.601 10.798 11.84 11.769
 11.396 11.42 11.561 11.353 11.153
 11.083 10.856 10.786 11.138 11.407
 11.344 11.663 12.73 13.726 14.343
 15.746 17.468 17.128 14.675 11.729
 9.25 6.939 4.591 3.727 4.727
 6.535 8.341 9.529 10.293 10.684
 10.301 9.67 9.225 8.624 7.691
 6.575 5.115 3.222 1.367 -0.244
 -1.631 -3.051 -4.434 -5.285 -5.545
 -5.49 -5.404 -5.041 -4.268 -3.868
 -3.5 -2.349 -0.782 0.852 1.703
 1.412 0.62 -0.243 -1.05 -1.669
 -1.661 -1.772 -2.583 -3.047 -2.956
 -2.833 -3.157 -4.093 -4.492 -4.234
 -4.853 -6.134 -6.558 -5.492 -3.013
 0.479 3.953 6.613 8.562 9.627
 9.955 10.449 11.116 11.444 11.474
 11.006 9.563 7.198 5.157 4.952
 5.754 5.768 5.539 5.664 5.315
 4.789 4.995 5.783 6.417 6.746
 7.082 7.396 7.252 5.967 3.757
 1.578 -0.397 -2.258 -3.395 -3.428
 -2.639 -0.335 4.087 8.716 11.226
 11.908 12.528 13.766 15.279 16.693
 17.943 18.923 19.409 19.472 19.385
 19.902 20.841 20.902 20.304 19.461
 17.811 17.811
 2.878 2.624 1.88 1.597 1.91
 2.01 1.849 2.121 2.331 1.728
 1.122 0.872 0.406 -0.623 -2.011
 -2.752 -2.752 -2.902 -3.358 -3.662
 -3.466 -3.18 -3.24 -2.904 -2.153
 -1.825 -1.77 -1.281 -0.187 1.16
 2.756 4.513 6.01 7.057 7.545
 7.769 8.206 8.383 8.153 8.246
 8.494 8.42 8.173 8.148 8.176
 7.925 8.05 8.889 9.583 9.772
 10.498 11.649 11.293 9.347 7.199
 5.54 4.011 2.387 1.977 3.014
 4.565 5.774 6.049 6.264 6.751
 6.757 6.474 6.24 5.84 5.181
 4.36 3.24 1.855 0.488 -0.913
 -2.181 -3.321 -4.347 -4.828 -4.622
 -4.137 -3.664 -2.937 -1.986 -1.519
 -1.126 -0.264 0.599 1.559 2.188
 2.18 1.762 0.886 -0.239 -1.204
 -1.409 -1.505 -2.077 -2.355 -2.395
 -2.503 -2.81 -3.379 -3.484 -3.342
 -3.996 -5.01 -5.179 -4.256 -2.511
 -0.068 2.44 4.509 5.956 6.446
 6.679 7.348 7.964 8.175 7.971
 7.445 6.602 5.248 4.175 4.59
 5.512 5.316 4.916 5.148 5.167
 4.964 5.066 5.231 4.926 4.251
 3.99 4.193 4.012 2.985 1.547
 0.414 -0.225 -0.521 -0.303 0.459
 1.383 2.971 6.015 9.499 11.448
 11.925 12.576 13.628 14.505 15.149
 15.446 15.198 14.743 14.518 14.519
 14.874 14.936 13.827 12.51 11.938
 11.374 11.374
 0.425 0.178 -0.366 -0.469 -0.265
 -0.594 -1.176 -1.026 -0.613 -0.842
 -1.184 -1.349 -1.605 -2.05 -2.557
 -2.525 -2.095 -1.851 -1.901 -2.078
 -2.044 -2.058 -2.363 -2.122 -1.4
 -1.095 -1.127 -0.889 -0.3 0.244
 0.901 1.816 2.743 3.677 4.356
 4.749 5.149 5.012 4.451 4.47
 4.844 4.892 4.616 4.611 4.782
 4.472 4.32 4.824 5.078 4.704
 4.695 4.948 4.011 2.284 0.978
 0.56 0.696 0.564 0.66 1.266
 2.143 2.924 3.08 3.259 3.555
 3.282 2.76 2.393 2.054 1.6
 1.1 0.562 -0.026 -0.728 -1.73
 -2.58 -3.129 -3.523 -3.379 -2.713
 -2.208 -2.072 -1.637 -0.742 -0.283
 -0.098 0.338 0.798 1.575 2.166
 2.132 1.715 0.943 -0.017 -0.834
 -0.934 -0.927 -1.322 -1.4 -1.285
 -1.275 -1.575 -2.249 -2.405 -2.032
 -2.116 -2.545 -2.494 -1.921 -0.987
 0.489 2.106 3.495 4.471 4.773
 5.051 5.496 5.403 4.944 4.534
 4.42 4.55 4.135 3.383 3.59
 4.225 3.996 3.83 4.324 4.463
 4.213 4.187 4.223 3.828 3.187
 3.014 3.135 2.752 1.863 1.12
 0.918 1.124 1.496 2.219 3.26
 4.063 4.955 6.773 8.934 9.929
 10.092 10.944 12.048 12.421 12.284
 11.766 10.691 9.546 8.836 8.522
 8.612 8.506 7.637 6.749 6.495
 6.242 6.242
 -0.663 -0.799 -1.583 -2.135 -2.243
 -2.421 -2.544 -2.13 -1.748 -2.043
 -2.363 -2.336 -2.141 -1.996 -2.079
 -1.907 -1.44 -1.172 -1.193 -1.159
 -0.773 -0.586 -0.982 -1.025 -0.522
 -0.279 -0.416 -0.485 -0.453 -0.626
 -0.56 0.077 0.969 1.875 2.295
 2.199 2.195 1.968 1.344 1.152
 1.497 1.607 1.129 0.8 0.79
 0.403 0.242 0.888 1.397 1.233
 1.115 0.74 -0.617 -1.635 -1.726
 -1.403 -1.044 -1.275 -1.463 -1.083
 -0.226 0.58 0.575 0.463 0.487
 0.12 -0.165 -0.199 -0.501 -0.945
 -0.939 -0.704 -0.739 -1.189 -2.016
 -2.356 -2.1 -2.095 -2.318 -2.282
 -1.97 -1.658 -1.136 -0.309 -0.063
 -0.3 -0.246 0.181 1.117 1.76
 1.577 0.913 0.21 -0.108 -0.258
 -0.175 -0.182 -0.449 -0.348 -0.153
 -0.071 -0.302 -0.946 -0.869 0.0E+0
 0.263 -0.265 -0.544 -0.383 -0.075
 0.68 1.814 3.003 3.772 3.693
 3.553 3.708 3.47 3.047 2.924
 3.242 3.81 3.684 3.067 3.45
 4.259 3.945 3.436 3.673 3.822
 3.56 3.334 3.307 3.259 3.235
 3.58 3.925 3.705 3.223 3.055
 3.254 3.555 3.783 4.076 4.34
 4.214 4.527 6.259 8.327 8.837
 8.323 8.582 9.085 8.838 8.346
 7.809 6.979 6.242 5.769 5.415
 5.615 5.871 5.219 4.373 4.249
 4.407 4.407
