 -6.7419E-5 -6.6025E-5 -2.5178E-5 4.9392E-5 6.7713E-5
 3.3385E-5 3.7059E-5 4.4984E-5 3.8697E-5 4.602E-6
 -3.3914E-5 -5.0931E-5 -6.6065E-5 -8.6318E-5 -8.6418E-5
 -7.1901E-5 -2.8556E-5 1.9195E-5 8.9099E-6 1.6638E-5
 1.8686E-5 1.2073E-5 2.1985E-5 6.1712E-5 -1.3135E-5
 -1.4083E-5 -1.194E-5 3.772E-5 4.0473E-5 4.7045E-5
 5.7964E-5 1.1158E-5 -5.0191E-5 -7.0646E-5 -2.0563E-5
 9.8763E-8 1.3228E-5 2.1402E-5 3.2239E-5 3.6633E-5
 3.828E-5 -2.3715E-5 -2.6261E-5 9.079E-6 1.0632E-5
 1.7019E-5 -1.6147E-6 -1.202E-6 -5.8339E-7 -1.7132E-5
 5.8505E-7 -3.3159E-5 1.3057E-5 2.4298E-5 1.0142E-5
 4.3217E-6 5.3714E-5 7.7538E-5 -2.2558E-5 -1.2817E-4
 -1.9272E-4 -1.7476E-4 -1.44E-4 -1.0283E-4 -7.8272E-5
 -6.0611E-5 -7.4584E-5 -5.4636E-5 -4.2103E-5 -5.5403E-5
 -8.2913E-5 -9.4102E-5 -9.994E-5 -1.1111E-4 -1.1566E-4
 -5.1527E-5 9.469E-6 2.1745E-5 -2.689E-6 -2.4382E-5
 -1.0371E-5 2.4299E-5 9.3774E-6 4.6835E-6 4.1803E-5
 4.4063E-5 4.1891E-5 3.9279E-5 3.5521E-5 2.751E-5
 2.3398E-5 1.0726E-6 -8.8325E-6 -2.0312E-5 -1.2363E-5
 2.7699E-5 2.8249E-5 7.5534E-6 1.0875E-5 7.8654E-5
 9.3285E-5 8.5061E-5 4.6894E-5 9.1049E-6 5.3354E-6
 -1.5614E-5 -3.1816E-5 2.6379E-5 2.0915E-5 3.3726E-5
 3.65E-5 2.9691E-5 5.7718E-5 2.4047E-5 -4.8641E-5
 -3.4486E-5 -6.7838E-5 -1.3461E-4 -1.8855E-4 -1.6604E-4
 -1.03E-4 -2.1865E-5 2.0352E-5 3.6654E-5 5.077E-5
 4.4286E-5 3.4841E-5 3.0414E-5 2.9461E-5 3.1088E-5
 2.7096E-5 3.5233E-5 2.8279E-5 1.0292E-5 1.2228E-5
 1.3831E-5 1.0015E-5 -1.4787E-5 -6.8221E-5 -7.6027E-5
 -7.5694E-5 -6.5041E-5 -4.8082E-5 -1.0701E-5 7.0378E-5
 7.1748E-5 2.5431E-5 -2.2797E-5 -6.8197E-6 4.1004E-6
 2.1699E-5 5.9494E-5 3.0249E-5 -6.4808E-6 -2.5116E-5
 -2.2771E-5 -1.1568E-5 1.9484E-5 4.9044E-5 4.8765E-5
 3.3616E-5 3.3908E-5 2.2305E-5 1.4808E-5 1.8839E-5
 2.5234E-5 2.5234E-5
 -2.6729E-5 -2.7194E-5 3.8768E-6 5.3892E-5 9.8173E-5
 1.0534E-4 6.6779E-5 5.9744E-5 8.8098E-5 5.7138E-5
 -1.1247E-5 -4.6335E-5 -9.4503E-5 -1.2385E-4 -1.1963E-4
 -8.7942E-5 -3.2474E-5 1.591E-5 2.8161E-5 6.7679E-5
 7.3939E-5 6.3616E-5 7.1076E-5 6.9158E-5 2.4879E-5
 9.6219E-7 5.2249E-6 1.7222E-5 2.1739E-5 2.1353E-5
 3.6829E-5 3.0673E-5 -2.2549E-5 -5.192E-5 -1.7825E-5
 2.7572E-5 5.351E-5 6.0022E-5 6.7573E-5 5.7483E-5
 4.2414E-5 4.535E-6 -2.2342E-5 1.493E-6 2.3132E-5
 3.3194E-5 1.6796E-5 3.7392E-6 -6.2456E-6 -1.0566E-6
 1.5338E-5 -1.9574E-5 1.2056E-5 5.6645E-5 2.244E-5
 1.4765E-5 8.9901E-5 8.566E-5 -5.0069E-5 -1.9013E-4
 -2.5369E-4 -2.4221E-4 -1.9956E-4 -1.5574E-4 -1.0384E-4
 -6.3733E-5 -6.0675E-5 -4.3983E-5 -3.7492E-5 -4.7441E-5
 -6.94E-5 -9.6675E-5 -1.0068E-4 -1.0504E-4 -1.0085E-4
 -1.53E-5 4.747E-5 4.6721E-5 4.0131E-6 -3.2943E-5
 -1.7559E-5 2.4932E-5 3.4779E-5 3.4139E-5 4.4982E-5
 2.7712E-5 1.5121E-5 2.4474E-5 3.8181E-5 3.9604E-5
 2.971E-5 1.0373E-5 -2.6815E-5 -5.0133E-5 -4.1314E-5
 3.2573E-6 4.4796E-5 3.8007E-5 3.5027E-5 5.936E-5
 7.6206E-5 5.3933E-5 1.3203E-5 8.8E-6 1.1084E-5
 2.5969E-6 -1.9954E-5 8.653E-6 3.724E-5 5.7892E-5
 6.4815E-5 5.9793E-5 5.3575E-5 -5.6581E-6 -9.5313E-5
 -1.0511E-4 -1.4167E-4 -2.1227E-4 -1.9963E-4 -1.3701E-4
 -7.2541E-5 -1.8071E-5 3.7694E-5 8.1184E-5 8.1143E-5
 5.2903E-5 2.6082E-5 1.8515E-5 1.8072E-5 2.8676E-5
 3.6368E-5 5.3154E-5 3.8553E-5 1.7128E-5 1.0283E-5
 1.3548E-5 5.6049E-6 -3.265E-5 -8.6592E-5 -8.9611E-5
 -7.9243E-5 -6.5856E-5 -4.0075E-5 -1.1549E-5 3.6628E-5
 3.7793E-5 -1.3066E-5 -7.4391E-6 4.3721E-5 9.637E-5
 1.4147E-4 1.494E-4 1.0258E-4 3.657E-5 -8.0749E-6
 1.8739E-5 4.4434E-5 4.15E-5 6.6261E-5 6.9342E-5
 6.2299E-5 4.5812E-5 1.8116E-5 1.08E-6 6.9516E-6
 2.3527E-5 2.3527E-5
 -2.141E-5 -2.3101E-5 4.6696E-6 4.7555E-5 8.3176E-5
 9.1476E-5 5.8164E-5 8.0392E-5 1.7552E-4 1.5679E-4
 6.229E-5 -2.7878E-5 -1.5044E-4 -1.831E-4 -1.4362E-4
 -7.9529E-5 -1.8951E-5 1.5565E-5 2.6629E-5 7.3837E-5
 9.4143E-5 9.7213E-5 1.1099E-4 1.124E-4 6.6605E-5
 1.4938E-5 8.9564E-6 2.1991E-5 3.6807E-5 3.5323E-5
 5.6529E-5 5.4772E-5 7.5601E-6 -2.9379E-5 -1.3596E-5
 4.1766E-5 8.1107E-5 8.8437E-5 9.6333E-5 7.984E-5
 4.8383E-5 1.7597E-5 -1.5584E-5 9.0986E-7 3.4051E-5
 5.0025E-5 3.2707E-5 1.7761E-5 1.2901E-5 1.8755E-5
 2.7572E-5 -7.9338E-6 5.1292E-5 8.8412E-5 6.407E-5
 4.4359E-5 7.3159E-5 4.9726E-5 -7.6312E-5 -2.1923E-4
 -2.6847E-4 -2.5263E-4 -2.1377E-4 -1.871E-4 -1.4188E-4
 -8.8452E-5 -6.3525E-5 -3.8042E-5 -2.374E-5 -3.5504E-5
 -4.9576E-5 -6.5299E-5 -7.4828E-5 -9.4972E-5 -1.0118E-4
 -1.8186E-5 3.304E-5 2.0784E-5 -2.1254E-5 -4.6836E-5
 -1.8049E-5 2.1538E-5 3.8045E-5 4.9935E-5 6.5083E-5
 4.0108E-5 2.3392E-5 3.5289E-5 3.4507E-5 3.5865E-5
 3.0177E-5 1.5553E-5 -2.1609E-5 -4.1057E-5 -2.5475E-5
 1.2817E-5 5.1111E-5 4.7154E-5 4.0004E-5 5.3351E-5
 6.5365E-5 3.7828E-5 2.4505E-6 1.5367E-5 2.5215E-5
 1.8272E-5 -3.6516E-6 2.1882E-5 6.6652E-5 8.8756E-5
 8.1576E-5 6.5319E-5 5.3313E-5 -3.6226E-6 -1.6979E-4
 -2.4965E-4 -3.0778E-4 -3.3147E-4 -2.5027E-4 -1.586E-4
 -9.8134E-5 -4.6747E-5 3.3935E-5 1.1067E-4 9.3261E-5
 4.3863E-5 2.348E-5 1.3315E-5 -2.73E-5 -1.5353E-5
 2.5988E-5 6.2703E-5 3.8518E-5 1.6434E-5 1.4079E-5
 1.4557E-5 -7.7714E-6 -6.0345E-5 -1.108E-4 -9.4894E-5
 -6.7515E-5 -3.7301E-5 -3.9753E-6 1.5949E-6 1.2894E-5
 2.5081E-5 2.0592E-6 1.2439E-5 5.1688E-5 9.0479E-5
 1.1676E-4 1.1407E-4 1.0237E-4 7.1837E-5 3.6496E-5
 3.5862E-5 1.9681E-5 -3.2899E-5 -1.0564E-5 2.9676E-5
 3.2995E-5 2.6002E-5 1.9939E-5 1.0899E-5 6.9225E-6
 2.0729E-5 2.0729E-5
 1.3882E-5 5.5189E-6 2.12E-5 6.3785E-5 1.0197E-4
 1.0764E-4 8.2501E-5 1.1898E-4 2.1968E-4 1.9154E-4
 6.9749E-5 -4.3254E-5 -1.9305E-4 -2.1684E-4 -1.5511E-4
 -6.9725E-5 -3.5571E-6 3.0105E-5 5.8378E-5 1.2154E-4
 1.5215E-4 1.5715E-4 1.4552E-4 1.3162E-4 1.0072E-4
 4.4023E-5 3.0612E-5 5.1301E-5 7.6748E-5 7.0481E-5
 8.2233E-5 6.7857E-5 1.2962E-5 -1.8802E-5 1.1302E-5
 6.2853E-5 8.2934E-5 7.4774E-5 5.9806E-5 2.8349E-5
 -4.8266E-6 -1.1217E-5 -2.9528E-5 -4.0887E-6 2.5433E-5
 3.226E-5 3.1376E-5 4.2056E-5 3.8803E-5 3.3261E-5
 1.84E-5 -5.3755E-5 5.2156E-6 7.3522E-5 8.6743E-5
 6.0984E-5 6.2066E-5 3.1668E-5 -8.1564E-5 -1.9999E-4
 -1.9528E-4 -1.6559E-4 -1.4229E-4 -1.5912E-4 -1.5338E-4
 -8.4095E-5 -2.7034E-5 1.4271E-5 2.0462E-5 -6.3233E-6
 -2.8575E-5 -5.6963E-5 -6.7262E-5 -6.7854E-5 -9.26E-5
 -4.9107E-5 -3.0318E-6 -9.5442E-6 -4.2598E-5 -4.217E-5
 1.4569E-5 4.3652E-5 5.4289E-5 7.7351E-5 9.2838E-5
 6.1134E-5 4.5507E-5 5.299E-5 3.6637E-5 2.5853E-5
 3.0268E-5 2.5332E-5 -9.4542E-7 -1.0488E-5 -1.655E-6
 1.8251E-5 4.9643E-5 4.9812E-5 4.384E-5 4.9112E-5
 5.2856E-5 3.2845E-5 4.118E-6 1.0581E-5 1.8175E-5
 2.327E-5 1.2784E-5 4.9358E-5 9.7384E-5 1.3101E-4
 1.2742E-4 7.8817E-5 3.2733E-5 -1.6855E-5 -1.9223E-4
 -3.2639E-4 -4.0099E-4 -3.9017E-4 -2.2992E-4 -9.8272E-5
 -6.0488E-5 -4.5672E-5 3.9198E-5 1.3969E-4 1.0238E-4
 3.5698E-5 4.0745E-5 4.3357E-5 -5.9465E-5 -8.0822E-5
 -9.3653E-6 5.1971E-5 3.1085E-5 3.048E-5 3.616E-5
 -1.462E-6 -5.1593E-5 -8.2083E-5 -1.1709E-4 -7.6481E-5
 -3.1497E-5 4.4132E-6 3.3909E-5 3.3931E-5 3.5786E-5
 6.8648E-5 6.8417E-5 6.9717E-5 8.1297E-5 9.8966E-5
 1.1966E-4 1.0102E-4 8.1917E-5 7.4544E-5 4.7688E-5
 4.0537E-5 -1.741E-5 -9.179E-5 -6.926E-5 -2.0948E-5
 -7.312E-6 -1.7759E-5 -1.2144E-5 5.3081E-6 8.8353E-6
 1.9893E-5 1.9893E-5
 4.5961E-5 4.6414E-5 5.738E-5 7.8262E-5 8.2446E-5
 4.9408E-5 -1.434E-6 4.5641E-5 1.6052E-4 1.4046E-4
 3.471E-5 -4.6264E-5 -1.7575E-4 -2.174E-4 -1.6868E-4
 -6.4935E-5 2.0749E-5 8.6342E-5 1.5626E-4 2.0665E-4
 1.9396E-4 1.6595E-4 1.2845E-4 1.1257E-4 1.0827E-4
 6.7287E-5 5.7008E-5 8.3834E-5 1.0033E-4 7.5318E-5
 7.7657E-5 6.0689E-5 3.1248E-6 -2.2468E-5 2.7867E-5
 8.164E-5 1.2512E-4 1.3652E-4 9.1605E-5 2.2495E-5
 -3.7396E-5 -4.5026E-5 -4.9858E-5 -3.0273E-6 3.3879E-5
 2.7866E-5 2.4922E-5 4.3483E-5 4.1224E-5 3.216E-5
 -6.8276E-6 -1.2437E-4 -5.161E-5 4.6578E-5 9.9141E-5
 9.1594E-5 7.2789E-5 3.2429E-5 -5.7287E-5 -1.2012E-4
 -6.947E-5 -4.8486E-5 -4.5285E-5 -7.6404E-5 -9.1163E-5
 -4.7498E-5 1.8956E-6 4.8181E-5 3.8282E-5 -8.8983E-6
 -3.5464E-5 -7.0974E-5 -8.7714E-5 -6.6811E-5 -9.5617E-5
 -8.554E-5 -2.8476E-5 -2.8898E-5 -4.713E-5 1.3365E-6
 1.1869E-4 1.3019E-4 9.9383E-5 1.0607E-4 1.0929E-4
 7.1576E-5 6.076E-5 6.445E-5 4.3364E-5 2.5584E-5
 2.7859E-5 2.8674E-5 1.482E-5 1.1711E-5 1.3304E-5
 2.0485E-5 4.9407E-5 5.6508E-5 4.6016E-5 4.4571E-5
 4.3681E-5 3.1931E-5 1.3567E-5 1.9213E-5 1.4719E-5
 2.8685E-5 3.1323E-5 6.9942E-5 1.1178E-4 1.3993E-4
 1.2796E-4 6.8832E-5 2.2436E-5 -9.0819E-6 -1.6114E-4
 -2.7748E-4 -3.2465E-4 -2.8161E-4 -1.4054E-4 -5.4647E-5
 -5.5437E-5 -5.5857E-5 1.3453E-5 1.0617E-4 7.0572E-5
 9.5196E-6 2.9409E-5 3.7241E-5 -7.456E-5 -1.3612E-4
 -6.6465E-5 1.5885E-5 2.0549E-5 4.5563E-5 4.1389E-5
 -4.9013E-5 -1.2833E-4 -1.1462E-4 -1.1933E-4 -5.6623E-5
 -1.1182E-5 2.1202E-5 5.1648E-5 5.6112E-5 4.9632E-5
 7.9538E-5 9.1346E-5 1.0887E-4 1.2149E-4 1.1973E-4
 1.2086E-4 1.0039E-4 6.8799E-5 5.5888E-5 2.6823E-5
 2.1588E-5 -3.2159E-5 -8.4801E-5 -7.1975E-5 -4.2485E-5
 -3.4752E-5 -5.5393E-5 -3.9909E-5 8.806E-6 1.9953E-5
 2.6974E-5 2.6974E-5
 7.1561E-5 7.46E-5 7.9798E-5 9.0319E-5 9.3161E-5
 6.6676E-5 -7.103E-6 -3.724E-5 4.5208E-5 4.0851E-5
 -1.7231E-6 -6.3507E-6 -1.1182E-4 -1.9182E-4 -1.7416E-4
 -6.0429E-5 2.5115E-5 8.9735E-5 1.7998E-4 2.0308E-4
 1.6197E-4 1.322E-4 1.0493E-4 1.0777E-4 1.1674E-4
 7.9381E-5 7.1354E-5 8.9358E-5 9.4074E-5 7.2906E-5
 7.363E-5 5.0966E-5 -2.6353E-6 -2.5871E-5 2.7943E-5
 9.4584E-5 1.5023E-4 1.3077E-4 7.4238E-5 1.8123E-5
 -3.6352E-5 -3.5472E-5 -2.4747E-5 1.4472E-5 4.4984E-5
 1.7323E-5 9.3366E-6 2.7107E-5 2.9047E-5 2.8859E-5
 -1.8906E-5 -1.8123E-4 -8.82E-5 1.9361E-5 6.7489E-5
 8.2719E-5 7.7851E-5 2.4692E-5 -4.2491E-5 -4.4764E-5
 1.0111E-5 -5.5599E-6 -3.3419E-5 -5.6677E-5 -5.2942E-5
 -3.024E-5 2.7803E-7 4.7922E-5 3.4301E-5 -2.1718E-5
 -5.7145E-5 -9.4321E-5 -1.1036E-4 -9.5512E-5 -1.5059E-4
 -1.5194E-4 -4.7762E-5 -2.1864E-5 -5.5098E-6 7.199E-5
 2.0341E-4 1.8528E-4 1.1702E-4 1.0774E-4 1.0892E-4
 8.2613E-5 7.6683E-5 6.5985E-5 3.8254E-5 2.512E-5
 2.9103E-5 2.7805E-5 1.6204E-5 2.3836E-5 3.2696E-5
 3.9827E-5 6.0379E-5 5.9016E-5 3.1467E-5 2.8856E-5
 3.6289E-5 4.1946E-5 3.8368E-5 4.1502E-5 2.2827E-5
 3.575E-5 4.4895E-5 8.685E-5 1.2766E-4 1.331E-4
 9.8882E-5 4.355E-5 5.1275E-6 -1.8631E-5 -1.9867E-4
 -2.686E-4 -2.6185E-4 -1.9765E-4 -8.2326E-5 -4.1809E-5
 -7.1068E-5 -7.2994E-5 -2.2243E-5 6.0188E-5 3.7093E-5
 -1.6808E-5 -2.0685E-6 2.4654E-6 -6.6215E-5 -1.2207E-4
 -7.9296E-5 3.5021E-6 2.9756E-5 6.0654E-5 2.7456E-5
 -8.941E-5 -1.771E-4 -1.4312E-4 -1.2824E-4 -4.8035E-5
 -8.7727E-6 2.1445E-5 5.8434E-5 6.1417E-5 4.5533E-5
 6.8297E-5 9.4665E-5 1.3922E-4 1.5928E-4 1.3735E-4
 1.1917E-4 1.079E-4 7.0284E-5 2.6873E-5 -3.4417E-5
 -4.3505E-5 -7.4419E-5 -7.969E-5 -5.4335E-5 -3.7752E-5
 -3.8136E-5 -7.2192E-5 -6.1987E-5 5.5143E-6 2.3993E-5
 2.7832E-5 2.7832E-5
 8.3568E-5 7.6274E-5 7.0416E-5 7.6424E-5 8.1497E-5
 5.5506E-5 -3.508E-5 -1.1071E-4 -4.0922E-5 -4.2697E-5
 -5.05E-5 -1.029E-5 -9.5012E-5 -1.7148E-4 -1.6116E-4
 -4.3635E-5 2.2209E-5 5.6128E-5 1.37E-4 1.5512E-4
 1.2602E-4 1.1509E-4 1.0221E-4 1.203E-4 1.2601E-4
 7.9013E-5 6.7675E-5 7.4952E-5 7.9848E-5 7.4018E-5
 7.9216E-5 5.6672E-5 4.8159E-6 -2.2835E-5 2.8654E-5
 1.091E-4 1.453E-4 9.3135E-5 5.0645E-5 1.8829E-5
 -2.714E-5 -1.6094E-5 3.0653E-5 4.4668E-5 4.4904E-5
 -1.5282E-5 -1.6596E-5 7.325E-6 2.0577E-5 3.842E-5
 -9.59E-6 -1.9604E-4 -9.4757E-5 -1.1289E-6 2.1805E-5
 4.7403E-5 7.0096E-5 2.427E-5 -1.9143E-5 1.2924E-6
 2.7592E-5 -5.6128E-6 -4.4042E-5 -6.3787E-5 -4.9841E-5
 -2.9512E-5 -8.4284E-6 3.315E-5 1.9178E-5 -3.6681E-5
 -7.2722E-5 -1.1258E-4 -1.2386E-4 -1.1637E-4 -1.9741E-4
 -2.1141E-4 -6.1572E-5 1.2977E-5 6.8233E-5 1.3384E-4
 2.1018E-4 1.5262E-4 7.5823E-5 6.876E-5 8.496E-5
 7.7051E-5 7.7866E-5 6.4379E-5 3.274E-5 2.1488E-5
 3.0769E-5 2.7436E-5 1.6124E-5 2.4395E-5 2.8308E-5
 3.978E-5 6.5651E-5 6.2059E-5 2.0364E-5 1.4234E-5
 2.865E-5 4.6753E-5 5.0526E-5 5.6618E-5 3.4232E-5
 4.5772E-5 5.8068E-5 9.4772E-5 1.3062E-4 1.2858E-4
 8.5629E-5 3.0487E-5 -9.1971E-6 -3.5527E-5 -2.6008E-4
 -2.8994E-4 -2.2541E-4 -1.5568E-4 -7.7933E-5 -6.1908E-5
 -8.2691E-5 -7.2367E-5 -3.6135E-5 2.2139E-5 3.3045E-6
 -3.6881E-5 -2.1269E-5 -1.2377E-5 -3.854E-5 -7.0673E-5
 -5.8312E-5 -6.4743E-7 3.6744E-5 7.2441E-5 7.5661E-6
 -1.2354E-4 -2.1957E-4 -1.7947E-4 -1.5605E-4 -5.0411E-5
 -1.0203E-5 2.0503E-5 5.3591E-5 5.0699E-5 3.7086E-5
 5.9334E-5 1.0061E-4 1.6072E-4 1.757E-4 1.4007E-4
 1.0799E-4 8.8854E-5 5.4632E-5 1.4653E-5 -6.3685E-5
 -9.7411E-5 -1.2998E-4 -9.1625E-5 -3.8577E-5 -2.6574E-5
 -3.6068E-5 -7.9241E-5 -6.7346E-5 1.7502E-5 3.6369E-5
 3.1219E-5 3.1219E-5
 6.8105E-5 5.9668E-5 5.3227E-5 5.9643E-5 6.129E-5
 3.1435E-5 -6.0838E-5 -1.3646E-4 -5.7435E-5 -7.4156E-5
 -9.1052E-5 -3.1542E-5 -8.5973E-5 -1.3607E-4 -1.2956E-4
 -2.7329E-5 2.3827E-5 4.0114E-5 1.1351E-4 1.4566E-4
 1.3074E-4 1.2578E-4 1.0557E-4 1.2807E-4 1.3166E-4
 7.0481E-5 5.2681E-5 5.1334E-5 5.6613E-5 6.4728E-5
 8.5846E-5 8.4751E-5 3.8142E-5 -9.3084E-6 3.3653E-5
 1.1098E-4 1.0508E-4 4.3671E-5 2.607E-5 1.4687E-5
 -1.3088E-5 1.677E-5 8.0201E-5 4.735E-5 1.4497E-5
 -6.5332E-5 -6.8544E-5 -5.0996E-5 -2.0803E-5 3.7468E-5
 -4.7979E-6 -2.0805E-4 -8.7013E-5 1.6963E-5 1.6385E-5
 7.958E-6 1.8982E-5 1.7306E-6 -1.4283E-6 2.9815E-5
 3.9233E-5 2.1372E-6 -4.1513E-5 -6.9838E-5 -5.9362E-5
 -3.5071E-5 -1.3718E-5 2.185E-5 1.0642E-6 -5.2985E-5
 -7.9471E-5 -1.0805E-4 -1.0558E-4 -1.0727E-4 -2.0902E-4
 -2.4162E-4 -6.3088E-5 3.2939E-5 1.0019E-4 1.4675E-4
 1.8279E-4 1.0536E-4 3.1064E-5 3.8742E-5 6.4436E-5
 5.7604E-5 5.5447E-5 4.9487E-5 2.7564E-5 8.4431E-6
 1.5406E-5 1.2607E-5 3.7684E-7 1.4237E-5 3.6096E-5
 6.5139E-5 9.2065E-5 8.1038E-5 2.8857E-5 1.4325E-5
 2.7219E-5 5.007E-5 6.0422E-5 7.403E-5 4.7751E-5
 6.049E-5 8.0872E-5 1.0977E-4 1.3449E-4 1.2602E-4
 7.346E-5 1.3375E-5 -1.5878E-5 -2.4725E-5 -2.2861E-4
 -2.6851E-4 -2.0335E-4 -1.1439E-4 -5.1049E-5 -5.0653E-5
 -7.1757E-5 -6.0731E-5 -3.6676E-5 4.7396E-6 -1.2593E-6
 -2.4674E-5 -1.3362E-5 -2.3537E-5 -4.3643E-5 -5.9472E-5
 -4.8473E-5 -6.8948E-7 4.5188E-5 7.6288E-5 -1.4596E-5
 -1.5877E-4 -2.6268E-4 -2.0983E-4 -1.9574E-4 -6.3355E-5
 -7.9875E-6 3.0655E-5 5.5631E-5 5.0743E-5 4.3757E-5
 6.6293E-5 1.1088E-4 1.6924E-4 1.744E-4 1.4631E-4
 1.2296E-4 8.7689E-5 4.4652E-5 2.3918E-5 -3.4601E-5
 -7.8721E-5 -1.383E-4 -1.1305E-4 -6.335E-5 -3.6397E-5
 -2.6127E-5 -4.8737E-5 -2.4627E-5 5.179E-5 5.8397E-5
 4.0419E-5 4.0419E-5
 4.6905E-5 4.6051E-5 4.644E-5 5.6098E-5 5.9521E-5
 2.3922E-5 -8.859E-5 -1.8656E-4 -7.2645E-5 -6.4895E-5
 -8.7758E-5 -3.433E-5 -7.3758E-5 -1.0818E-4 -1.0444E-4
 -9.4704E-6 3.8545E-5 4.816E-5 1.1759E-4 1.5717E-4
 1.5044E-4 1.3786E-4 9.1819E-5 1.0182E-4 1.0855E-4
 5.5951E-5 3.9735E-5 3.3483E-5 3.5487E-5 4.7955E-5
 7.7696E-5 9.9098E-5 7.7025E-5 2.347E-5 3.3682E-5
 7.488E-5 4.3528E-5 1.0844E-6 9.8487E-6 1.341E-5
 -7.4394E-6 3.8871E-5 1.0511E-4 6.7499E-5 3.6738E-5
 -2.3868E-5 -3.1988E-5 -4.6846E-5 -4.5971E-5 1.7139E-5
 -2.4158E-5 -2.3187E-4 -7.2175E-5 6.3617E-5 5.6429E-5
 -2.8419E-6 -8.0985E-6 -4.0437E-6 1.0302E-5 4.5041E-5
 5.8755E-5 2.4789E-5 -2.5381E-5 -6.5827E-5 -5.6438E-5
 -2.5432E-5 3.4455E-6 3.1123E-5 -5.2274E-6 -5.6464E-5
 -7.0504E-5 -9.5118E-5 -9.3293E-5 -1.0496E-4 -2.2019E-4
 -2.5136E-4 -5.9153E-5 2.7243E-5 9.0571E-5 1.3881E-4
 1.5825E-4 6.1752E-5 -7.3649E-6 1.3659E-5 4.3287E-5
 3.7804E-5 3.6835E-5 3.8561E-5 2.7348E-5 1.6487E-6
 2.665E-7 -9.5296E-7 -2.6136E-6 2.4485E-5 5.579E-5
 8.6369E-5 1.1047E-4 9.7767E-5 4.773E-5 2.6423E-5
 3.2759E-5 5.6576E-5 7.0093E-5 8.9181E-5 5.9906E-5
 7.3105E-5 1.0116E-4 1.2431E-4 1.388E-4 1.1943E-4
 6.0629E-5 8.5355E-7 -2.035E-5 -1.6386E-5 -1.737E-4
 -2.2768E-4 -1.9307E-4 -9.476E-5 -4.1539E-5 -6.0907E-5
 -9.0845E-5 -8.0263E-5 -5.8297E-5 -1.838E-5 -1.3637E-5
 -2.3225E-5 -1.1716E-5 -3.9717E-5 -5.8028E-5 -6.0661E-5
 -4.5669E-5 -5.7426E-6 3.6768E-5 5.1915E-5 -4.5744E-5
 -1.6925E-4 -2.5897E-4 -2.073E-4 -2.1812E-4 -9.0934E-5
 -2.407E-5 2.9208E-5 6.547E-5 7.5402E-5 6.6839E-5
 7.5534E-5 1.0607E-4 1.5447E-4 1.5351E-4 1.3642E-4
 1.3236E-4 9.7003E-5 4.3771E-5 2.3787E-5 -2.5009E-5
 -5.0256E-5 -1.2238E-4 -1.5499E-4 -1.2908E-4 -6.2487E-5
 -9.4704E-6 -8.9062E-6 1.7487E-5 6.6897E-5 6.7E-5
 4.0005E-5 4.0005E-5
 3.8885E-5 4.5022E-5 4.8094E-5 5.6689E-5 5.8332E-5
 1.1386E-5 -1.377E-4 -2.72E-4 -1.3025E-4 -1.0633E-4
 -1.2542E-4 -5.0301E-5 -6.2497E-5 -8.1421E-5 -8.6789E-5
 -3.6286E-6 4.3691E-5 5.7859E-5 1.264E-4 1.6148E-4
 1.5119E-4 1.147E-4 5.0851E-5 5.6691E-5 7.392E-5
 4.214E-5 3.1079E-5 2.1522E-5 2.0661E-5 3.4309E-5
 6.8354E-5 1.0396E-4 9.6672E-5 5.0137E-5 2.8421E-5
 2.7308E-5 -5.2033E-6 -2.4451E-5 2.1058E-6 2.1598E-5
 1.5023E-5 5.2516E-5 8.7458E-5 6.2517E-5 4.0299E-5
 1.6462E-5 1.1274E-5 -2.8377E-5 -7.5841E-5 -5.5493E-5
 -9.5621E-5 -2.8145E-4 -6.0053E-5 9.3683E-5 8.4829E-5
 -1.0887E-5 -1.6396E-5 -7.677E-7 1.0803E-5 6.0338E-5
 9.1758E-5 5.1889E-5 -8.9276E-7 -4.4255E-5 -3.1382E-5
 -9.214E-7 1.7581E-5 3.2098E-5 -7.8278E-6 -5.0996E-5
 -6.7098E-5 -1.004E-4 -1.0191E-4 -1.1644E-4 -2.2758E-4
 -2.4172E-4 -5.5442E-5 2.7304E-5 9.3746E-5 1.3997E-4
 1.3425E-4 3.2587E-5 -2.2356E-5 -1.1842E-8 3.0229E-5
 2.7626E-5 2.8898E-5 3.0784E-5 2.556E-5 6.4181E-7
 -6.5577E-6 -4.8738E-6 4.4405E-6 3.9541E-5 7.2293E-5
 1.0176E-4 1.237E-4 1.1132E-4 6.669E-5 3.9327E-5
 3.6061E-5 5.6905E-5 7.1763E-5 9.9534E-5 7.2464E-5
 7.7836E-5 9.5925E-5 1.1238E-4 1.1931E-4 9.7464E-5
 5.1835E-5 9.683E-6 -3.877E-6 4.982E-7 -1.2762E-4
 -1.926E-4 -1.7749E-4 -7.9283E-5 -3.7998E-5 -6.8528E-5
 -1.0212E-4 -9.5323E-5 -7.3554E-5 -2.8429E-5 -1.7991E-5
 -2.5415E-5 -1.2119E-5 -4.4696E-5 -5.9057E-5 -5.8685E-5
 -4.8298E-5 -1.8045E-5 1.909E-5 3.1093E-5 -4.7325E-5
 -1.394E-4 -2.2803E-4 -1.9229E-4 -2.1791E-4 -1.0057E-4
 -3.5509E-5 2.6365E-5 7.8602E-5 1.0794E-4 9.9006E-5
 9.5887E-5 1.1722E-4 1.5939E-4 1.4729E-4 1.2511E-4
 1.2969E-4 9.884E-5 4.5485E-5 2.6719E-5 -1.2705E-5
 -2.377E-5 -7.4008E-5 -1.3481E-4 -1.4357E-4 -7.1603E-5
 -3.5692E-6 -4.6832E-6 1.9176E-5 5.8874E-5 6.8609E-5
 4.308E-5 4.308E-5
 2.406E-5 3.7998E-5 4.3496E-5 4.5578E-5 4.306E-5
 1.8481E-6 -1.6167E-4 -3.2086E-4 -1.8544E-4 -1.7932E-4
 -1.9772E-4 -8.3175E-5 -6.0624E-5 -6.0328E-5 -7.0342E-5
 -1.1804E-5 3.5617E-5 7.015E-5 1.4579E-4 1.5833E-4
 1.2785E-4 7.9514E-5 2.8891E-5 4.4057E-5 6.1391E-5
 3.3905E-5 2.6145E-5 1.6391E-5 1.1367E-5 1.9767E-5
 5.9137E-5 1.0171E-4 1.0166E-4 6.7355E-5 2.9466E-5
 -1.8576E-6 -2.8594E-5 -2.9718E-5 4.3628E-6 2.9368E-5
 2.618E-5 4.7888E-5 6.7436E-5 5.4541E-5 3.8978E-5
 3.3311E-5 3.0715E-5 -6.5653E-6 -5.9566E-5 -7.7493E-5
 -1.4838E-4 -3.565E-4 -5.0609E-5 1.1155E-4 1.1573E-4
 1.2138E-5 -1.2859E-5 -1.9449E-5 -1.1863E-5 6.8865E-5
 1.1412E-4 6.1111E-5 1.7512E-5 -2.1074E-5 -1.5742E-5
 8.5632E-6 1.1208E-5 7.0416E-6 -2.5774E-5 -4.6554E-5
 -5.4075E-5 -8.7081E-5 -8.9662E-5 -1.1107E-4 -2.2832E-4
 -2.51E-4 -5.176E-5 4.4937E-5 1.1363E-4 1.4855E-4
 1.1187E-4 1.5092E-5 -1.6979E-5 1.0439E-5 3.5316E-5
 2.6727E-5 2.4936E-5 2.6254E-5 2.8834E-5 1.014E-5
 -7.8949E-7 5.4934E-6 2.2376E-5 5.0921E-5 7.072E-5
 9.4698E-5 1.1143E-4 9.943E-5 5.9765E-5 3.3906E-5
 3.1991E-5 5.2981E-5 6.7893E-5 1.0233E-4 8.0622E-5
 7.8099E-5 7.974E-5 8.7009E-5 8.8835E-5 7.7627E-5
 4.7158E-5 1.585E-5 3.758E-6 1.2606E-6 -1.2215E-4
 -1.9412E-4 -1.7008E-4 -6.7157E-5 -3.5672E-5 -6.9798E-5
 -1.0049E-4 -9.4498E-5 -7.4772E-5 -2.9371E-5 -1.4714E-5
 -2.2249E-5 -9.7504E-6 -4.8969E-5 -5.825E-5 -5.1253E-5
 -3.94E-5 -1.709E-5 9.3932E-6 2.3171E-5 -3.0087E-5
 -1.0039E-4 -1.9864E-4 -1.7558E-4 -2.0372E-4 -8.2139E-5
 -2.6294E-5 3.3058E-5 8.6646E-5 1.1896E-4 1.0799E-4
 1.0789E-4 1.392E-4 1.7242E-4 1.3233E-4 9.8493E-5
 1.096E-4 8.9849E-5 4.2041E-5 2.6952E-5 2.3624E-6
 -5.0001E-6 -3.4808E-5 -8.784E-5 -1.157E-4 -6.0735E-5
 6.6726E-6 1.3089E-7 1.7015E-5 4.6076E-5 6.1524E-5
 3.837E-5 3.837E-5
 1.1313E-5 2.2614E-5 3.272E-5 2.8173E-5 2.5732E-5
 -3.8928E-6 -1.7609E-4 -3.8357E-4 -2.652E-4 -2.5302E-4
 -2.54E-4 -1.1231E-4 -6.1406E-5 -4.5107E-5 -5.7685E-5
 -9.7573E-6 3.3741E-5 7.5342E-5 1.3814E-4 1.2529E-4
 8.3448E-5 5.1342E-5 3.0209E-5 5.0923E-5 5.6712E-5
 2.171E-5 1.9652E-5 1.7238E-5 1.058E-5 8.3288E-6
 5.2435E-5 9.4302E-5 9.1177E-5 6.8581E-5 2.7445E-5
 -1.9598E-5 -4.1216E-5 -3.1049E-5 7.7069E-6 3.4599E-5
 2.6903E-5 3.635E-5 5.2314E-5 4.83E-5 3.7483E-5
 3.7843E-5 3.6774E-5 8.065E-6 -4.6135E-5 -9.0322E-5
 -1.747E-4 -4.0806E-4 -2.0037E-5 1.0631E-4 1.1491E-4
 1.8522E-5 -2.6665E-5 -5.5968E-5 -3.2974E-5 7.4171E-5
 1.0895E-4 4.9439E-5 2.3929E-5 -3.7747E-6 -7.3036E-6
 2.2953E-6 -9.6153E-6 -2.6881E-5 -4.8273E-5 -4.9798E-5
 -3.9457E-5 -5.3285E-5 -6.1692E-5 -1.0841E-4 -2.4853E-4
 -2.7413E-4 -3.5882E-5 6.2396E-5 1.0983E-4 1.2365E-4
 7.7748E-5 9.565E-7 -9.4413E-6 2.411E-5 3.7143E-5
 1.4968E-5 8.3135E-6 1.3146E-5 2.3701E-5 1.1599E-5
 -3.8654E-6 -1.2625E-6 1.2462E-5 3.3466E-5 4.5049E-5
 6.3111E-5 7.2988E-5 6.1428E-5 3.0316E-5 1.823E-5
 3.0571E-5 5.635E-5 6.7408E-5 9.4804E-5 7.2416E-5
 6.5136E-5 6.4574E-5 7.1458E-5 7.077E-5 6.611E-5
 3.9705E-5 3.26E-7 -1.5341E-5 -1.3231E-5 -1.2856E-4
 -1.93E-4 -1.5578E-4 -5.6862E-5 -3.3922E-5 -7.4175E-5
 -1.0598E-4 -9.7887E-5 -7.6183E-5 -2.4569E-5 -5.2939E-6
 -1.2019E-5 -2.5879E-6 -6.3382E-5 -5.9926E-5 -3.5838E-5
 -2.1272E-5 -8.5831E-6 1.0983E-6 1.711E-5 -5.8974E-6
 -5.2583E-5 -1.3563E-4 -1.3204E-4 -1.785E-4 -6.986E-5
 -1.5869E-5 3.7087E-5 8.0621E-5 1.1113E-4 1.0439E-4
 1.1047E-4 1.4646E-4 1.5782E-4 9.4516E-5 5.9095E-5
 7.9525E-5 7.2555E-5 3.3448E-5 2.4178E-5 1.1845E-5
 6.4024E-6 -1.4803E-5 -4.7632E-5 -7.393E-5 -3.9295E-5
 1.1261E-5 -4.3829E-6 9.631E-6 2.7758E-5 4.8638E-5
 3.433E-5 3.433E-5
 -1.0645E-5 -1.46E-7 2.3612E-5 2.1295E-5 1.8301E-5
 -9.1161E-6 -1.83E-4 -4.279E-4 -3.2862E-4 -3.0381E-4
 -2.9935E-4 -1.3563E-4 -5.5713E-5 -2.9047E-5 -5.0877E-5
 -2.335E-6 4.2316E-5 7.2887E-5 1.063E-4 8.4733E-5
 5.2746E-5 4.3654E-5 4.1007E-5 5.569E-5 4.8522E-5
 1.173E-5 1.2887E-5 1.6027E-5 8.5012E-6 -6.0273E-6
 3.5261E-5 7.2094E-5 5.859E-5 5.1336E-5 2.4919E-5
 -1.9879E-5 -4.0833E-5 -3.3228E-5 5.8168E-6 3.2092E-5
 2.2778E-5 2.6227E-5 4.1493E-5 4.605E-5 3.8349E-5
 3.9651E-5 4.0121E-5 2.2134E-5 -2.2541E-5 -5.6408E-5
 -1.2275E-4 -3.6354E-4 -5.7879E-5 1.4807E-5 5.6735E-5
 7.6931E-6 -3.5581E-5 -6.3195E-5 -3.1069E-5 6.3514E-5
 8.6237E-5 4.1661E-5 3.5074E-5 1.9667E-5 4.8535E-6
 -2.2688E-6 -2.3697E-5 -4.9672E-5 -5.708E-5 -4.1571E-5
 -2.6326E-5 -3.5099E-5 -5.033E-5 -1.1672E-4 -2.6784E-4
 -2.7849E-4 -3.3763E-5 5.2422E-5 8.4743E-5 8.5835E-5
 4.4682E-5 -1.0553E-6 9.8387E-6 4.5604E-5 3.909E-5
 4.4757E-6 -3.428E-7 1.1993E-5 1.8887E-5 1.0197E-6
 -2.1736E-5 -2.1539E-5 -5.8861E-6 1.8826E-5 3.4169E-5
 3.9768E-5 2.9431E-5 1.7044E-5 3.8941E-6 1.4648E-5
 3.9956E-5 6.6531E-5 7.0487E-5 8.4698E-5 5.8242E-5
 4.7256E-5 5.3099E-5 6.467E-5 5.9282E-5 5.3952E-5
 3.0996E-5 -6.0831E-6 -1.9786E-5 -1.376E-5 -1.209E-4
 -1.8081E-4 -1.4108E-4 -5.2696E-5 -3.6174E-5 -8.1949E-5
 -1.1231E-4 -1.0007E-4 -7.4013E-5 -1.2488E-5 6.3581E-6
 -7.0785E-6 -9.3398E-6 -9.9537E-5 -7.6543E-5 -2.5528E-5
 3.6247E-6 1.7896E-5 9.6743E-6 1.6459E-5 7.9562E-6
 -2.7606E-5 -9.0203E-5 -9.0333E-5 -1.4718E-4 -5.7529E-5
 -2.0097E-6 4.5185E-5 7.8956E-5 1.0713E-4 1.0903E-4
 1.2125E-4 1.529E-4 1.3938E-4 6.8338E-5 3.5922E-5
 5.588E-5 5.4585E-5 2.622E-5 1.9668E-5 1.3878E-5
 1.5111E-5 1.1228E-5 -6.255E-6 -3.7363E-5 -1.6003E-5
 3.0519E-5 -6.9978E-6 -4.4133E-6 7.1041E-6 3.6572E-5
 2.9572E-5 2.9572E-5
 -2.6867E-5 -2.0018E-5 1.1203E-5 1.3312E-5 6.9273E-6
 -1.9335E-5 -1.9042E-4 -4.4623E-4 -3.5889E-4 -3.3487E-4
 -3.1906E-4 -1.4157E-4 -4.1244E-5 -7.4236E-6 -4.3029E-5
 2.3687E-6 5.87E-5 7.8973E-5 8.4281E-5 5.9188E-5
 4.244E-5 4.2827E-5 3.4457E-5 3.4521E-5 2.8259E-5
 6.5091E-6 1.1179E-5 1.9606E-5 1.0783E-5 -1.5877E-5
 1.7253E-5 3.5711E-5 8.1839E-6 2.1741E-5 2.4566E-5
 -4.5301E-6 -2.0464E-5 -2.4709E-5 2.1648E-6 2.3509E-5
 1.5244E-5 1.731E-5 3.3607E-5 4.0699E-5 3.6119E-5
 3.9338E-5 4.2433E-5 3.2575E-5 2.3462E-6 -1.4131E-5
 -7.3692E-5 -2.8882E-4 -1.1378E-4 -8.8187E-5 -2.6805E-5
 -8.722E-7 -2.1784E-5 -4.1488E-5 -1.5621E-5 4.5463E-5
 6.4534E-5 3.5364E-5 3.2041E-5 2.4815E-5 2.4149E-6
 -1.1297E-5 -2.9579E-5 -6.3717E-5 -6.5526E-5 -3.9186E-5
 -2.3423E-5 -3.4945E-5 -5.5571E-5 -1.2782E-4 -2.7038E-4
 -2.668E-4 -4.217E-5 3.4571E-5 6.3764E-5 5.6824E-5
 2.0144E-5 3.124E-6 3.5329E-5 7.1471E-5 4.0433E-5
 -4.6586E-6 -2.441E-6 1.5677E-5 1.0261E-5 -1.7544E-5
 -3.7091E-5 -3.2462E-5 -1.1195E-5 1.9692E-5 4.0919E-5
 2.6484E-5 -7.9004E-6 -1.3503E-5 -1.2255E-6 2.6042E-5
 4.8598E-5 6.5159E-5 6.3735E-5 7.565E-5 4.9731E-5
 4.3227E-5 5.9886E-5 6.9843E-5 5.2196E-5 4.4586E-5
 3.1958E-5 8.4353E-6 -1.0926E-5 -1.6803E-5 -1.3818E-4
 -2.0334E-4 -1.6148E-4 -7.435E-5 -5.4575E-5 -9.5215E-5
 -1.1323E-4 -9.2744E-5 -6.4323E-5 -2.7946E-6 9.5819E-6
 -1.0643E-5 -2.5937E-5 -1.3896E-4 -1.0569E-4 -3.1121E-5
 1.8718E-5 3.555E-5 1.744E-6 1.1091E-6 4.6298E-6
 -2.3024E-5 -8.4799E-5 -7.5542E-5 -1.2821E-4 -5.2614E-5
 -3.3322E-6 3.6776E-5 6.9547E-5 1.0486E-4 1.2138E-4
 1.3678E-4 1.5501E-4 1.1872E-4 4.9559E-5 2.5125E-5
 4.2609E-5 4.2865E-5 2.0455E-5 1.5974E-5 1.519E-5
 1.9362E-5 2.63E-5 1.9188E-5 -6.2603E-6 1.7024E-5
 5.7246E-5 -9.9024E-6 -2.6265E-5 -1.3556E-5 2.5227E-5
 1.8997E-5 1.8997E-5
 -3.5076E-5 -2.9357E-5 -3.3646E-6 -1.5431E-6 -9.769E-6
 -2.2501E-5 -1.7657E-4 -4.1718E-4 -3.4934E-4 -3.5272E-4
 -3.2648E-4 -1.3967E-4 -2.4281E-5 1.0757E-5 -3.2185E-5
 1.4256E-5 7.7927E-5 9.1376E-5 8.2013E-5 4.6705E-5
 3.0994E-5 2.9782E-5 1.8367E-5 1.6358E-5 1.9381E-5
 7.8123E-6 1.6982E-5 2.8172E-5 1.4392E-5 -1.7417E-5
 8.211E-6 5.9053E-6 -3.1983E-5 -9.3703E-6 1.389E-5
 9.203E-6 7.7413E-6 -9.2233E-6 -3.0979E-6 1.0656E-5
 2.8867E-6 7.7446E-6 2.838E-5 3.327E-5 3.036E-5
 3.6785E-5 4.5306E-5 3.811E-5 1.4239E-5 1.0658E-5
 -3.8974E-5 -2.3762E-4 -1.2854E-4 -1.1786E-4 -4.803E-5
 9.5013E-6 -1.4742E-5 -4.1596E-5 -2.9159E-5 1.3113E-5
 4.07E-5 2.2553E-5 1.6551E-5 1.3631E-5 -1.4425E-5
 -3.3424E-5 -4.0554E-5 -7.2201E-5 -7.0923E-5 -4.0342E-5
 -2.271E-5 -3.2837E-5 -5.424E-5 -1.2305E-4 -2.5336E-4
 -2.5741E-4 -5.2849E-5 2.1225E-5 4.9587E-5 4.1903E-5
 1.2448E-5 1.5466E-5 6.6232E-5 1.0046E-4 4.3803E-5
 -7.806E-6 5.0907E-6 1.9246E-5 -6.0224E-6 -4.507E-5
 -5.5384E-5 -4.0449E-5 -8.2732E-6 3.5975E-5 6.6111E-5
 3.4032E-5 -1.9751E-5 -1.7128E-5 1.6148E-5 4.2223E-5
 4.4913E-5 4.1024E-5 3.342E-5 5.0322E-5 3.8055E-5
 4.943E-5 7.6721E-5 7.3721E-5 3.5091E-5 3.0979E-5
 3.6195E-5 2.6023E-5 -7.1559E-6 -2.84E-5 -1.7767E-4
 -2.4367E-4 -1.9457E-4 -9.5958E-5 -6.1181E-5 -9.3521E-5
 -1.0603E-4 -7.8102E-5 -4.5398E-5 1.3334E-5 2.0278E-5
 -2.582E-6 -2.5696E-5 -1.4499E-4 -1.0904E-4 -3.1554E-5
 2.7593E-5 4.4657E-5 -1.2202E-5 -2.4927E-5 -1.4462E-5
 -2.8248E-5 -8.7815E-5 -8.2124E-5 -1.2237E-4 -5.6223E-5
 -9.4037E-6 2.6651E-5 5.7024E-5 9.9017E-5 1.3312E-4
 1.479E-4 1.5136E-4 1.0676E-4 4.0529E-5 1.8609E-5
 3.3564E-5 3.3609E-5 1.0947E-5 4.9472E-6 5.592E-6
 7.6085E-6 1.8574E-5 2.3542E-5 1.8457E-5 4.2479E-5
 5.9824E-5 -3.6615E-6 -2.822E-5 -1.9893E-5 1.9052E-5
 8.8496E-6 8.8496E-6
 -4.2169E-5 -3.6803E-5 -1.2715E-5 -9.3307E-6 -1.5784E-5
 -1.4877E-5 -1.5901E-4 -4.1131E-4 -3.861E-4 -4.2631E-4
 -3.8174E-4 -1.5117E-4 -1.626E-5 2.0003E-5 -1.8098E-5
 3.8195E-5 1.0784E-4 1.216E-4 1.0488E-4 5.1959E-5
 2.3327E-5 1.5113E-5 1.2039E-5 2.0747E-5 2.9224E-5
 2.1206E-5 3.5437E-5 3.9799E-5 2.0818E-5 -4.1571E-6
 1.4951E-5 -1.6252E-6 -5.1379E-5 -3.7164E-5 -5.3382E-6
 8.1868E-6 2.1361E-5 4.482E-6 1.9951E-6 1.2491E-5
 1.1084E-6 3.8937E-6 2.3346E-5 2.6719E-5 2.7625E-5
 3.7023E-5 4.9732E-5 4.0642E-5 1.5103E-5 1.5146E-5
 -2.5773E-5 -2.2103E-4 -1.2816E-4 -1.3698E-4 -9.4512E-5
 -2.6641E-5 -4.425E-5 -6.2743E-5 -4.6774E-5 -5.8159E-6
 2.6169E-5 8.3227E-6 -3.1868E-6 -5.7393E-7 -2.0947E-5
 -3.7784E-5 -4.1774E-5 -7.7603E-5 -8.1171E-5 -5.3825E-5
 -3.4671E-5 -4.5732E-5 -7.1463E-5 -1.3259E-4 -2.4681E-4
 -2.5493E-4 -5.9604E-5 1.4487E-5 3.8884E-5 2.7859E-5
 4.5813E-6 2.8431E-5 1.0071E-4 1.266E-4 4.4048E-5
 -1.1493E-5 1.005E-5 1.7287E-5 -2.0558E-5 -6.3638E-5
 -6.5283E-5 -3.7349E-5 7.5837E-6 6.0725E-5 9.4768E-5
 5.3487E-5 -1.4338E-5 -1.2045E-5 3.1622E-5 5.5295E-5
 4.0653E-5 1.4355E-5 -1.6456E-6 2.004E-5 2.6025E-5
 5.9039E-5 9.0643E-5 6.4228E-5 4.8892E-7 5.8805E-6
 3.4631E-5 4.2873E-5 -3.0793E-6 -4.0801E-5 -2.2277E-4
 -2.7676E-4 -2.1495E-4 -1.0852E-4 -6.1097E-5 -8.395E-5
 -9.4317E-5 -6.7682E-5 -3.8644E-5 2.0113E-5 3.0966E-5
 7.9092E-6 -2.4706E-5 -1.4872E-4 -1.0905E-4 -2.9177E-5
 3.6619E-5 5.7731E-5 -1.0968E-5 -4.4524E-5 -3.5121E-5
 -3.0666E-5 -7.053E-5 -7.8653E-5 -1.1582E-4 -5.7813E-5
 -1.2224E-5 2.2553E-5 5.3608E-5 1.0092E-4 1.4806E-4
 1.5561E-4 1.4361E-4 9.4619E-5 3.024E-5 1.1514E-5
 3.094E-5 3.5133E-5 8.6557E-6 -1.4448E-6 1.1101E-6
 -1.9148E-7 8.9133E-6 1.9316E-5 2.3074E-5 4.0284E-5
 4.7236E-5 1.0846E-5 -1.0956E-5 -2.2248E-5 2.1272E-6
 -7.5654E-6 -7.5654E-6
 -4.9984E-5 -4.3197E-5 -1.8512E-5 -1.2516E-5 -2.4183E-5
 -3.2705E-5 -2.0118E-4 -4.6501E-4 -4.3306E-4 -4.9334E-4
 -4.562E-4 -1.8145E-4 -2.2023E-5 2.3113E-5 3.2985E-6
 6.6471E-5 1.2672E-4 1.3442E-4 1.1428E-4 4.8446E-5
 2.1069E-6 -7.1581E-6 7.7267E-6 2.9196E-5 3.5709E-5
 2.6672E-5 3.8818E-5 3.4342E-5 1.9874E-5 1.0676E-5
 2.5195E-5 5.6062E-6 -5.0561E-5 -5.419E-5 -2.1983E-5
 1.1001E-5 4.485E-5 2.8899E-5 1.6338E-5 1.9582E-5
 -1.5799E-6 -2.9906E-10 2.1483E-5 2.9194E-5 2.9061E-5
 3.2156E-5 4.5238E-5 3.5273E-5 7.5209E-6 2.7376E-6
 -5.1745E-5 -2.8076E-4 -1.4274E-4 -1.4349E-4 -1.2231E-4
 -5.1756E-5 -6.0118E-5 -6.2755E-5 -3.6702E-5 -6.6344E-6
 8.4751E-6 -1.0956E-5 -1.8302E-5 -7.562E-6 -2.1732E-5
 -3.9456E-5 -4.451E-5 -7.9764E-5 -8.6782E-5 -6.5112E-5
 -4.3266E-5 -5.9727E-5 -1.0116E-4 -1.6249E-4 -2.5815E-4
 -2.5419E-4 -6.4928E-5 7.9838E-6 2.9898E-5 1.6964E-5
 4.6279E-7 3.895E-5 1.1841E-4 1.2908E-4 3.7598E-5
 -1.325E-5 6.1092E-6 4.4147E-6 -3.568E-5 -7.28E-5
 -6.7508E-5 -3.3134E-5 1.9831E-5 7.5061E-5 1.0166E-4
 5.0573E-5 -2.2831E-5 -1.9326E-5 2.937E-5 5.4343E-5
 3.3557E-5 9.901E-9 -1.9454E-5 -9.4111E-7 1.6338E-5
 6.4409E-5 9.3587E-5 5.4439E-5 -2.4712E-5 -1.253E-5
 4.1206E-5 6.8864E-5 1.5633E-5 -4.2135E-5 -2.2654E-4
 -2.7974E-4 -2.4047E-4 -1.4395E-4 -8.1528E-5 -9.0463E-5
 -8.9825E-5 -5.8081E-5 -2.9907E-5 3.0523E-5 4.8416E-5
 2.0605E-5 -2.4714E-5 -1.484E-4 -1.0932E-4 -2.0133E-5
 5.0356E-5 7.0558E-5 -9.8654E-6 -5.9619E-5 -6.0712E-5
 -4.66E-5 -5.9276E-5 -7.5643E-5 -1.1099E-4 -5.8617E-5
 -1.2907E-5 1.987E-5 5.1617E-5 9.8511E-5 1.4769E-4
 1.493E-4 1.3406E-4 8.4472E-5 2.1842E-5 9.2386E-6
 3.1556E-5 3.5077E-5 2.2215E-6 -9.5313E-6 -4.5872E-7
 -2.2645E-6 4.7163E-6 1.4862E-5 1.8006E-5 3.252E-5
 4.3932E-5 2.9026E-5 1.3869E-5 -2.0334E-5 -1.938E-5
 -3.4621E-5 -3.4621E-5
 -5.6574E-5 -5.006E-5 -2.4542E-5 -1.4809E-5 -3.0123E-5
 -5.3942E-5 -2.5583E-4 -5.2365E-4 -4.4745E-4 -4.9217E-4
 -4.7539E-4 -2.059E-4 -3.3886E-5 2.005E-5 1.5257E-5
 7.5382E-5 1.3038E-4 1.4362E-4 1.1914E-4 4.3981E-5
 -2.0274E-5 -2.7072E-5 1.1581E-5 3.8464E-5 3.3093E-5
 2.2719E-5 3.001E-5 2.1222E-5 1.2408E-5 1.4467E-5
 2.4198E-5 3.51E-6 -4.5775E-5 -6.0506E-5 -3.6475E-5
 1.1202E-5 6.3118E-5 4.4939E-5 2.0032E-5 1.3359E-5
 -1.1923E-5 -5.8326E-6 2.1282E-5 3.4365E-5 2.9568E-5
 1.9865E-5 2.6473E-5 1.5732E-5 -1.2194E-5 -1.9732E-5
 -9.7815E-5 -3.8178E-4 -1.7972E-4 -1.6312E-4 -1.349E-4
 -5.6527E-5 -5.9237E-5 -5.4568E-5 -2.1638E-5 -4.7717E-6
 -6.3298E-6 -2.181E-5 -2.536E-5 -1.1673E-5 -1.9602E-5
 -3.5162E-5 -3.833E-5 -6.7486E-5 -8.183E-5 -7.6164E-5
 -5.8114E-5 -7.6187E-5 -1.2835E-4 -1.8562E-4 -2.579E-4
 -2.4173E-4 -6.2606E-5 2.3399E-6 1.3275E-5 6.238E-7
 3.9271E-6 5.654E-5 1.2573E-4 1.0565E-4 1.0223E-5
 -2.996E-5 -9.879E-6 -9.5897E-6 -4.8832E-5 -8.3416E-5
 -7.4371E-5 -3.6288E-5 2.2911E-5 7.3278E-5 8.6746E-5
 3.6537E-5 -3.5871E-5 -3.6887E-5 1.2235E-5 3.87E-5
 1.8987E-5 -8.7891E-6 -2.5763E-5 -9.7013E-6 2.1148E-5
 7.75E-5 9.4892E-5 5.435E-5 -3.1183E-5 -2.8536E-5
 3.9046E-5 7.3811E-5 1.8595E-5 -4.6176E-5 -1.9906E-4
 -2.5445E-4 -2.4744E-4 -1.7037E-4 -1.0327E-4 -1.0663E-4
 -1.0088E-4 -5.7068E-5 -2.0336E-5 4.1566E-5 6.4462E-5
 3.2449E-5 -1.5202E-5 -1.1874E-4 -8.6964E-5 -4.75E-7
 5.832E-5 6.954E-5 -2.3091E-5 -8.1069E-5 -9.0547E-5
 -7.7904E-5 -7.0067E-5 -7.3698E-5 -9.9132E-5 -5.6147E-5
 -1.4095E-5 1.398E-5 4.48E-5 9.6983E-5 1.5529E-4
 1.5375E-4 1.3958E-4 8.9237E-5 2.5054E-5 1.1935E-5
 3.2132E-5 3.3187E-5 -3.7387E-6 -1.8829E-5 -3.4032E-6
 4.027E-8 3.6462E-6 5.4472E-6 3.6333E-6 1.8702E-5
 3.8823E-5 3.5739E-5 3.1044E-5 -7.1659E-6 -2.7458E-5
 -5.4494E-5 -5.4494E-5
 -6.0645E-5 -5.1818E-5 -2.766E-5 -1.8336E-5 -3.2417E-5
 -6.1584E-5 -2.7462E-4 -5.5779E-4 -4.7994E-4 -4.9753E-4
 -4.5242E-4 -1.9227E-4 -3.235E-5 1.251E-5 8.592E-6
 5.815E-5 1.1282E-4 1.3303E-4 1.0071E-4 3.0034E-5
 -2.82E-5 -2.6199E-5 2.3141E-5 3.8044E-5 1.4277E-5
 6.7607E-6 1.6113E-5 1.237E-5 8.9529E-6 1.4559E-5
 1.9148E-5 -2.9826E-6 -3.9292E-5 -5.6871E-5 -4.2206E-5
 9.554E-6 6.3451E-5 4.6854E-5 2.3474E-5 1.6758E-5
 -1.2039E-5 -1.3536E-5 1.8697E-5 3.8909E-5 2.9523E-5
 7.8767E-6 6.6786E-6 -4.4257E-6 -3.4128E-5 -4.1276E-5
 -1.4511E-4 -4.8554E-4 -2.2183E-4 -1.7259E-4 -1.2672E-4
 -5.282E-5 -6.2357E-5 -5.6387E-5 -7.973E-6 1.1366E-5
 3.922E-7 -1.6162E-5 -2.4212E-5 -1.6148E-5 -2.2159E-5
 -3.5889E-5 -3.6239E-5 -5.5538E-5 -7.396E-5 -8.7021E-5
 -8.3178E-5 -1.0369E-4 -1.6528E-4 -2.1613E-4 -2.6164E-4
 -2.2649E-4 -5.0739E-5 5.1466E-6 2.032E-7 -1.3457E-5
 6.4257E-6 7.1565E-5 1.3511E-4 9.3605E-5 2.9383E-6
 -3.6872E-5 -3.0174E-5 -3.4315E-5 -7.183E-5 -1.0035E-4
 -8.1857E-5 -3.3868E-5 3.1907E-5 7.1602E-5 6.9981E-5
 2.2596E-5 -5.4305E-5 -6.0587E-5 -8.4923E-6 2.501E-5
 1.2602E-5 -7.9066E-6 -2.3064E-5 -1.4866E-5 2.457E-5
 8.396E-5 9.104E-5 5.583E-5 -2.3047E-5 -3.3139E-5
 3.3249E-5 6.3024E-5 2.6927E-6 -5.9088E-5 -1.7812E-4
 -2.2518E-4 -2.29E-4 -1.668E-4 -1.0749E-4 -1.1449E-4
 -1.1767E-4 -6.6941E-5 -1.5818E-5 4.3234E-5 6.5929E-5
 3.6532E-5 -4.4998E-6 -8.9566E-5 -7.0219E-5 9.7268E-6
 5.5682E-5 6.624E-5 -2.6848E-5 -9.4292E-5 -1.1192E-4
 -1.0708E-4 -9.4486E-5 -8.0817E-5 -9.143E-5 -5.431E-5
 -1.2937E-5 1.2046E-5 4.0327E-5 1.046E-4 1.794E-4
 1.6831E-4 1.4081E-4 8.351E-5 2.433E-5 1.2851E-5
 3.1423E-5 3.0899E-5 -1.04E-5 -3.3369E-5 -1.5489E-5
 -5.9124E-6 -2.6365E-6 -3.2813E-6 -6.965E-6 7.8136E-6
 3.1006E-5 2.4713E-5 2.9983E-5 6.8399E-6 -2.8819E-5
 -7.686E-5 -7.686E-5
 -5.6026E-5 -4.6496E-5 -2.272E-5 -1.4479E-5 -2.8171E-5
 -5.8064E-5 -2.6185E-4 -5.357E-4 -4.7545E-4 -4.6375E-4
 -3.7219E-4 -1.3811E-4 -1.7947E-5 9.3446E-6 7.4312E-6
 5.3153E-5 1.0218E-4 1.1098E-4 7.3835E-5 2.4001E-5
 -1.6031E-5 -7.355E-6 3.904E-5 3.3772E-5 -7.4823E-6
 -8.8411E-6 6.8787E-6 8.768E-6 8.8129E-6 1.3312E-5
 1.1093E-5 -1.191E-5 -3.8738E-5 -4.9803E-5 -3.6006E-5
 1.09E-5 5.8593E-5 4.7868E-5 3.5029E-5 3.5916E-5
 -2.1896E-6 -2.3139E-5 7.3996E-6 3.5944E-5 2.6986E-5
 3.8325E-6 2.0975E-6 -3.5351E-6 -3.052E-5 -3.6199E-5
 -1.6005E-4 -5.038E-4 -2.1878E-4 -1.6592E-4 -1.1511E-4
 -4.6541E-5 -7.0644E-5 -6.7357E-5 -1.3112E-6 2.0645E-5
 3.0463E-6 -1.0708E-5 -2.4758E-5 -2.6074E-5 -3.6133E-5
 -4.798E-5 -3.6849E-5 -4.2176E-5 -6.0255E-5 -8.2686E-5
 -9.0563E-5 -1.1734E-4 -1.9164E-4 -2.3464E-4 -2.5382E-4
 -2.1117E-4 -4.5397E-5 6.5952E-6 -5.5196E-6 -1.1763E-5
 1.9023E-5 8.5244E-5 1.3724E-4 8.5094E-5 9.926E-6
 -3.4057E-5 -4.094E-5 -5.3142E-5 -9.5784E-5 -1.1961E-4
 -8.971E-5 -3.3238E-5 3.2437E-5 6.1949E-5 5.5979E-5
 9.0988E-6 -7.1086E-5 -7.9294E-5 -2.2383E-5 1.764E-5
 1.1009E-5 -6.7785E-6 -2.0922E-5 -1.8562E-5 2.1448E-5
 7.4354E-5 7.3319E-5 4.5483E-5 -1.0976E-5 -1.9111E-5
 3.2432E-5 4.776E-5 -1.6849E-5 -7.6152E-5 -1.6715E-4
 -2.0848E-4 -2.2003E-4 -1.5796E-4 -9.7593E-5 -1.0406E-4
 -1.1396E-4 -6.6656E-5 -1.0625E-5 4.3186E-5 6.4664E-5
 3.4233E-5 -7.1583E-6 -8.1699E-5 -7.1627E-5 -5.4381E-6
 3.0573E-5 6.003E-5 -1.2493E-5 -8.8681E-5 -1.1289E-4
 -1.0843E-4 -9.7596E-5 -8.686E-5 -9.1811E-5 -5.5842E-5
 -1.0879E-5 1.6743E-5 4.305E-5 1.1127E-4 1.8662E-4
 1.6474E-4 1.3076E-4 7.5837E-5 2.4773E-5 1.1851E-5
 2.8282E-5 2.5216E-5 -1.715E-5 -4.2962E-5 -2.2189E-5
 -1.0049E-5 -7.9938E-6 -8.2638E-6 -1.1414E-5 8.7462E-6
 3.171E-5 1.4666E-5 2.9191E-5 2.5812E-5 -2.2097E-5
 -8.8975E-5 -8.8975E-5
 -4.6766E-5 -4.0967E-5 -1.8917E-5 -9.0838E-6 -2.145E-5
 -4.4771E-5 -2.1543E-4 -4.4489E-4 -4.1775E-4 -4.1082E-4
 -3.1043E-4 -1.0121E-4 -5.9708E-6 1.6341E-5 2.3427E-5
 7.107E-5 1.0545E-4 8.9814E-5 5.2269E-5 2.5783E-5
 5.0134E-6 2.0154E-5 5.8353E-5 3.1684E-5 -1.9499E-5
 -1.5569E-5 3.3996E-6 9.0588E-6 9.0381E-6 8.2944E-6
 -1.4527E-6 -2.2766E-5 -3.9129E-5 -3.5771E-5 -1.8683E-5
 1.9433E-5 6.0551E-5 5.3621E-5 4.8714E-5 4.7893E-5
 -7.4256E-6 -4.4861E-5 -1.5292E-5 2.4962E-5 2.3293E-5
 9.1563E-6 1.4065E-5 2.0489E-5 4.4732E-6 2.69E-7
 -1.3042E-4 -4.3132E-4 -1.8907E-4 -1.553E-4 -1.1772E-4
 -5.468E-5 -7.8522E-5 -7.4396E-5 9.642E-7 1.5982E-5
 -4.3719E-6 -8.849E-6 -2.7151E-5 -3.541E-5 -5.2514E-5
 -6.6506E-5 -4.0417E-5 -3.3133E-5 -5.3124E-5 -7.3283E-5
 -7.8644E-5 -1.1463E-4 -2.0355E-4 -2.3943E-4 -2.3584E-4
 -2.0066E-4 -5.1714E-5 5.9552E-6 -3.397E-7 7.2531E-7
 2.2894E-5 7.9096E-5 1.1757E-4 6.6622E-5 1.5908E-5
 -2.5409E-5 -3.6013E-5 -5.4505E-5 -1.1373E-4 -1.463E-4
 -1.0197E-4 -3.0114E-5 2.9122E-5 4.5312E-5 4.6113E-5
 1.6392E-6 -8.0116E-5 -9.1538E-5 -3.2994E-5 1.2394E-5
 1.1114E-5 -8.0589E-6 -2.3741E-5 -2.0597E-5 1.5859E-5
 5.887E-5 5.3748E-5 3.4683E-5 -9.3491E-7 -5.2086E-6
 2.8871E-5 3.3408E-5 -3.3821E-5 -9.3129E-5 -1.5713E-4
 -1.8992E-4 -2.0948E-4 -1.4939E-4 -8.8978E-5 -9.1455E-5
 -9.5669E-5 -5.3363E-5 -6.2308E-6 4.0907E-5 6.2881E-5
 2.9979E-5 -9.7628E-6 -7.2534E-5 -6.3766E-5 -1.7897E-5
 5.9932E-6 5.2663E-5 7.9842E-6 -7.7803E-5 -1.2178E-4
 -1.2683E-4 -1.1185E-4 -9.497E-5 -9.5571E-5 -6.1443E-5
 -1.6986E-5 1.8463E-5 4.8329E-5 1.1105E-4 1.692E-4
 1.443E-4 1.1697E-4 7.5683E-5 3.4291E-5 1.3946E-5
 2.3992E-5 1.9313E-5 -1.7049E-5 -4.1795E-5 -2.2814E-5
 -1.6193E-5 -2.4232E-5 -2.1323E-5 -1.2477E-5 1.7087E-5
 3.4306E-5 8.0657E-6 2.7921E-5 4.2048E-5 -8.3297E-6
 -8.4055E-5 -8.4055E-5
 -4.4687E-5 -4.7471E-5 -2.8416E-5 -1.2127E-5 -2.2519E-5
 -4.0204E-5 -1.8139E-4 -4.0713E-4 -4.1428E-4 -4.1636E-4
 -3.1681E-4 -9.1752E-5 -6.5431E-6 2.1002E-5 4.2652E-5
 9.1389E-5 1.1209E-4 8.3948E-5 4.9987E-5 2.7201E-5
 1.3521E-5 3.0212E-5 5.9947E-5 1.8944E-5 -2.5781E-5
 -1.3786E-5 5.4157E-6 1.3034E-5 8.9163E-6 2.2992E-6
 -1.1422E-5 -2.7422E-5 -3.0949E-5 -1.5026E-5 6.485E-7
 2.9567E-5 6.4401E-5 5.9786E-5 5.8839E-5 4.3752E-5
 -2.8078E-5 -6.6913E-5 -3.1033E-5 2.0606E-5 2.7667E-5
 2.1279E-5 3.1669E-5 4.6969E-5 3.7565E-5 2.4433E-5
 -1.0038E-4 -3.3084E-4 -1.4616E-4 -1.2157E-4 -1.0437E-4
 -6.3944E-5 -8.3019E-5 -8.0271E-5 -8.4836E-6 -9.7E-7
 -1.4881E-5 -1.2952E-6 -1.3869E-5 -2.7512E-5 -5.8628E-5
 -7.6035E-5 -2.9704E-5 -8.2644E-6 -2.9302E-5 -4.6863E-5
 -5.1895E-5 -1.0155E-4 -2.0158E-4 -2.3317E-4 -2.2066E-4
 -1.9965E-4 -6.8572E-5 8.2694E-6 2.4116E-5 2.5574E-5
 7.219E-6 3.5994E-5 7.5122E-5 5.1763E-5 2.5447E-5
 -9.3055E-6 -1.8711E-5 -4.2038E-5 -1.1828E-4 -1.6864E-4
 -1.162E-4 -2.8801E-5 2.4384E-5 2.7236E-5 3.3772E-5
 -4.538E-6 -8.5263E-5 -9.948E-5 -4.1738E-5 6.6154E-6
 8.6323E-6 -1.335E-5 -2.9856E-5 -2.378E-5 1.1432E-5
 4.7203E-5 4.189E-5 3.4243E-5 7.1615E-6 -4.0294E-7
 2.3635E-5 2.5684E-5 -4.2341E-5 -1.0069E-4 -1.4835E-4
 -1.6756E-4 -1.8317E-4 -1.3427E-4 -8.209E-5 -8.3607E-5
 -8.4427E-5 -4.5035E-5 -4.1094E-6 3.9247E-5 5.8485E-5
 2.1944E-5 -1.2673E-5 -6.1811E-5 -5.1936E-5 -1.0221E-5
 1.2097E-5 5.5073E-5 2.33E-5 -6.3365E-5 -1.1599E-4
 -1.3488E-4 -1.2701E-4 -1.0168E-4 -9.8512E-5 -6.9402E-5
 -3.2609E-5 1.1818E-5 4.9659E-5 1.0764E-4 1.4777E-4
 1.1866E-4 1.0197E-4 8.2192E-5 5.0314E-5 2.1506E-5
 2.0888E-5 1.1757E-5 -1.6652E-5 -3.3005E-5 -1.2679E-5
 -1.2509E-5 -3.5093E-5 -3.1844E-5 -7.5056E-6 2.3291E-5
 3.1663E-5 1.8345E-6 1.8857E-5 4.4799E-5 -5.019E-7
 -8.0721E-5 -8.0721E-5
 -3.8636E-5 -5.5584E-5 -4.5317E-5 -2.067E-5 -2.5058E-5
 -3.346E-5 -1.5618E-4 -4.1842E-4 -4.2441E-4 -4.208E-4
 -3.4719E-4 -1.0603E-4 -2.6994E-5 1.646E-5 5.8785E-5
 1.0792E-4 1.1911E-4 8.577E-5 4.8257E-5 2.2275E-5
 1.6033E-5 3.4113E-5 5.794E-5 6.4393E-6 -3.1197E-5
 -1.233E-5 7.2398E-6 1.4999E-5 5.3479E-6 -4.747E-6
 -1.785E-5 -2.7801E-5 -2.0492E-5 2.8421E-6 1.2611E-5
 3.0772E-5 6.0584E-5 6.2394E-5 6.7029E-5 4.1332E-5
 -3.2437E-5 -6.8549E-5 -3.6007E-5 1.8073E-5 2.8178E-5
 2.5776E-5 3.9985E-5 6.1091E-5 5.54E-5 2.9695E-5
 -9.0093E-5 -2.5405E-4 -1.0629E-4 -8.0337E-5 -7.8781E-5
 -6.8222E-5 -8.74E-5 -9.0516E-5 -3.2171E-5 -3.0527E-5
 -3.8344E-5 -9.3492E-6 -7.9216E-6 -1.8158E-5 -5.6583E-5
 -7.3107E-5 -1.18E-5 1.4125E-5 -7.2522E-6 -1.88E-5
 -2.4305E-5 -8.0937E-5 -1.8054E-4 -2.085E-4 -2.0968E-4
 -2.0918E-4 -8.957E-5 8.3305E-6 5.5511E-5 6.0531E-5
 5.457E-6 -1.7355E-6 4.0664E-5 4.5767E-5 3.1813E-5
 2.5978E-6 -4.8427E-6 -2.6226E-5 -1.0151E-4 -1.6026E-4
 -1.0721E-4 -1.4063E-5 2.6039E-5 9.3665E-6 1.7393E-5
 -1.0089E-5 -8.6396E-5 -1.0575E-4 -5.0064E-5 -7.4239E-8
 2.5561E-6 -1.9004E-5 -3.3944E-5 -3.0799E-5 9.4445E-6
 4.1741E-5 3.4795E-5 3.5667E-5 1.182E-5 -1.7869E-6
 1.7534E-5 2.349E-5 -4.2772E-5 -1.0021E-4 -1.4508E-4
 -1.53E-4 -1.5208E-4 -1.1317E-4 -7.2911E-5 -7.5108E-5
 -7.6223E-5 -4.1488E-5 -1.5621E-6 4.3653E-5 5.5691E-5
 1.184E-5 -2.0555E-5 -5.9533E-5 -4.8509E-5 -4.8297E-7
 3.3291E-5 6.921E-5 3.4834E-5 -4.809E-5 -8.331E-5
 -1.0821E-4 -1.2474E-4 -9.9379E-5 -9.4574E-5 -7.7477E-5
 -5.4071E-5 -3.5785E-6 4.9952E-5 1.138E-4 1.4778E-4
 1.0788E-4 9.1531E-5 8.6484E-5 5.9017E-5 2.4966E-5
 1.8717E-5 6.8814E-6 -1.6946E-5 -2.3031E-5 2.5246E-6
 -1.489E-6 -3.5934E-5 -4.0219E-5 -8.6128E-6 2.0442E-5
 2.461E-5 -4.2455E-6 6.2775E-6 3.784E-5 6.0483E-7
 -7.6201E-5 -7.6201E-5
 -3.1409E-5 -5.7702E-5 -5.4629E-5 -2.6244E-5 -2.7128E-5
 -2.5391E-5 -1.2008E-4 -3.6877E-4 -3.6124E-4 -3.5179E-4
 -3.1991E-4 -1.2424E-4 -6.6794E-5 -6.1902E-6 7.1143E-5
 1.2295E-4 1.1958E-4 7.8346E-5 3.8403E-5 2.0214E-5
 2.3724E-5 4.1475E-5 5.9475E-5 -2.7648E-6 -3.9428E-5
 -1.5494E-5 4.9223E-6 1.0485E-5 -1.4882E-6 -9.8049E-6
 -1.8656E-5 -2.3117E-5 -1.0554E-5 1.6148E-5 1.9571E-5
 2.8527E-5 5.3386E-5 5.7107E-5 6.3475E-5 3.7784E-5
 -2.051E-5 -5.1387E-5 -3.1775E-5 1.4759E-5 2.4167E-5
 2.4185E-5 3.7931E-5 5.7291E-5 4.9658E-5 1.4246E-5
 -1.0522E-4 -2.3795E-4 -9.4919E-5 -5.6077E-5 -6.2505E-5
 -7.293E-5 -9.0343E-5 -9.957E-5 -5.718E-5 -5.9708E-5
 -6.4044E-5 -2.2056E-5 -5.0479E-6 -1.0034E-5 -5.4007E-5
 -7.4946E-5 -5.9842E-6 2.5871E-5 7.633E-6 -2.6671E-6
 -1.3577E-5 -7.2285E-5 -1.6519E-4 -1.8158E-4 -1.904E-4
 -2.0408E-4 -1.0644E-4 -1.2728E-5 6.0701E-5 6.6152E-5
 -9.987E-6 -3.7548E-5 1.2028E-5 3.8484E-5 3.2507E-5
 9.529E-6 1.6126E-6 -1.7855E-5 -7.8999E-5 -1.3406E-4
 -8.2782E-5 5.7746E-6 2.7517E-5 -3.7771E-6 4.7718E-6
 -1.44E-5 -8.2772E-5 -1.0405E-4 -4.8997E-5 -1.9652E-6
 -2.5475E-6 -2.2227E-5 -3.5593E-5 -3.7131E-5 4.5321E-6
 2.9751E-5 2.1002E-5 2.6297E-5 8.4477E-6 -4.7945E-6
 1.3285E-5 2.7294E-5 -3.573E-5 -9.564E-5 -1.4014E-4
 -1.3817E-4 -1.2765E-4 -9.6367E-5 -6.1927E-5 -6.1937E-5
 -6.2149E-5 -3.5065E-5 2.8834E-6 5.1576E-5 5.9103E-5
 1.568E-5 -1.5684E-5 -5.528E-5 -4.6918E-5 1.1926E-7
 4.1068E-5 7.9115E-5 4.8943E-5 -2.8051E-5 -3.8661E-5
 -5.7019E-5 -8.1031E-5 -5.99E-5 -5.7131E-5 -5.339E-5
 -5.1631E-5 -1.0154E-5 7.1609E-5 1.4269E-4 1.5252E-4
 9.1511E-5 7.6834E-5 8.0759E-5 5.6181E-5 2.4154E-5
 1.8489E-5 3.1889E-6 -2.2568E-5 -2.1197E-5 1.3113E-5
 1.1711E-5 -3.1819E-5 -5.0422E-5 -1.5748E-5 1.6868E-5
 2.024E-5 -3.6748E-6 2.4775E-6 3.6197E-5 7.6508E-6
 -5.9596E-5 -5.9596E-5
 -3.2376E-5 -5.7867E-5 -5.3383E-5 -2.5917E-5 -2.7856E-5
 -1.6621E-5 -6.6559E-5 -2.4388E-4 -2.3377E-4 -2.1738E-4
 -2.1216E-4 -1.0307E-4 -1.0408E-4 -4.356E-5 8.121E-5
 1.2761E-4 1.0178E-4 5.3687E-5 2.3115E-5 2.432E-5
 3.6615E-5 5.2671E-5 6.6752E-5 -3.1524E-6 -4.3487E-5
 -1.9454E-5 1.0422E-6 4.8944E-6 -6.3844E-6 -1.08E-5
 -1.1356E-5 -9.9967E-6 -3.788E-6 1.7004E-5 1.4506E-5
 2.1146E-5 4.1447E-5 4.3278E-5 4.8314E-5 2.434E-5
 -1.5514E-5 -3.4829E-5 -2.5463E-5 1.1357E-5 2.2078E-5
 2.6367E-5 3.7464E-5 4.9213E-5 3.7384E-5 2.5719E-6
 -1.0965E-4 -2.4034E-4 -9.4388E-5 -3.6349E-5 -5.3513E-5
 -8.6498E-5 -9.5383E-5 -1.0631E-4 -7.6809E-5 -7.7679E-5
 -8.3484E-5 -3.8828E-5 -1.4878E-5 -1.4622E-5 -5.3056E-5
 -7.22E-5 -1.6337E-6 3.478E-5 2.1304E-5 8.8483E-6
 -8.4796E-6 -6.1152E-5 -1.3772E-4 -1.2178E-4 -9.778E-5
 -1.1082E-4 -7.5416E-5 -1.9457E-5 6.078E-5 3.3174E-5
 -7.5747E-5 -9.4275E-5 -1.5915E-5 3.4253E-5 3.699E-5
 1.9184E-5 6.4778E-6 -2.1306E-5 -7.8604E-5 -1.2914E-4
 -8.0039E-5 4.9647E-7 1.3656E-5 -1.7268E-5 -2.5909E-6
 -1.4644E-5 -7.9538E-5 -9.6809E-5 -4.0322E-5 2.766E-8
 -5.494E-6 -2.3849E-5 -3.5527E-5 -3.6861E-5 -4.9444E-8
 1.2769E-5 4.646E-6 1.7707E-5 7.4429E-6 -3.0885E-6
 1.3228E-5 3.3456E-5 -2.3749E-5 -8.4881E-5 -1.2181E-4
 -1.1485E-4 -1.0659E-4 -8.1915E-5 -4.9233E-5 -4.6698E-5
 -4.5108E-5 -2.3431E-5 1.2911E-5 6.6246E-5 7.0378E-5
 2.9798E-5 -3.0467E-6 -4.7627E-5 -4.7101E-5 -9.4784E-6
 2.9631E-5 7.7056E-5 5.9853E-5 -1.2288E-5 -1.2603E-5
 -2.2834E-5 -3.6787E-5 -2.1818E-5 -1.8694E-5 -1.1637E-5
 -2.2247E-5 3.2776E-6 1.2213E-4 1.8988E-4 1.4165E-4
 5.8222E-5 6.3008E-5 7.0749E-5 4.5034E-5 2.4172E-5
 2.7146E-5 8.92E-6 -2.5482E-5 -2.2994E-5 2.1692E-5
 3.2328E-5 -1.5186E-5 -5.209E-5 -2.226E-5 9.9239E-6
 1.1851E-5 -2.3932E-6 5.6437E-6 4.3398E-5 2.307E-5
 -3.7757E-5 -3.7757E-5
 -4.1388E-5 -6.165E-5 -4.739E-5 -1.995E-5 -2.2121E-5
 -5.5511E-6 -2.0864E-5 -1.2875E-4 -1.257E-4 -1.0763E-4
 -1.0855E-4 -5.3897E-5 -1.3096E-4 -8.5115E-5 1.0027E-4
 1.1436E-4 5.2514E-5 7.5991E-6 -3.7139E-7 2.4119E-5
 4.6834E-5 6.0555E-5 7.2683E-5 1.5053E-6 -4.335E-5
 -2.4667E-5 -3.2578E-6 3.1919E-6 -5.3373E-6 -7.8661E-6
 -2.6214E-6 1.7049E-6 -6.0077E-6 3.4682E-6 2.5634E-6
 1.4841E-5 2.9276E-5 2.9526E-5 3.3675E-5 7.5807E-6
 -2.2125E-5 -3.0202E-5 -2.4282E-5 6.9379E-6 2.0773E-5
 3.0264E-5 4.0554E-5 4.6801E-5 3.2169E-5 8.7587E-6
 -8.0219E-5 -2.079E-4 -8.3684E-5 -3.5074E-5 -6.0294E-5
 -1.0723E-4 -9.9241E-5 -1.0143E-4 -9.0002E-5 -8.8987E-5
 -9.6764E-5 -6.2327E-5 -3.855E-5 -2.8467E-5 -5.3718E-5
 -6.5425E-5 2.0483E-6 3.7799E-5 2.5187E-5 8.7388E-6
 -7.6413E-6 -4.5793E-5 -1.0093E-4 -3.9044E-5 5.4307E-5
 7.6435E-5 7.8659E-6 -2.7011E-6 6.2822E-5 -8.6049E-6
 -1.3926E-4 -1.4123E-4 -3.3248E-5 3.7791E-5 4.609E-5
 2.9609E-5 1.0213E-5 -2.4832E-5 -8.3665E-5 -1.3318E-4
 -8.8474E-5 -2.3708E-5 -1.9283E-5 -4.2501E-5 -1.1386E-5
 -1.0541E-5 -7.1562E-5 -8.5119E-5 -2.8306E-5 6.1605E-6
 -4.7856E-6 -2.2073E-5 -2.9172E-5 -3.0465E-5 -2.0878E-6
 -1.1678E-6 -8.8147E-6 1.4283E-5 9.5509E-6 -1.0643E-6
 1.2685E-5 3.3265E-5 -1.8987E-5 -7.5233E-5 -1.03E-4
 -9.746E-5 -8.91E-5 -6.4624E-5 -3.5763E-5 -3.328E-5
 -3.0894E-5 -1.2277E-5 2.9157E-5 8.5856E-5 7.7268E-5
 3.5611E-5 2.6084E-6 -3.745E-5 -4.044E-5 -1.4831E-5
 1.7246E-5 6.933E-5 5.3219E-5 -1.5424E-5 -8.9495E-6
 -1.0503E-5 -1.7523E-5 -1.3768E-5 -7.5068E-6 1.0636E-5
 -3.387E-6 6.8525E-6 1.4013E-4 1.6879E-4 6.5322E-5
 2.5385E-6 6.0108E-5 6.8794E-5 3.4022E-5 2.5582E-5
 4.1496E-5 2.3516E-5 -2.0384E-5 -2.2324E-5 3.2523E-5
 5.8306E-5 1.4037E-5 -3.9027E-5 -2.8736E-5 -4.6848E-6
 1.6336E-6 -3.0819E-6 6.4642E-6 4.6136E-5 3.4805E-5
 -1.6825E-5 -1.6825E-5
 -5.0226E-5 -6.3019E-5 -3.4613E-5 -6.0399E-6 -1.0209E-5
 4.2141E-6 1.0069E-5 -4.6126E-5 -3.9557E-5 -2.0186E-5
 -2.1128E-5 1.6544E-5 -1.2463E-4 -1.2103E-4 8.8207E-5
 4.017E-5 -5.6019E-5 -7.1864E-5 -3.7443E-5 1.2637E-5
 4.4705E-5 5.5535E-5 6.3952E-5 -2.4041E-6 -4.4204E-5
 -2.933E-5 -4.0156E-6 9.6154E-6 2.9444E-6 -2.2091E-6
 -5.6034E-7 -2.8928E-7 -2.1016E-5 -2.1259E-5 -1.2437E-5
 7.4723E-6 1.7133E-5 1.9343E-5 2.3944E-5 -5.408E-6
 -3.2016E-5 -3.4692E-5 -2.6274E-5 4.3842E-6 1.9101E-5
 3.1145E-5 4.1022E-5 4.3834E-5 2.7652E-5 1.7419E-5
 -4.6332E-5 -1.6218E-4 -6.2875E-5 -2.2341E-5 -3.8165E-5
 -1.079E-4 -1.1722E-4 -1.0472E-4 -1.0071E-4 -9.299E-5
 -9.9339E-5 -8.6213E-5 -6.566E-5 -4.15E-5 -5.6038E-5
 -5.696E-5 1.4483E-5 4.9568E-5 3.3829E-5 1.7118E-5
 1.1312E-5 -1.7115E-5 -7.035E-5 1.6335E-5 1.8047E-4
 2.6645E-4 9.7798E-5 2.1267E-5 4.6557E-5 -5.5746E-5
 -1.8059E-4 -1.6987E-4 -3.688E-5 5.2655E-5 5.9588E-5
 3.5421E-5 6.9561E-6 -2.9421E-5 -8.6451E-5 -1.27E-4
 -7.9564E-5 -4.254E-5 -5.7482E-5 -6.9252E-5 -1.8203E-5
 -7.3068E-6 -6.1308E-5 -7.0982E-5 -1.4868E-5 1.3689E-5
 -1.7093E-6 -1.6678E-5 -1.7609E-5 -2.771E-5 -1.4043E-5
 -2.0667E-5 -2.0772E-5 1.319E-5 1.1155E-5 8.6719E-9
 1.3164E-5 3.2099E-5 -2.2457E-5 -7.7323E-5 -1.0096E-4
 -9.3108E-5 -7.7426E-5 -4.9091E-5 -2.4309E-5 -2.1941E-5
 -2.0726E-5 -2.7428E-6 4.497E-5 8.8286E-5 6.5458E-5
 3.2312E-5 1.0458E-5 -1.1293E-5 -9.3529E-6 3.9227E-6
 2.0779E-5 5.7377E-5 2.8852E-5 -2.6692E-5 1.7693E-6
 1.6527E-5 1.5923E-5 7.0307E-6 3.045E-5 5.254E-5
 1.0249E-5 -1.6709E-5 8.2828E-5 5.4832E-5 -5.9532E-5
 -7.1582E-5 4.4031E-5 5.4585E-5 1.6835E-5 2.6372E-5
 5.6799E-5 3.8566E-5 -1.0679E-5 -1.6976E-5 4.2968E-5
 7.2389E-5 2.9511E-5 -3.1216E-5 -3.7574E-5 -1.7571E-5
 -3.1394E-6 -4.9046E-6 3.2875E-6 4.2487E-5 3.5357E-5
 -6.8433E-6 -6.8433E-6
 -7.0488E-5 -7.2922E-5 -2.8518E-5 7.612E-6 4.5736E-6
 7.504E-7 3.0703E-6 -1.1976E-5 1.0767E-5 3.1198E-5
 3.6021E-5 6.9327E-5 -8.0481E-5 -1.3051E-4 3.6156E-5
 -5.8713E-5 -1.5566E-4 -1.1556E-4 -4.1666E-5 1.1906E-5
 3.359E-5 3.7656E-5 4.1183E-5 -1.1653E-5 -4.1949E-5
 -2.6229E-5 3.3278E-6 2.2857E-5 1.6348E-5 1.0079E-5
 5.7404E-6 -3.9637E-6 -3.5526E-5 -4.0976E-5 -2.3391E-5
 -9.0319E-6 -7.1174E-6 1.2512E-6 1.4736E-5 -1.018E-5
 -3.8346E-5 -4.1468E-5 -2.3642E-5 9.9705E-6 1.8099E-5
 2.4993E-5 2.7244E-5 2.2231E-5 3.7581E-6 -2.6994E-6
 -5.6003E-5 -1.3737E-4 -1.1636E-5 7.08E-5 7.4429E-5
 -4.4636E-5 -1.4112E-4 -1.2772E-4 -8.3121E-5 -4.7718E-5
 -5.3105E-5 -6.2916E-5 -5.3114E-5 -3.7134E-5 -7.4569E-5
 -7.6432E-5 1.1846E-5 5.7359E-5 4.1487E-5 3.6752E-5
 5.0431E-5 2.6205E-5 -3.8552E-5 3.6448E-5 2.1358E-4
 3.2583E-4 1.1972E-4 3.6924E-5 4.7522E-5 -4.4791E-5
 -1.5534E-4 -1.5173E-4 -1.9529E-5 6.4902E-5 4.8793E-5
 1.3986E-5 -3.9917E-6 -3.0401E-5 -8.7558E-5 -1.1939E-4
 -5.476E-5 -2.5843E-5 -6.6891E-5 -8.7593E-5 -2.756E-5
 -9.8508E-6 -6.1969E-5 -6.9228E-5 -5.5059E-6 2.4588E-5
 1.6625E-6 -2.3175E-5 -2.5777E-5 -4.581E-5 -3.883E-5
 -3.7108E-5 -2.306E-5 1.9307E-5 1.5282E-5 2.3742E-6
 1.8441E-5 3.7645E-5 -2.9288E-5 -9.5103E-5 -1.0598E-4
 -8.3288E-5 -6.5937E-5 -4.295E-5 -1.9908E-5 -1.699E-5
 -1.5566E-5 9.3341E-6 4.8902E-5 7.3547E-5 4.9131E-5
 2.7484E-5 1.7817E-5 1.5536E-5 2.8615E-5 3.6349E-5
 3.9971E-5 5.1204E-5 1.1783E-5 -3.0239E-5 2.732E-5
 6.2091E-5 6.2582E-5 4.245E-5 9.2331E-5 1.1636E-4
 5.4025E-5 -5.9232E-6 3.2414E-5 -3.4693E-5 -1.2255E-4
 -1.0945E-4 1.3564E-5 2.0556E-5 -7.4622E-6 1.3068E-5
 5.1296E-5 3.8498E-5 -4.9321E-6 -9.2155E-6 5.1686E-5
 6.9014E-5 1.8928E-5 -4.223E-5 -4.409E-5 -1.2058E-5
 3.3161E-6 -1.3953E-5 -7.6134E-6 3.5523E-5 2.5982E-5
 -1.7081E-5 -1.7081E-5
 -1.0921E-4 -1.0289E-4 -4.4124E-5 1.2892E-5 2.2325E-5
 2.3562E-6 -2.3496E-6 2.4467E-5 8.3865E-5 1.4807E-4
 1.9772E-4 1.7244E-4 -2.6275E-6 -8.1552E-5 2.2756E-5
 -1.1214E-4 -2.2045E-4 -1.4894E-4 -4.7986E-5 5.1047E-6
 2.1628E-5 2.2524E-5 1.7861E-5 -2.6269E-5 -4.3553E-5
 -1.8321E-5 1.9904E-5 4.1621E-5 2.8654E-5 1.7113E-5
 7.1142E-6 -1.1138E-5 -5.7911E-5 -7.0571E-5 -3.9625E-5
 -1.9833E-5 -1.7878E-5 -5.0879E-6 1.3973E-5 -9.2468E-6
 -4.3668E-5 -4.7505E-5 -1.764E-5 2.1041E-5 2.1133E-5
 2.271E-5 1.8842E-5 5.3724E-6 -1.4685E-5 -2.1978E-5
 -7.7328E-5 -1.2381E-4 2.7505E-5 1.4584E-4 1.8129E-4
 4.4728E-5 -1.5081E-4 -1.7756E-4 -9.1438E-5 -3.9812E-5
 -5.618E-5 -4.6658E-5 -1.5013E-5 -2.9542E-5 -1.3078E-4
 -1.4487E-4 -1.8611E-5 5.4636E-5 3.9551E-5 4.6514E-5
 8.3106E-5 6.9997E-5 -1.682E-6 9.0053E-5 2.6792E-4
 3.3271E-4 8.9223E-5 -6.2416E-6 -9.655E-6 -8.5888E-5
 -1.831E-4 -1.8118E-4 -5.4443E-5 2.4625E-5 -6.2426E-6
 -2.6552E-5 -1.4527E-5 -3.7184E-5 -1.0345E-4 -1.2084E-4
 -1.2575E-5 9.7974E-6 -7.9542E-5 -1.3416E-4 -5.847E-5
 -1.9483E-5 -7.4212E-5 -8.0701E-5 2.1145E-6 3.9926E-5
 3.6052E-6 -4.2702E-5 -4.4991E-5 -5.7855E-5 -4.1994E-5
 -4.6051E-5 -3.3245E-5 1.9789E-5 1.4891E-5 -2.0368E-6
 2.4557E-5 5.472E-5 -2.494E-5 -1.0789E-4 -8.9953E-5
 -5.1142E-5 -6.032E-5 -5.5593E-5 -1.3882E-5 3.8798E-6
 8.7151E-6 2.8511E-5 4.2867E-5 5.1976E-5 3.0366E-5
 1.2683E-5 6.5055E-6 1.6405E-5 3.8138E-5 4.161E-5
 2.5313E-5 2.4744E-5 -7.119E-7 -3.534E-5 4.7336E-5
 1.0174E-4 1.0897E-4 7.5882E-5 1.3088E-4 1.5409E-4
 9.3487E-5 4.271E-6 -2.4573E-5 -1.2072E-4 -1.7988E-4
 -1.5461E-4 -3.795E-5 -2.8873E-5 -4.1889E-5 -1.5637E-5
 3.2544E-5 3.047E-5 -3.856E-6 -1.3915E-6 7.0143E-5
 8.0563E-5 1.8802E-5 -5.4601E-5 -4.9687E-5 2.1367E-6
 4.2617E-6 -3.8491E-5 -2.2306E-5 4.2371E-5 2.604E-5
 -2.8688E-5 -2.8688E-5
 -8.9321E-5 -7.4591E-5 -3.3724E-5 1.1293E-5 2.3495E-5
 -1.1184E-5 -4.8328E-5 -3.5936E-5 5.6832E-5 1.5016E-4
 2.0707E-4 1.7198E-4 3.6934E-5 -2.4356E-5 4.3112E-5
 -6.802E-5 -1.699E-4 -1.2748E-4 -5.565E-5 -1.4158E-5
 -8.8321E-6 -1.5092E-5 -1.256E-5 -3.4721E-5 -3.7881E-5
 -6.8559E-6 3.5037E-5 5.4574E-5 2.986E-5 3.9479E-6
 -1.0534E-5 -2.2837E-5 -6.9181E-5 -8.1058E-5 -5.9455E-5
 -5.5721E-5 -4.6615E-5 -2.5495E-5 -5.2493E-6 -1.8193E-5
 -3.4263E-5 -2.9746E-5 4.0355E-6 3.6117E-5 1.9596E-5
 1.0448E-5 6.8795E-6 -1.4479E-6 -7.1317E-6 -2.4501E-6
 -4.7579E-5 -4.5648E-5 8.7042E-5 1.7164E-4 2.1235E-4
 1.2367E-4 -7.3443E-5 -1.5091E-4 -8.8E-5 -5.0526E-5
 -7.4121E-5 -4.262E-5 1.0808E-5 -2.6999E-5 -1.4874E-4
 -1.6703E-4 -5.3809E-5 2.5073E-5 3.6275E-5 6.0555E-5
 1.0268E-4 9.3788E-5 3.521E-5 1.1015E-4 2.3897E-4
 2.5863E-4 5.5833E-5 -1.7078E-5 -6.287E-6 -5.5163E-5
 -1.3836E-4 -1.4591E-4 -6.6504E-5 -3.8599E-5 -7.4352E-5
 -6.254E-5 -1.8487E-5 -2.2434E-5 -5.661E-5 -3.8373E-5
 6.1672E-5 7.0902E-5 -3.1392E-5 -1.2212E-4 -8.9542E-5
 -5.7993E-5 -9.9109E-5 -9.5401E-5 -1.517E-5 2.962E-5
 4.2336E-7 -4.2135E-5 -2.7212E-5 -1.6956E-5 -8.8268E-6
 -3.3235E-5 -3.6353E-5 1.7146E-5 2.4565E-5 1.133E-5
 4.5078E-5 8.4852E-5 2.2742E-5 -4.9397E-5 -3.3334E-5
 -1.3777E-5 -6.4953E-5 -7.933E-5 -9.8599E-6 2.6724E-5
 2.7761E-5 1.5721E-5 1.6116E-6 1.1386E-5 7.0329E-6
 -2.7627E-6 -3.6108E-6 1.9314E-5 5.2148E-5 4.3072E-5
 -1.9895E-6 3.4615E-6 9.8484E-6 -2.2008E-5 4.7595E-5
 1.0018E-4 1.099E-4 8.6667E-5 1.2578E-4 1.39E-4
 9.6128E-5 9.3025E-6 -3.7824E-5 -1.0972E-4 -1.365E-4
 -1.3077E-4 -7.1081E-5 -6.8181E-5 -6.9656E-5 -5.8389E-5
 -1.3148E-5 8.6647E-6 4.6764E-6 1.6163E-5 5.9925E-5
 4.4517E-5 -3.5202E-6 -4.601E-5 -2.6243E-5 1.7267E-5
 -1.5017E-5 -7.1577E-5 -4.068E-5 2.8041E-5 1.567E-5
 -4.0156E-5 -4.0156E-5
 -4.823E-5 -1.6541E-5 4.5053E-6 9.733E-6 -3.8292E-6
 -6.0418E-5 -1.2366E-4 -1.3653E-4 -2.3635E-5 8.405E-5
 1.3223E-4 1.0684E-4 2.6098E-5 -1.4715E-5 2.6394E-5
 -4.2184E-5 -1.1308E-4 -9.9062E-5 -5.9046E-5 -3.0661E-5
 -4.378E-5 -5.6116E-5 -3.4505E-5 -3.1557E-5 -2.017E-5
 1.1686E-5 4.5949E-5 5.635E-5 2.1411E-5 -1.5216E-5
 -2.5366E-5 -2.304E-5 -5.9441E-5 -5.7825E-5 -4.3599E-5
 -7.4043E-5 -8.6189E-5 -6.7686E-5 -3.9641E-5 -3.1853E-5
 -2.5276E-5 -1.0047E-5 2.9082E-5 5.5544E-5 1.6698E-5
 -8.7553E-6 -9.8651E-6 -8.0856E-6 -5.6232E-6 3.2723E-6
 -2.2462E-5 3.2778E-5 1.5878E-4 1.8222E-4 2.0739E-4
 1.7751E-4 2.8167E-5 -7.7946E-5 -5.2971E-5 -1.9357E-5
 -4.3079E-5 -2.9565E-5 9.135E-6 -2.5887E-5 -1.1692E-4
 -1.3127E-4 -5.7217E-5 6.5274E-6 2.6321E-5 5.0939E-5
 9.3485E-5 1.0498E-4 8.4997E-5 1.2016E-4 1.7902E-4
 1.7164E-4 3.6452E-5 5.646E-6 3.9958E-5 1.3516E-5
 -6.0219E-5 -7.8971E-5 -4.0854E-5 -4.435E-5 -7.4987E-5
 -5.1095E-5 4.0702E-6 1.3949E-5 5.276E-6 3.3668E-5
 8.8871E-5 8.8153E-5 1.5802E-5 -8.085E-5 -9.9975E-5
 -9.4042E-5 -1.2063E-4 -1.0141E-4 -2.3868E-5 3.1315E-5
 2.1213E-5 -6.2821E-6 1.5631E-5 2.686E-5 1.2526E-5
 -3.2748E-5 -4.098E-5 2.8121E-5 5.5455E-5 3.9208E-5
 6.3175E-5 9.4685E-5 3.9641E-5 -1.0178E-5 4.5445E-6
 7.2337E-6 -6.8543E-5 -1.0401E-4 -3.1879E-5 7.118E-6
 -1.1896E-8 -2.6082E-5 -4.3489E-5 -3.0488E-5 -2.2694E-5
 -1.7114E-5 -5.0315E-7 3.1741E-5 5.9627E-5 2.8623E-5
 -2.8672E-5 4.533E-6 2.7198E-5 -1.092E-5 5.5093E-5
 9.8783E-5 9.6005E-5 8.6065E-5 1.1655E-4 1.1193E-4
 7.12E-5 4.3719E-6 -2.3368E-5 -5.1647E-5 -5.9048E-5
 -7.5253E-5 -6.4038E-5 -7.0675E-5 -8.494E-5 -1.1663E-4
 -9.5213E-5 -4.779E-5 -1.3233E-5 6.841E-6 2.2021E-5
 -9.0142E-8 -1.7088E-5 -1.7223E-5 9.4139E-6 1.7761E-5
 -3.5993E-5 -8.4204E-5 -5.0326E-5 1.588E-5 9.6028E-6
 -6.0547E-5 -6.0547E-5
 1.4107E-5 3.2352E-5 2.8978E-5 9.7898E-6 -1.708E-5
 -6.6853E-5 -9.0442E-5 -1.0895E-4 -6.1076E-5 8.735E-6
 4.1855E-5 2.6154E-5 -1.8726E-6 -1.4437E-5 8.1693E-6
 -2.6805E-5 -5.8201E-5 -5.0587E-5 -3.5607E-5 -2.1612E-5
 -4.2637E-5 -5.9235E-5 -3.5902E-5 -2.1463E-5 2.0839E-6
 3.0103E-5 4.8031E-5 4.781E-5 1.6306E-5 -1.2282E-5
 -1.3754E-5 -1.0185E-5 -3.3501E-5 -1.9158E-5 -2.7637E-6
 -4.3821E-5 -8.6922E-5 -8.7078E-5 -5.385E-5 -2.5062E-5
 2.1341E-6 1.7546E-5 3.9598E-5 5.1165E-5 8.0155E-6
 -1.6806E-5 -1.4332E-5 -6.1117E-6 -3.8673E-6 -8.3488E-6
 -2.176E-5 7.4778E-5 1.7992E-4 1.5065E-4 1.5281E-4
 1.6083E-4 7.32E-5 -1.224E-5 -1.6192E-6 3.3535E-5
 2.0019E-5 1.5544E-5 2.5181E-5 -5.5447E-6 -5.3576E-5
 -5.6856E-5 -2.6995E-5 3.9006E-6 1.6088E-5 3.2097E-5
 6.1557E-5 7.6627E-5 8.3645E-5 9.5018E-5 1.0665E-4
 8.7591E-5 1.9341E-5 2.2874E-5 6.2532E-5 5.3828E-5
 4.1736E-6 -1.4887E-5 -5.318E-6 -1.9368E-5 -2.7489E-5
 -1.995E-6 3.2018E-5 3.6804E-5 3.5502E-5 5.0894E-5
 6.0636E-5 6.0082E-5 2.9327E-5 -3.4522E-5 -7.1146E-5
 -7.6211E-5 -7.9064E-5 -5.1821E-5 2.986E-6 3.9218E-5
 3.7804E-5 3.0066E-5 3.8814E-5 3.5011E-5 1.299E-5
 -2.9566E-5 -2.7786E-5 4.3455E-5 7.0999E-5 4.8242E-5
 4.6328E-5 4.7054E-5 1.0106E-5 -4.68E-7 7.6004E-6
 3.7864E-6 -4.761E-5 -9.2462E-5 -6.2695E-5 -4.2877E-5
 -4.4069E-5 -5.7009E-5 -6.7805E-5 -5.4501E-5 -3.4912E-5
 -1.8491E-5 -2.1326E-6 1.8299E-5 3.1213E-5 4.3408E-7
 -3.4137E-5 8.1545E-6 2.6838E-5 4.6773E-7 4.3299E-5
 6.1505E-5 5.7434E-5 6.5911E-5 8.441E-5 6.4024E-5
 3.2246E-5 -2.9952E-6 -7.7828E-6 -1.2033E-5 -1.2195E-5
 -2.8082E-5 -3.7263E-5 -5.8275E-5 -8.7656E-5 -1.2773E-4
 -1.2224E-4 -8.097E-5 -3.8743E-5 -2.1776E-5 -1.642E-5
 -1.8668E-5 -1.3952E-5 -2.6217E-6 1.3992E-5 -6.5977E-6
 -5.4023E-5 -8.0764E-5 -5.174E-5 1.6037E-6 5.1553E-6
 -6.0412E-5 -6.0412E-5
 4.9772E-5 4.078E-5 3.0727E-5 2.5087E-5 9.9649E-6
 -2.1662E-5 -1.224E-5 -3.4136E-5 -5.2028E-5 -3.5097E-5
 -2.2641E-5 -3.1223E-5 -1.99E-5 -6.9521E-6 5.1716E-6
 -1.4413E-5 -2.4099E-5 -1.3724E-5 -8.6784E-6 1.4798E-6
 -1.4435E-5 -3.0697E-5 -1.6198E-5 -1.3808E-5 -1.0451E-6
 1.976E-5 3.3281E-5 3.3361E-5 1.3739E-5 -1.332E-7
 3.2775E-6 4.6097E-7 -9.2878E-6 6.2093E-6 1.7486E-5
 -9.5845E-6 -6.0329E-5 -7.7913E-5 -4.6311E-5 -1.1325E-5
 1.7337E-5 2.0258E-5 2.0159E-5 2.4222E-5 4.1601E-6
 -1.7829E-6 1.5703E-6 4.7E-6 -1.7434E-6 -2.3189E-5
 -3.4917E-5 6.6094E-5 1.2365E-4 7.7637E-5 8.7189E-5
 1.227E-4 8.0972E-5 2.3735E-5 2.2746E-5 4.3051E-5
 4.2366E-5 4.8041E-5 5.2713E-5 2.9885E-5 8.1198E-6
 6.7202E-6 5.3722E-6 1.0729E-5 2.3745E-5 3.6243E-5
 3.6315E-5 2.732E-5 4.6887E-5 5.5202E-5 4.4192E-5
 2.9208E-5 7.6303E-6 2.5156E-5 5.7507E-5 5.8649E-5
 3.5763E-5 2.7196E-5 2.7941E-5 1.4366E-5 1.8018E-5
 2.7463E-5 2.936E-5 3.0921E-5 4.291E-5 5.9777E-5
 5.3417E-5 5.788E-5 5.8703E-5 3.0276E-5 -1.6768E-5
 -3.7323E-5 -3.1768E-5 -5.2391E-6 2.6374E-5 3.7903E-5
 3.7278E-5 4.5276E-5 4.3305E-5 2.9032E-5 1.405E-5
 -8.3064E-6 7.972E-7 4.5122E-5 5.5386E-5 3.3595E-5
 1.8588E-5 2.8831E-6 -1.1231E-5 -2.76E-7 -6.2871E-6
 -1.5872E-5 -2.7361E-5 -5.8371E-5 -6.3297E-5 -5.8747E-5
 -5.0202E-5 -5.6425E-5 -7.1233E-5 -6.1262E-5 -3.1937E-5
 -1.4326E-5 -1.0926E-5 -6.9143E-6 2.4365E-6 -7.6789E-8
 -7.862E-6 1.0006E-5 1.7503E-5 7.0558E-6 1.8946E-5
 2.218E-5 2.566E-5 3.9846E-5 4.1572E-5 1.7839E-5
 4.1504E-6 -7.3575E-6 -4.8038E-6 -1.0689E-5 -1.042E-5
 -9.9706E-6 -1.7236E-5 -4.1939E-5 -6.5565E-5 -7.4248E-5
 -6.2745E-5 -4.914E-5 -3.9444E-5 -5.1343E-5 -5.6232E-5
 -3.3469E-5 -1.0956E-5 -1.4876E-6 4.5956E-6 -2.6791E-5
 -6.3001E-5 -7.7684E-5 -5.6099E-5 -1.985E-5 -7.1612E-6
 -4.2396E-5 -4.2396E-5
 3.8765E-5 2.4851E-5 2.3034E-5 3.0372E-5 2.8233E-5
 9.0974E-6 1.0037E-5 -1.58E-5 -3.6018E-5 -4.0833E-5
 -4.7491E-5 -5.3329E-5 -2.5958E-5 -4.4749E-6 1.5874E-6
 -1.2049E-5 -1.4327E-5 -4.1164E-6 -1.6015E-6 1.4215E-5
 9.2001E-6 -2.0193E-6 4.4312E-6 -1.0767E-5 -1.4843E-5
 -1.6603E-6 1.0886E-5 1.3723E-5 4.463E-6 3.725E-6
 1.0797E-5 6.7682E-6 1.0461E-5 2.3641E-5 2.4586E-5
 1.3256E-5 -2.009E-5 -3.5247E-5 -1.5707E-5 8.4385E-7
 1.1923E-5 3.6975E-6 -3.4977E-6 -1.634E-6 -5.4132E-6
 2.4644E-6 9.4921E-6 1.3687E-5 9.8689E-6 -8.1565E-6
 -3.1582E-5 2.7549E-5 4.0464E-5 1.3915E-5 4.6457E-5
 9.7214E-5 8.5995E-5 4.9812E-5 3.602E-5 3.9165E-5
 4.8057E-5 5.931E-5 5.854E-5 4.3556E-5 3.9007E-5
 4.0552E-5 3.1529E-5 2.8735E-5 4.3068E-5 5.0872E-5
 3.2647E-5 8.437E-6 2.4084E-5 2.273E-5 -5.4715E-7
 -6.1008E-6 -2.3744E-7 1.9151E-5 4.2406E-5 4.8031E-5
 4.1346E-5 3.9442E-5 3.9197E-5 3.1366E-5 3.7628E-5
 3.2565E-5 1.9376E-5 2.1717E-5 3.8941E-5 5.7899E-5
 5.0115E-5 5.877E-5 7.5027E-5 7.1431E-5 2.7156E-5
 -4.0673E-6 -4.7266E-6 1.1304E-5 2.5819E-5 2.9245E-5
 3.331E-5 4.5918E-5 3.7882E-5 2.3866E-5 1.8415E-5
 7.9406E-6 7.7576E-6 2.026E-5 2.0379E-5 1.0091E-5
 -1.0602E-6 -1.9095E-5 -2.3384E-5 -1.1693E-5 -2.8293E-5
 -3.8912E-5 -2.3736E-5 -2.6632E-5 -3.4578E-5 -4.1273E-5
 -3.6198E-5 -4.2151E-5 -5.7298E-5 -4.9699E-5 -2.0657E-5
 -8.8134E-6 -1.5925E-5 -2.2045E-5 -8.5972E-6 1.0418E-5
 1.1896E-5 8.0748E-6 6.4599E-6 1.1373E-6 -1.5352E-6
 -1.1817E-6 3.7938E-6 1.2625E-5 5.7376E-6 -8.617E-6
 -7.0043E-6 -9.2891E-6 -8.4053E-6 -1.8361E-5 -1.903E-5
 -1.1153E-5 -1.2448E-5 -2.3E-5 -2.3694E-5 -6.7834E-6
 4.9851E-6 -2.793E-6 -1.9195E-5 -5.4699E-5 -7.6725E-5
 -5.3612E-5 -1.9481E-5 -3.4155E-6 1.1266E-6 -2.6196E-5
 -5.1999E-5 -6.6857E-5 -6.5602E-5 -5.8899E-5 -3.8794E-5
 -3.1967E-5 -3.1967E-5
 1.1575E-5 9.3727E-6 1.1671E-5 1.667E-5 2.1493E-5
 1.6278E-5 7.131E-6 -1.6622E-5 -1.8121E-5 -2.1159E-5
 -3.327E-5 -3.7682E-5 -1.4706E-5 -1.2918E-6 2.1569E-7
 -7.2141E-6 -6.1436E-6 -2.7398E-6 -5.6318E-6 1.6979E-5
 2.1013E-5 1.0436E-5 1.1487E-5 -6.6136E-6 -1.409E-5
 -7.2531E-6 -2.7115E-6 -3.9047E-6 -7.5387E-6 -2.2158E-7
 7.4312E-6 4.9566E-6 1.5903E-5 2.5212E-5 1.5843E-5
 1.1606E-5 1.9807E-6 1.3966E-6 7.4489E-6 2.2757E-6
 2.4788E-6 -4.881E-6 -1.322E-5 -1.795E-5 -1.7075E-5
 -1.48E-6 8.0046E-6 1.3416E-5 1.6667E-5 1.1755E-5
 -2.0302E-5 -4.2535E-6 -7.3693E-6 -7.1868E-6 2.4295E-5
 5.8655E-5 5.8915E-5 3.7905E-5 1.8469E-5 1.6409E-5
 3.315E-5 4.5765E-5 4.096E-5 3.0844E-5 3.5286E-5
 4.1182E-5 3.5552E-5 3.1738E-5 4.2259E-5 4.8566E-5
 3.262E-5 6.5799E-6 9.2437E-6 9.4354E-7 -1.9966E-5
 -1.8604E-5 -1.551E-6 1.4141E-5 2.4495E-5 2.8902E-5
 3.0557E-5 2.9941E-5 2.5554E-5 1.9843E-5 2.9823E-5
 2.5996E-5 1.2116E-5 1.183E-5 2.4317E-5 3.777E-5
 2.6982E-5 3.548E-5 5.6136E-5 6.5411E-5 3.5088E-5
 8.2505E-6 5.1376E-6 1.0945E-5 1.2817E-5 1.3571E-5
 2.1349E-5 3.3113E-5 2.2025E-5 1.0954E-5 1.3537E-5
 7.9544E-6 -6.5299E-6 -1.5689E-5 -1.7775E-5 -1.7788E-5
 -1.9505E-5 -2.3972E-5 -1.2895E-5 7.8218E-7 -1.6277E-5
 -2.5012E-5 -9.0909E-6 -7.5229E-6 -1.5032E-5 -2.4737E-5
 -2.0102E-5 -2.0575E-5 -3.1206E-5 -2.6621E-5 -5.8117E-6
 -9.4965E-7 -1.1667E-5 -2.297E-5 -1.1557E-5 7.5931E-6
 8.034E-6 9.28E-8 -4.3871E-6 -8.5595E-6 -9.8718E-6
 -5.2832E-6 2.6382E-7 2.8748E-6 -7.5494E-6 -1.4054E-5
 -6.6975E-6 -9.2248E-6 -1.0994E-5 -1.7438E-5 -1.4632E-5
 -9.5217E-6 -1.3668E-5 -1.2955E-5 4.2959E-6 2.7832E-5
 3.1728E-5 1.8577E-5 2.2543E-6 -3.0889E-5 -6.0642E-5
 -5.3053E-5 -1.8335E-5 2.2962E-6 3.3179E-6 -1.598E-5
 -2.5544E-5 -2.9673E-5 -3.9734E-5 -5.6986E-5 -4.1703E-5
 -2.4599E-5 -2.4599E-5
 -2.7491E-6 -9.5237E-7 2.2334E-7 1.2434E-6 6.7916E-6
 1.2161E-5 1.8249E-7 -2.0457E-5 -1.3495E-5 -1.3454E-5
 -2.2918E-5 -2.3768E-5 -6.7279E-6 1.6767E-7 -1.3668E-6
 -5.087E-6 -1.6972E-6 -2.2064E-6 -6.7926E-6 1.8279E-5
 2.4714E-5 1.2085E-5 1.0683E-5 -3.4979E-6 -6.7487E-6
 -1.5793E-6 -2.4658E-6 -8.1491E-6 -9.874E-6 -2.2008E-9
 4.0305E-6 -1.2392E-6 6.2818E-6 9.7249E-6 2.153E-7
 1.7641E-6 4.4901E-6 1.1276E-5 1.05E-5 -2.1958E-6
 -6.4739E-7 -4.2761E-7 -8.0991E-6 -1.7403E-5 -1.6764E-5
 -9.1732E-8 4.7391E-6 3.6592E-6 9.0117E-6 1.3893E-5
 -1.3236E-5 -1.5045E-5 -1.5406E-5 -6.9616E-6 9.9569E-6
 2.5983E-5 3.1913E-5 2.3591E-5 6.8586E-6 5.5559E-6
 2.383E-5 3.3755E-5 2.4505E-5 1.4139E-5 2.0678E-5
 2.7843E-5 2.3668E-5 1.9154E-5 2.7266E-5 3.6005E-5
 2.5574E-5 2.4427E-6 1.2846E-6 -4.9735E-6 -2.0667E-5
 -1.8866E-5 -2.8054E-6 8.9081E-6 1.0673E-5 1.0674E-5
 1.6042E-5 1.8461E-5 1.4153E-5 1.1342E-5 2.2833E-5
 2.4723E-5 1.4996E-5 1.2135E-5 1.9527E-5 2.6761E-5
 1.3465E-5 1.6517E-5 3.4274E-5 4.8071E-5 2.9144E-5
 9.599E-6 7.6164E-6 8.682E-6 4.3926E-6 3.7399E-7
 6.261E-6 1.8416E-5 9.8524E-6 9.7379E-7 7.5857E-6
 5.9272E-6 -1.0404E-5 -2.1277E-5 -2.0978E-5 -1.8007E-5
 -1.8658E-5 -2.1783E-5 -8.3135E-6 2.4057E-6 -1.6598E-5
 -2.0524E-5 -8.4902E-7 -1.0083E-6 -1.3266E-5 -2.4259E-5
 -1.7101E-5 -1.0197E-5 -1.5826E-5 -1.3587E-5 2.5097E-6
 4.5038E-6 -7.7468E-6 -2.2132E-5 -1.1784E-5 7.0021E-6
 6.5889E-6 -5.6822E-7 -3.9575E-6 -7.7621E-6 -1.2409E-5
 -1.1873E-5 -7.5866E-6 -7.3883E-6 -1.8078E-5 -1.879E-5
 -7.1601E-6 -7.4584E-6 -9.6822E-6 -1.2554E-5 -3.8818E-6
 1.8914E-6 -3.7856E-6 -9.1728E-7 1.6834E-5 3.4704E-5
 3.2326E-5 1.9172E-5 1.2858E-5 -1.9736E-6 -2.641E-5
 -3.5282E-5 -1.76E-5 -4.7187E-6 -6.1394E-6 -1.4361E-5
 -7.0577E-6 2.0829E-6 -8.1423E-6 -3.1151E-5 -2.3739E-5
 -1.1909E-5 -1.1909E-5
 -4.7938E-6 -3.2161E-6 -5.55E-6 -7.7374E-6 -1.4063E-6
 1.727E-5 7.3274E-7 -1.2971E-5 4.5102E-6 4.9893E-6
 -5.463E-6 -4.2977E-6 4.4142E-6 6.1579E-6 -5.1721E-7
 -4.0329E-6 -4.775E-7 -7.2515E-6 -1.2933E-5 1.3947E-5
 2.0692E-5 4.2889E-6 1.1495E-6 -6.6658E-6 -3.1655E-6
 3.7998E-6 3.901E-7 -8.5192E-6 -6.5982E-6 6.7347E-6
 6.0166E-6 -3.5668E-6 -1.4496E-6 -1.365E-6 -8.2641E-6
 -8.3088E-6 -1.304E-7 1.1472E-5 6.0704E-6 -1.2211E-5
 -6.7677E-6 4.8793E-6 3.438E-7 -1.1632E-5 -9.6905E-6
 6.7403E-6 2.8475E-6 -1.0279E-5 -4.1585E-6 1.1918E-5
 -2.4737E-6 -1.5374E-5 7.8396E-7 1.2625E-5 6.6427E-6
 -3.1907E-6 4.3424E-6 1.1351E-5 9.46E-7 -3.1326E-6
 7.9133E-6 1.3858E-5 8.3954E-6 9.123E-7 5.3815E-6
 1.105E-5 7.2425E-6 7.8103E-8 2.924E-6 1.3653E-5
 1.0112E-5 -4.0801E-6 -2.1145E-6 1.932E-7 -7.9053E-6
 -6.2413E-6 3.4891E-6 1.0423E-5 4.7706E-6 -6.1229E-6
 -8.65E-8 6.2101E-6 -8.0494E-7 -2.6293E-6 5.7662E-6
 1.3637E-5 9.9342E-6 4.9075E-6 9.724E-6 1.1284E-5
 3.0279E-6 -2.1914E-6 5.8565E-6 1.7162E-5 9.0373E-6
 -1.1825E-6 3.1203E-6 6.5124E-6 2.9448E-6 -5.4225E-6
 -2.2976E-6 9.986E-6 5.5156E-6 -6.5354E-6 -4.7511E-6
 -3.7629E-7 -6.6891E-6 -6.4062E-6 -7.312E-7 -4.255E-7
 -8.1887E-6 -1.7773E-5 -4.1956E-6 1.0484E-5 -5.62E-6
 -1.1663E-5 6.3044E-6 7.4554E-6 -7.8246E-6 -1.4424E-5
 -5.0482E-6 5.1121E-6 3.573E-7 -5.737E-6 4.8985E-6
 1.0674E-5 8.07E-7 -1.2554E-5 -4.711E-6 7.268E-6
 -1.3827E-6 -5.3579E-6 6.0791E-6 1.0971E-5 -1.2068E-6
 -7.485E-6 -3.7097E-6 -3.1677E-6 -1.04E-5 -4.6303E-6
 4.7906E-6 1.9187E-6 -5.2102E-6 -9.2588E-6 -8.7414E-7
 6.4408E-6 2.584E-6 2.8378E-6 7.3747E-6 6.6324E-6
 1.438E-7 -6.4496E-6 1.8363E-6 9.2739E-6 -9.0738E-6
 -2.422E-5 -1.0797E-5 4.9389E-6 -1.6478E-6 -1.5491E-5
 -1.0188E-5 -1.1005E-6 -6.5288E-6 -1.2862E-5 -5.0066E-6
 1.9461E-6 1.9461E-6
 -4.7908E-6 -3.2885E-6 -7.4405E-6 -9.8974E-6 -1.2589E-6
 1.9803E-5 1.5303E-6 -1.5677E-5 3.4691E-6 6.4457E-6
 -4.3938E-6 -4.3382E-6 4.3313E-6 7.5807E-6 -1.638E-7
 -6.6741E-6 -4.6956E-6 -9.365E-6 -9.3394E-6 1.7611E-5
 2.0327E-5 4.9345E-6 2.3855E-6 -8.1156E-6 -4.743E-6
 5.6516E-6 3.8844E-6 -9.0788E-6 -8.7554E-6 1.1027E-5
 1.3772E-5 -1.3875E-6 -6.245E-6 -7.8711E-6 -1.1903E-5
 -1.0546E-5 -2.6799E-6 1.2022E-5 9.6627E-6 -1.101E-5
 -8.4122E-6 5.8163E-6 3.5967E-6 -1.151E-5 -8.964E-6
 1.3911E-5 8.8571E-6 -1.1857E-5 -7.5023E-6 1.0342E-5
 -4.6273E-6 -1.7628E-5 1.3824E-6 1.6717E-5 1.0728E-5
 -2.184E-6 3.7241E-6 1.1366E-5 2.3885E-6 -1.8181E-6
 7.973E-6 1.3963E-5 7.2505E-6 -3.0292E-6 3.406E-7
 7.1213E-6 3.7665E-6 -4.5535E-6 5.401E-7 1.5419E-5
 1.0619E-5 -7.9735E-6 -5.7472E-6 1.4283E-6 -3.9173E-6
 -3.3845E-6 5.6478E-6 1.4346E-5 8.7778E-6 -5.0894E-6
 -2.1953E-6 2.2702E-6 -3.2275E-6 -2.9926E-6 5.8576E-6
 1.5604E-5 1.2269E-5 4.4017E-6 7.2005E-6 8.3869E-6
 7.245E-7 -5.6653E-6 8.837E-7 1.6448E-5 1.2135E-5
 -1.5539E-6 -9.67E-7 4.3914E-6 5.0136E-6 -3.6607E-6
 -3.6363E-6 1.1016E-5 9.7734E-6 -4.3142E-6 -5.0161E-6
 -1.4623E-7 -2.1146E-6 7.72E-7 3.1613E-6 5.0942E-7
 -8.4582E-6 -1.9906E-5 -5.0989E-6 1.294E-5 -3.8687E-6
 -1.0657E-5 1.0271E-5 1.1215E-5 -8.2211E-6 -1.7353E-5
 -7.127E-6 6.7073E-6 4.532E-6 -2.4521E-6 7.9792E-6
 1.4819E-5 1.2417E-6 -1.7379E-5 -8.5951E-6 6.7363E-6
 -6.7119E-7 -4.8632E-6 7.0139E-6 1.2943E-5 -1.0664E-6
 -9.062E-6 -4.8567E-6 -4.2007E-6 -9.6046E-6 -2.5499E-6
 5.6479E-6 2.7802E-6 -5.3429E-6 -1.1772E-5 -3.5821E-6
 4.4766E-6 3.2821E-6 5.5632E-6 7.285E-6 4.2658E-6
 -3.5046E-6 -1.0853E-5 1.888E-6 1.2738E-5 -9.3073E-6
 -2.7502E-5 -1.0199E-5 1.0771E-5 2.8473E-6 -1.6454E-5
 -1.1374E-5 2.9612E-6 -6.613E-7 -8.9305E-6 -8.594E-7
 5.8116E-6 5.8116E-6
