 -4.596 -5.606 -6.837 -8.388 -9.296
 -9.442 -9.56 -10.6 -11.304 -9.578
 -7.625 -6.675 -5.109 -2.514 0.101
 1.587 2.23 2.224 1.632 1.685
 2.544 3.078 2.394 1.241 0.646
 0.512 0.357 0.59 0.91 1.373
 1.057 0.244 -1.051 -2.453 -3.064
 -2.945 -1.684 -0.189 0.924 1.817
 1.988 0.995 -0.375 -0.894 -0.843
 -0.807 -1.501 -2.253 -2.995 -4.448
 -4.903 -2.347 -0.154 1.78 4.14
 7.349 8.259 7.108 5.491 4.286
 3.311 2.338 1.521 0.959 0.256
 -0.605 -1.816 -3.481 -5.309 -6.17
 -6.092 -5.897 -4.821 -2.206 0.764
 2.913 3.818 3.37 2.523 2.315
 2.236 1.56 0.511 -0.804 -1.818
 -1.883 -1.372 -0.64 -0.103 -0.098
 -0.785 -1.116 -0.185 0.855 0.551
 -0.99 -2.645 -4.086 -5.266 -5.415
 -4.026 -2.137 -0.65 0.47 1.17
 0.98 0.482 0.476 1.05 1.179
 0.853 0.446 0.083 -0.683 -2.056
 -3.419 -4.737 -5.514 -4.79 -3.607
 -2.463 -1.89 -2.271 -3.237 -4.405
 -5.827 -7.304 -8.149 -7.585 -6.132
 -5.02 -4.378 -3.903 -3.371 -2.77
 -1.729 -0.09 1.728 3.322 4.294
 4.561 4.161 3.458 2.959 2.823
 2.046 -0.268 -3.498 -4.741 -4.936
 -5.43 -5.881 -5.731 -5.738 -5.872
 -6.656 -7.359 -7.599 -7.807 -8.133
 -7.415 -5.88 -4.728 -3.808 -3.005
 -3.069 -3.069
 -4.654 -5.289 -6.729 -8.937 -10.674
 -11.917 -13.22 -14.229 -14.173 -11.993
 -9.782 -9.192 -7.6 -3.908 -0.362
 1.583 2.433 2.507 1.981 1.963
 2.659 3.156 2.91 2.1 1.297
 0.882 0.935 1.376 2.215 3.09
 3.222 2.016 -0.458 -2.937 -4.331
 -3.899 -1.28 2.236 4.808 5.496
 4.113 1.755 0.168 -0.098 0.632
 1.483 1.398 0.234 -1.862 -4.635
 -5.68 -2.233 2.865 6.305 9.406
 11.917 10.946 8.199 6.602 5.645
 4.041 2.52 1.706 1.313 0.778
 -0.307 -1.846 -3.863 -5.866 -6.893
 -7.408 -7.698 -6.416 -3.494 -0.748
 0.958 1.61 1.451 1.265 1.667
 2.238 2.199 1.522 0.389 -0.902
 -1.536 -1.106 -0.254 0.111 -0.068
 -0.294 0.021 1.226 2.272 1.779
 -0.135 -2.214 -3.758 -4.7 -4.377
 -2.397 -0.057 1.739 2.732 2.505
 1.346 0.527 1.189 2.972 4.027
 3.319 1.727 0.151 -1.511 -3.372
 -5.329 -7.045 -7.586 -6.57 -5.075
 -4.047 -3.829 -4.789 -6.557 -8.122
 -9.175 -9.904 -9.872 -8.579 -6.664
 -5.274 -4.4 -3.463 -2.846 -2.501
 -1.514 0.238 2.245 3.695 4.425
 4.449 4.066 3.609 3.325 3.134
 2.144 -0.471 -3.493 -5.063 -5.282
 -5.138 -4.99 -4.942 -5.599 -6.891
 -8.335 -8.588 -7.904 -7.74 -8.093
 -7.666 -6.545 -5.748 -4.941 -4.119
 -4.363 -4.363
 -5.534 -5.658 -6.226 -7.869 -9.688
 -11.843 -14.47 -16.179 -16.876 -15.576
 -12.919 -10.907 -8.417 -4.62 -1.056
 0.845 1.631 2.094 2.006 2.004
 2.438 2.914 2.911 2.084 1.04
 0.494 0.504 1.22 2.615 3.921
 4.372 3.591 1.231 -1.706 -3.582
 -2.684 1.666 6.883 9.602 8.818
 5.559 2.033 0.321 0.877 2.555
 3.82 4.0 2.893 -2.0E-3 -4.315
 -6.527 -2.203 5.671 10.955 14.307
 16.077 14.173 11.0 9.208 7.353
 4.253 1.454 -0.016 -0.416 -0.448
 -0.877 -1.856 -3.336 -4.725 -5.589
 -6.799 -8.124 -7.377 -4.605 -2.168
 -0.772 -0.124 0.201 0.67 1.507
 2.304 2.341 1.952 1.378 0.3
 -0.55 -0.22 0.812 1.2 0.741
 0.456 1.045 2.399 3.405 2.922
 1.004 -1.323 -3.05 -3.708 -2.801
 -0.392 2.307 4.492 5.326 4.289
 2.26 0.971 1.832 4.491 6.612
 6.654 4.924 2.148 -0.998 -4.154
 -6.854 -8.763 -9.312 -8.305 -7.154
 -6.55 -6.386 -7.334 -9.195 -10.64
 -11.279 -11.604 -11.194 -9.42 -6.993
 -5.08 -3.628 -2.179 -1.504 -1.477
 -0.697 0.827 2.475 3.573 3.913
 3.593 3.232 3.032 2.874 2.87
 2.39 0.633 -1.402 -2.585 -3.045
 -3.033 -2.987 -3.553 -4.959 -6.913
 -8.059 -7.088 -5.362 -4.953 -6.03
 -7.058 -7.173 -6.893 -5.969 -4.647
 -4.376 -4.376
 -5.199 -5.557 -6.143 -7.736 -9.55
 -11.583 -13.808 -15.361 -16.645 -15.881
 -12.396 -8.654 -5.761 -2.946 -0.35
 0.678 0.636 0.911 1.07 1.217
 1.876 2.763 2.991 2.13 1.188
 0.891 0.925 1.552 2.819 3.992
 4.643 4.405 2.444 -0.251 -1.737
 0.166 5.609 10.498 11.429 9.16
 5.672 2.515 1.218 2.357 4.497
 5.523 5.191 4.023 1.343 -2.989
 -5.332 -0.635 8.381 14.477 17.671
 18.642 15.528 11.214 9.227 7.867
 4.888 1.643 -0.479 -1.283 -0.903
 -0.362 -0.421 -1.019 -1.748 -2.613
 -4.498 -7.015 -7.438 -5.348 -3.347
 -2.171 -1.286 -0.36 0.727 1.903
 2.604 2.362 2.118 2.016 1.261
 0.582 1.147 2.58 3.253 2.603
 1.961 2.446 3.624 4.273 3.541
 1.488 -0.764 -2.25 -2.605 -1.436
 1.029 3.725 5.791 6.18 4.654
 2.352 1.068 2.162 5.274 8.248
 9.277 7.881 4.58 0.372 -3.867
 -7.106 -9.153 -9.991 -9.458 -8.721
 -8.254 -8.062 -8.806 -10.126 -10.991
 -11.072 -10.819 -9.949 -7.82 -5.262
 -3.445 -2.032 -0.507 0.286 0.422
 1.249 2.465 3.252 3.455 3.107
 2.241 1.746 1.685 1.884 2.906
 3.992 3.52 2.036 0.817 0.27
 0.431 0.458 -0.768 -3.147 -5.54
 -6.327 -4.821 -2.813 -2.252 -3.702
 -5.837 -7.13 -7.216 -5.705 -3.496
 -2.735 -2.735
 -4.578 -5.12 -5.347 -5.828 -6.433
 -7.963 -10.487 -12.663 -13.94 -12.535
 -8.422 -4.326 -1.868 0.177 1.974
 1.881 0.644 0.188 0.088 -0.04
 0.517 1.732 2.422 1.968 1.372
 1.372 1.556 2.198 3.385 4.502
 5.264 5.231 3.748 1.896 1.305
 3.606 8.218 11.194 10.736 8.682
 6.223 3.818 2.764 3.879 6.106
 7.184 6.631 5.481 3.214 -0.807
 -3.061 1.807 11.398 18.022 20.965
 21.315 17.827 13.062 10.655 9.334
 6.824 3.998 1.824 0.635 1.045
 2.314 3.173 3.157 2.255 0.856
 -1.311 -4.385 -5.927 -4.717 -3.027
 -2.119 -1.479 -0.388 1.212 2.558
 2.657 1.832 1.625 1.79 1.395
 1.095 1.996 3.782 4.935 4.681
 3.974 4.299 5.262 5.42 4.097
 1.622 -0.286 -0.978 -0.93 0.199
 2.307 4.665 6.334 6.124 4.455
 2.492 1.517 2.856 5.952 8.656
 9.747 8.83 5.916 1.272 -3.784
 -7.119 -8.69 -9.42 -9.324 -8.883
 -8.398 -8.074 -8.415 -9.166 -9.73
 -9.664 -9.116 -7.915 -5.741 -3.401
 -1.82 -0.642 0.61 1.413 1.756
 2.479 3.254 3.506 3.315 2.777
 2.02 1.78 1.688 1.781 2.967
 4.495 4.873 4.564 4.083 3.585
 3.497 3.225 1.702 -1.101 -3.655
 -4.23 -2.871 -1.442 -1.296 -2.89
 -5.304 -7.06 -7.021 -4.916 -2.383
 -1.372 -1.372
 -3.124 -3.798 -3.871 -3.786 -4.171
 -6.179 -8.875 -10.279 -10.168 -7.843
 -3.813 -0.412 1.043 2.168 3.062
 2.061 0.137 -0.645 -0.748 -0.95
 -0.622 0.499 1.537 1.863 1.797
 1.777 1.758 2.34 3.582 4.684
 5.162 4.658 3.284 2.454 3.189
 5.905 9.228 10.56 9.925 8.719
 6.963 5.003 4.026 4.753 6.822
 8.28 8.05 6.978 4.819 1.101
 -0.683 4.197 13.063 18.823 21.202
 21.668 18.799 14.33 11.815 10.684
 9.014 7.001 5.112 3.925 4.34
 5.556 6.44 6.555 5.427 3.72
 1.591 -1.683 -4.202 -3.99 -2.381
 -1.268 -0.845 0.073 1.861 3.119
 2.451 1.064 0.955 1.583 2.004
 2.472 3.61 5.259 6.335 6.326
 5.942 6.207 6.647 6.206 4.559
 2.041 0.431 0.277 0.749 1.829
 3.359 5.019 5.926 5.317 4.175
 3.036 2.279 3.378 5.981 8.103
 9.069 8.628 6.639 2.85 -1.835
 -4.967 -6.345 -7.252 -7.789 -7.771
 -7.33 -6.884 -6.785 -7.049 -7.523
 -7.614 -7.137 -6.094 -4.463 -2.712
 -1.398 -0.185 1.488 3.043 3.726
 3.827 3.722 3.507 3.116 2.628
 2.251 2.398 2.435 2.481 3.524
 5.105 6.218 7.247 7.738 7.176
 6.388 5.325 3.544 1.073 -1.087
 -1.609 -0.69 0.038 -0.542 -2.248
 -4.296 -5.934 -5.931 -4.198 -2.495
 -1.84 -1.84
 -0.796 -1.543 -1.85 -1.888 -2.195
 -4.053 -6.541 -7.593 -6.676 -3.569
 0.387 2.902 3.149 3.03 2.748
 1.136 -0.703 -1.188 -0.996 -1.23
 -1.365 -0.57 0.723 1.703 2.064
 2.192 2.389 2.952 3.835 4.723
 5.145 4.613 3.494 3.147 4.271
 6.948 9.415 9.847 9.358 8.743
 7.577 6.245 5.249 5.19 6.464
 7.64 7.506 6.668 5.045 2.2
 1.303 6.284 14.158 19.059 21.114
 21.553 19.368 15.503 12.726 11.475
 10.424 9.032 7.375 6.236 6.464
 7.408 8.527 9.282 8.572 7.09
 4.978 1.233 -2.069 -2.28 -0.486
 0.612 0.605 1.301 3.099 4.103
 2.952 1.359 1.268 2.061 3.02
 3.947 4.882 5.993 6.797 7.125
 7.444 7.845 7.676 6.515 4.705
 2.741 1.703 1.792 2.291 3.026
 3.992 5.037 5.39 4.759 3.969
 3.215 2.743 3.712 5.809 7.517
 8.265 7.841 6.552 4.047 0.231
 -2.651 -3.899 -4.85 -5.676 -5.871
 -5.49 -4.894 -4.167 -3.641 -3.821
 -4.163 -4.13 -3.861 -3.287 -2.504
 -1.917 -0.961 1.182 3.68 4.841
 4.47 3.868 3.75 3.491 2.949
 2.57 2.769 2.949 3.116 4.109
 5.824 7.653 9.642 10.616 9.818
 8.315 6.33 4.419 2.986 1.847
 1.305 1.344 1.193 -0.079 -1.942
 -3.428 -4.585 -4.843 -4.094 -3.336
 -2.706 -2.706
 1.748 1.128 0.68 0.26 -0.448
 -2.419 -4.859 -5.616 -3.743 0.183
 3.8 5.367 4.676 3.448 2.168
 0.453 -0.728 -0.701 -0.346 -0.573
 -0.863 -0.258 1.029 2.157 2.752
 3.229 3.819 4.232 4.336 4.589
 4.922 4.751 4.328 4.448 5.476
 7.643 9.504 9.634 9.239 8.678
 7.667 6.93 6.429 6.059 6.32
 6.672 6.522 6.185 5.294 3.407
 3.451 8.739 15.789 19.589 21.195
 21.925 20.432 16.775 13.504 12.186
 11.763 10.934 9.526 8.33 8.226
 9.056 10.577 11.944 11.747 10.441
 8.007 3.688 -0.158 -0.648 1.089
 2.057 1.992 2.558 3.631 3.762
 2.54 1.491 1.953 3.138 4.326
 5.083 5.255 5.523 6.13 7.137
 8.353 8.804 8.0 6.354 4.678
 3.508 3.379 4.199 4.961 5.126
 5.195 5.432 5.306 4.822 4.273
 3.757 3.597 4.331 5.981 7.552
 8.1 7.495 6.475 4.888 2.126
 -0.218 -1.23 -1.867 -2.679 -3.376
 -3.549 -3.022 -1.809 -0.841 -1.102
 -1.908 -2.31 -2.418 -2.314 -2.173
 -2.259 -1.532 1.065 4.207 5.508
 4.695 3.776 3.921 4.063 3.593
 3.019 3.055 3.362 3.7 4.648
 6.441 8.758 11.226 12.321 11.352
 9.235 6.464 4.741 4.739 4.72
 3.631 1.678 -0.214 -1.784 -2.939
 -3.275 -3.525 -3.924 -4.009 -3.65
 -2.693 -2.693
 4.387 3.744 3.076 2.386 1.535
 -0.334 -2.633 -3.352 -1.421 2.445
 5.607 6.644 5.674 4.045 2.326
 0.785 0.159 0.303 0.412 0.16
 0.013 0.653 1.938 3.167 4.089
 4.991 5.769 5.835 5.079 4.518
 4.66 4.853 5.198 5.958 6.926
 8.466 9.838 9.841 9.397 9.006
 8.482 8.296 7.99 6.896 5.659
 5.054 5.237 5.519 4.893 3.161
 3.222 8.457 15.333 18.782 20.408
 21.876 21.367 18.071 14.425 13.172
 13.524 13.529 12.713 11.456 10.723
 11.13 12.567 14.069 14.253 12.983
 10.114 5.476 1.295 0.432 2.061
 3.016 2.972 3.456 4.011 3.582
 2.562 2.309 3.617 5.12 5.938
 6.033 5.45 5.098 5.458 6.761
 8.656 9.572 8.941 7.311 5.539
 4.535 4.916 6.445 7.757 7.701
 6.803 5.876 5.198 5.124 5.314
 5.373 5.193 5.243 6.48 8.002
 8.267 7.455 6.659 5.815 4.124
 2.267 1.106 0.776 0.782 0.316
 -0.496 -0.695 0.233 0.991 0.374
 -0.72 -1.248 -1.408 -1.31 -1.152
 -1.369 -0.734 2.321 6.012 7.223
 5.855 4.584 4.827 5.063 4.387
 3.537 3.475 3.981 4.446 5.141
 6.62 8.748 10.974 12.038 11.426
 9.547 6.762 5.294 6.155 6.913
 5.62 2.33 -0.855 -2.451 -2.941
 -2.529 -2.213 -2.786 -3.362 -3.085
 -1.962 -1.962
 6.447 5.891 5.261 4.674 3.904
 1.952 -0.36 -1.064 0.728 4.393
 7.31 7.886 6.337 4.196 2.357
 1.18 1.01 1.203 1.058 0.737
 0.675 1.32 2.428 3.595 4.999
 6.482 7.145 6.565 5.204 4.413
 4.998 6.027 7.013 7.768 8.13
 9.125 10.546 10.957 10.729 10.278
 9.54 9.225 9.018 7.761 5.682
 4.29 4.361 4.754 4.218 2.773
 2.896 7.491 13.839 17.542 19.581
 21.32 21.256 18.63 15.471 14.694
 15.502 15.725 15.165 14.017 13.001
 13.088 14.158 15.319 15.37 13.938
 11.273 7.347 3.446 2.255 3.49
 4.09 3.889 4.392 4.74 3.943
 3.018 3.429 5.388 6.856 7.007
 6.364 5.266 4.762 5.318 7.068
 9.556 10.987 10.714 9.348 7.744
 6.798 7.119 8.736 10.28 10.046
 8.404 6.514 5.359 5.74 6.825
 7.466 7.073 6.474 7.274 8.487
 8.433 7.629 7.311 7.119 5.854
 4.056 2.884 2.918 3.583 3.458
 2.376 1.617 2.02 2.28 1.304
 -0.03 -0.88 -1.316 -1.187 -0.615
 -0.367 0.534 3.941 7.894 8.886
 7.094 5.762 6.31 6.697 5.809
 4.568 4.082 4.411 4.878 5.514
 6.931 8.751 10.318 11.0 10.479
 8.843 6.626 5.982 7.475 8.371
 6.759 2.744 -1.442 -3.411 -3.074
 -1.402 -0.429 -1.172 -2.074 -1.94
 -1.046 -1.046
 7.857 7.279 6.653 6.171 5.574
 3.869 1.921 1.394 2.724 5.561
 8.059 8.739 7.457 5.241 2.967
 1.431 1.258 1.696 1.552 0.988
 0.824 1.417 2.466 3.875 5.812
 7.573 7.867 6.819 5.44 4.796
 5.627 7.122 8.385 9.028 9.209
 10.183 11.831 12.681 12.78 12.112
 10.721 9.884 9.654 8.618 6.404
 4.58 4.278 4.333 3.529 2.233
 2.617 6.897 13.042 17.452 19.942
 21.403 21.485 19.799 17.559 17.221
 17.83 17.476 16.844 16.138 15.38
 15.421 16.114 16.824 16.709 15.234
 12.938 9.835 6.184 4.391 4.997
 5.293 5.022 5.505 5.632 4.45
 3.557 4.441 6.571 7.759 7.661
 6.964 5.795 5.207 5.962 8.114
 10.866 12.438 12.279 11.055 9.721
 9.018 9.159 10.45 11.838 11.171
 8.85 6.497 5.369 6.393 8.47
 9.793 9.197 7.842 7.845 8.447
 8.282 7.848 8.036 8.246 7.126
 5.359 4.467 4.993 6.083 6.08
 5.065 4.405 4.414 3.896 2.423
 0.855 -0.402 -1.31 -1.299 -0.39
 0.354 1.531 4.935 8.751 9.625
 7.762 6.415 7.016 7.455 6.565
 5.277 4.628 4.787 5.182 5.708
 6.992 8.677 9.972 10.34 9.708
 8.456 7.096 7.092 8.809 9.718
 7.856 3.509 -1.18 -3.7 -3.11
 -0.514 1.213 0.65 -0.549 -0.898
 -0.427 -0.427
 9.146 8.924 8.341 7.703 7.022
 5.415 3.843 4.008 5.459 7.444
 9.286 9.969 8.972 6.896 4.358
 2.372 1.914 2.494 2.459 1.622
 1.324 2.019 3.317 5.019 6.96
 8.427 8.414 7.424 6.607 6.447
 7.224 8.497 9.551 10.067 10.336
 11.454 13.309 14.6 15.108 14.377
 12.554 11.131 10.308 9.003 6.902
 5.249 4.797 4.434 3.36 2.127
 2.352 5.649 11.398 17.185 20.988
 22.76 23.06 21.938 20.301 19.854
 19.444 18.06 17.214 16.923 16.574
 16.774 17.238 17.606 17.459 16.076
 14.247 12.095 8.856 6.489 6.427
 6.496 6.15 6.404 6.143 4.703
 4.191 5.822 8.105 8.809 8.148
 7.132 5.84 5.184 6.281 9.052
 11.972 13.468 13.334 12.018 10.728
 10.47 10.966 12.256 13.422 12.243
 9.419 6.879 5.748 6.925 9.324
 10.817 10.007 8.355 8.1 8.445
 8.234 7.961 8.307 8.817 8.221
 6.838 6.104 6.755 8.019 8.238
 7.542 6.988 6.412 5.045 3.179
 1.534 1.0E-3 -1.349 -1.568 -0.519
 0.617 2.121 5.604 9.401 10.406
 8.729 7.393 7.869 8.222 7.144
 5.681 4.996 5.079 5.423 6.0
 7.256 8.801 9.951 10.308 9.938
 9.359 8.745 8.714 9.758 10.322
 8.558 4.374 -0.347 -3.093 -2.443
 0.628 2.916 2.646 1.216 0.327
 0.28 0.28
 11.091 11.221 10.406 9.399 8.629
 7.125 5.291 5.045 6.458 8.506
 10.429 11.213 10.294 8.188 5.471
 3.362 2.644 2.91 2.778 1.936
 1.753 2.597 3.857 5.207 6.552
 7.709 8.069 7.767 7.685 8.139
 8.866 9.695 10.4 10.614 10.665
 11.84 14.206 16.336 17.368 16.432
 14.055 12.075 10.711 9.128 7.231
 5.801 5.103 4.373 3.16 1.668
 1.363 4.404 10.855 18.182 22.923
 24.772 25.102 24.151 22.721 21.823
 20.184 17.781 16.66 16.679 16.861
 17.517 18.065 18.249 18.245 17.271
 15.74 14.022 11.292 8.707 7.75
 7.206 6.762 6.906 6.375 4.93
 4.961 7.276 9.688 10.089 9.192
 8.164 7.004 6.477 7.806 10.764
 13.486 14.918 15.041 13.644 12.076
 11.794 12.301 13.556 14.79 13.698
 10.814 8.1 6.738 7.655 9.933
 11.31 10.274 8.526 8.149 8.213
 7.827 7.574 8.065 9.067 9.259
 8.333 7.798 8.728 10.172 10.451
 9.712 8.848 7.747 5.959 3.865
 1.92 -0.068 -1.8 -2.214 -1.017
 0.759 3.12 7.207 11.208 12.267
 10.611 9.053 9.075 8.966 7.346
 5.603 5.008 4.937 5.11 5.951
 7.393 8.755 9.79 10.378 10.37
 10.185 10.054 10.074 10.648 10.884
 9.232 5.526 1.278 -1.43 -1.051
 1.73 4.081 4.281 3.061 1.936
 1.474 1.474
 13.593 13.62 12.595 11.396 10.382
 8.648 6.219 5.316 6.606 8.498
 10.301 11.383 10.79 8.655 5.801
 3.828 3.062 3.09 3.074 2.458
 2.356 3.171 4.242 5.137 5.817
 6.595 7.286 7.685 8.395 9.404
 9.857 10.074 10.593 10.88 10.953
 12.117 14.547 16.968 18.442 17.755
 15.323 13.05 11.248 9.4 7.623
 6.26 5.182 4.039 2.828 1.604
 1.515 4.607 11.372 19.702 25.133
 26.919 27.234 26.221 24.395 22.715
 20.334 17.583 16.356 16.675 17.607
 19.112 20.109 20.006 19.504 18.431
 17.062 15.709 13.458 10.762 8.886
 7.493 6.801 6.917 6.474 5.391
 5.984 8.78 11.207 11.404 10.604
 10.174 9.919 9.898 11.005 13.237
 15.03 16.041 16.497 15.546 14.122
 13.688 13.79 14.57 15.621 14.781
 12.193 9.577 8.245 9.077 11.12
 12.004 10.462 8.715 8.535 8.6
 8.198 7.919 8.264 9.396 10.047
 9.399 9.238 10.708 12.309 12.46
 11.491 10.148 8.453 6.33 4.158
 1.984 -0.501 -2.62 -3.087 -1.595
 0.759 3.62 7.76 11.582 12.801
 11.604 10.119 9.806 9.498 7.733
 5.877 5.404 5.472 5.729 6.597
 7.802 8.82 9.724 10.437 10.693
 10.982 11.406 11.512 11.788 11.758
 10.066 6.755 3.065 0.64 0.869
 3.067 4.962 5.321 4.433 3.342
 2.533 2.533
 15.146 15.326 14.547 13.365 12.054
 10.094 7.399 6.344 7.658 9.032
 10.297 11.401 10.943 8.914 6.482
 5.063 4.14 3.447 3.199 2.978
 3.416 4.689 5.954 6.671 6.98
 7.272 7.359 7.388 8.232 9.522
 9.897 9.945 10.537 10.947 11.187
 12.507 14.892 17.117 18.493 18.076
 16.052 13.769 11.549 9.44 7.786
 6.524 5.209 3.764 2.562 1.651
 1.953 5.127 11.699 20.374 26.517
 28.529 28.681 27.48 25.406 23.291
 20.726 18.112 16.951 17.491 18.911
 20.855 22.094 21.855 21.09 20.213
 19.183 17.88 15.526 12.344 9.509
 7.344 6.456 6.732 6.701 6.185
 7.313 10.391 12.764 13.056 12.719
 13.071 13.691 13.904 14.423 15.708
 16.659 17.464 18.345 18.065 17.143
 16.519 15.772 15.691 16.418 15.759
 13.373 10.974 9.981 10.873 12.493
 12.484 10.227 8.578 8.852 9.204
 8.971 8.768 8.961 10.026 10.9
 10.55 10.882 12.672 13.923 13.476
 12.101 10.44 8.391 6.036 3.82
 1.493 -1.303 -3.533 -3.858 -2.02
 0.802 3.793 7.608 11.262 12.984
 12.683 11.618 11.079 10.538 8.662
 6.5 5.711 5.838 6.331 7.14
 8.061 9.133 10.423 11.38 11.7
 12.204 12.993 13.292 13.504 13.088
 10.878 7.531 4.26 2.183 2.269
 3.939 5.681 6.468 5.989 4.909
 3.729 3.729
 16.071 17.064 17.044 15.77 13.806
 11.467 8.641 7.734 9.35 10.358
 10.916 11.618 11.046 9.3 7.626
 6.896 5.963 4.563 3.665 3.497
 4.461 6.377 8.059 8.803 8.97
 8.855 8.23 7.627 7.905 8.59
 8.753 9.039 9.936 10.68 11.306
 12.693 14.782 16.516 17.406 17.112
 15.626 13.565 11.288 9.138 7.507
 6.252 4.889 3.424 2.398 1.833
 2.619 6.103 12.307 20.645 27.157
 29.627 29.913 28.715 26.565 24.418
 22.14 19.688 18.18 18.398 19.811
 21.809 23.247 23.176 22.418 21.83
 21.158 19.892 17.372 13.622 9.904
 7.265 6.359 6.76 7.173 7.249
 8.817 12.035 14.37 14.963 15.112
 15.941 17.004 17.104 16.987 17.552
 18.181 19.298 20.746 21.035 20.247
 18.923 17.147 16.288 16.685 16.223
 14.301 12.42 11.871 12.887 14.182
 13.368 10.459 8.772 9.157 9.654
 9.803 9.981 10.189 10.936 11.476
 11.158 11.882 13.875 14.905 14.065
 12.357 10.489 8.198 5.548 3.189
 0.693 -2.351 -4.647 -4.984 -2.973
 0.455 4.0 7.837 11.285 13.23
 13.534 12.656 11.9 11.319 9.453
 6.961 5.811 5.978 6.609 7.284
 8.145 9.712 11.533 12.471 12.657
 13.343 14.435 14.892 15.114 14.575
 12.001 8.322 5.193 3.497 3.564
 4.971 6.858 8.169 7.966 6.576
 4.761 4.761
 16.397 18.052 18.982 17.897 15.472
 13.079 10.483 9.551 10.998 11.595
 11.589 11.865 11.195 9.987 9.18
 8.728 7.677 6.03 4.647 4.323
 5.496 7.581 9.234 9.693 9.396
 8.892 8.178 7.477 7.333 7.581
 7.958 8.856 9.88 10.516 11.308
 12.791 14.7 15.957 16.13 15.698
 14.932 13.635 11.624 9.352 7.452
 6.014 4.631 3.226 2.444 2.378
 3.721 7.268 12.739 20.415 27.006
 29.868 30.388 29.284 27.239 25.326
 23.479 21.226 19.432 19.444 20.965
 22.98 24.367 24.146 22.997 22.265
 21.915 21.082 18.899 15.088 10.778
 7.625 6.549 6.943 7.625 8.146
 10.009 13.134 15.233 16.067 16.705
 18.09 19.732 19.858 19.212 19.244
 19.85 21.308 23.005 23.449 22.464
 20.581 18.355 17.119 17.132 16.517
 14.768 13.404 13.486 14.791 15.758
 14.16 10.921 9.431 9.668 9.887
 10.202 10.855 11.603 12.78 13.374
 12.709 12.982 14.536 15.167 14.23
 12.644 10.722 8.01 4.877 2.23
 -0.647 -4.127 -6.627 -6.913 -4.497
 -0.299 3.942 7.886 11.01 13.05
 14.071 13.653 12.921 12.339 10.253
 7.226 5.7 5.884 6.605 7.336
 8.545 10.721 12.642 13.077 13.037
 13.948 15.234 15.716 15.882 15.41
 12.806 8.863 5.791 4.541 4.835
 6.167 8.009 9.469 9.502 8.131
 6.036 6.036
 16.455 19.073 20.847 19.634 16.48
 13.974 11.722 10.612 11.456 11.372
 11.058 11.851 11.843 11.009 10.601
 10.304 9.401 7.909 6.186 5.494
 6.632 8.636 9.907 9.766 8.912
 8.283 7.803 7.064 6.6 6.858
 7.79 9.22 10.101 10.34 11.152
 13.049 15.459 16.808 16.473 15.577
 14.915 13.969 12.146 9.956 8.034
 6.42 4.873 3.44 2.845 3.234
 5.12 8.761 13.727 20.936 27.435
 30.427 31.208 30.298 28.355 26.527
 24.748 22.41 20.308 20.121 21.673
 23.686 25.17 25.148 23.914 22.936
 22.58 21.928 19.956 16.173 11.442
 7.822 6.508 6.799 7.645 8.482
 10.599 13.715 15.597 16.427 17.151
 18.667 20.78 21.523 21.163 21.057
 21.632 23.107 24.531 24.696 23.614
 21.899 19.882 18.355 17.617 16.373
 14.643 13.955 14.723 16.215 16.792
 14.587 11.437 10.582 10.8 10.413
 10.407 11.227 12.376 13.936 14.567
 13.483 13.428 14.741 14.902 13.807
 12.511 10.684 7.588 4.08 1.224
 -2.072 -5.946 -8.44 -8.454 -5.914
 -1.702 3.009 7.532 10.813 13.086
 14.679 14.539 13.674 12.966 10.792
 7.598 5.843 5.848 6.538 7.401
 8.957 11.481 13.322 13.403 13.195
 14.063 15.244 15.78 16.195 16.17
 13.955 9.981 6.77 5.587 6.054
 7.637 9.642 11.097 11.302 10.137
 7.928 7.928
 16.549 19.716 21.675 20.099 16.803
 15.146 13.921 12.641 12.471 11.419
 10.502 11.666 12.473 11.892 11.597
 11.661 11.321 10.135 8.191 7.255
 8.288 9.885 10.303 9.313 8.209
 8.023 8.039 7.258 6.525 6.892
 8.153 9.581 10.149 10.222 11.122
 13.386 16.392 18.125 17.629 16.301
 15.441 14.556 12.828 10.846 9.164
 7.516 5.795 4.235 3.615 4.334
 6.909 11.001 15.858 22.522 28.316
 31.17 32.5 31.996 29.99 27.849
 25.795 23.352 21.128 20.84 22.395
 24.315 25.764 25.914 24.697 23.456
 23.058 22.789 21.371 17.844 12.639
 8.334 6.616 6.8 7.928 9.149
 11.569 14.908 16.746 17.39 17.899
 19.12 21.216 22.496 22.692 22.643
 23.159 24.534 25.679 25.874 25.314
 24.096 21.965 19.706 18.128 16.459
 14.983 14.904 16.072 17.62 17.959
 15.377 12.243 11.791 12.159 11.561
 11.318 12.018 13.047 14.466 14.995
 13.776 13.582 14.485 14.043 12.929
 12.172 10.632 7.287 3.452 0.3
 -3.395 -7.391 -9.598 -9.386 -7.203
 -3.37 1.878 7.305 11.19 13.836
 15.66 15.498 14.362 13.316 11.001
 7.881 6.143 6.07 6.775 7.915
 9.881 12.362 13.805 13.918 14.059
 14.924 15.856 16.46 17.229 17.588
 15.555 11.392 7.93 6.727 7.338
 9.081 10.953 12.032 12.313 11.696
 9.924 9.924
 17.444 20.934 22.449 20.045 16.7
 15.972 15.793 14.544 13.433 11.195
 9.216 10.598 12.63 12.653 12.478
 12.802 12.755 11.582 9.479 8.523
 9.486 10.546 10.101 8.632 7.775
 8.129 8.519 7.921 7.237 7.675
 8.986 10.206 10.623 10.837 11.881
 14.382 17.765 19.673 19.091 17.596
 16.636 15.716 13.831 11.537 9.586
 7.82 6.237 4.976 4.634 5.765
 8.759 12.972 18.037 24.921 30.385
 32.929 34.454 34.158 32.107 29.72
 27.324 24.693 22.417 22.155 23.792
 25.599 26.8 26.85 25.656 24.362
 23.968 23.917 22.964 19.771 14.077
 8.982 6.979 7.369 8.933 10.434
 12.876 16.199 18.063 18.926 19.693
 20.675 22.397 23.774 24.056 23.786
 24.345 25.784 26.604 26.732 26.599
 25.745 23.643 21.149 19.11 17.074
 15.776 16.213 17.694 19.168 19.091
 15.971 12.592 12.278 13.008 12.83
 12.747 13.27 13.948 14.97 15.233
 13.913 13.66 14.307 13.52 12.464
 11.917 10.149 6.365 2.354 -0.909
 -4.727 -8.394 -9.999 -9.798 -8.268
 -4.554 1.305 7.3 11.957 15.33
 17.004 16.27 14.733 13.343 10.835
 7.841 6.252 6.094 6.648 7.927
 10.312 12.794 13.998 14.603 15.438
 16.251 16.798 17.305 18.06 18.169
 15.847 11.714 8.577 7.704 8.524
 10.232 11.747 12.431 12.691 12.364
 10.909 10.909
 18.816 22.641 23.866 20.72 17.098
 16.556 16.539 15.233 13.978 11.396
 8.752 10.305 13.286 13.625 13.343
 13.714 13.529 11.996 9.871 9.198
 10.233 10.864 9.843 8.463 8.309
 9.102 9.517 9.051 8.562 8.954
 9.888 10.585 10.961 11.626 12.921
 15.392 18.827 20.992 20.767 19.395
 18.151 16.822 14.525 11.706 9.24
 7.257 5.921 5.184 5.378 7.093
 10.349 14.348 19.526 26.688 31.919
 34.122 35.764 35.803 33.863 31.288
 28.652 25.977 23.753 23.597 25.382
 27.183 28.26 28.306 27.318 26.221
 25.755 25.447 24.607 21.602 15.208
 9.204 7.116 7.997 10.063 11.766
 14.175 17.388 19.13 20.287 21.753
 23.087 24.855 26.393 26.465 25.489
 25.638 26.965 27.715 28.088 28.237
 27.332 25.184 22.769 20.488 18.042
 16.701 17.369 18.98 20.259 19.601
 15.812 12.199 12.035 13.154 13.627
 13.914 14.267 14.622 15.308 15.155
 13.389 12.831 13.396 12.642 11.698
 11.177 9.347 5.578 1.454 -2.09
 -5.93 -9.048 -9.922 -9.752 -8.825
 -5.076 1.331 7.739 13.281 17.661
 19.081 17.359 15.251 13.707 11.206
 8.299 6.684 6.225 6.352 7.559
 10.414 13.203 14.404 15.528 16.98
 17.585 17.518 17.55 17.948 17.771
 15.398 11.617 9.09 8.754 9.894
 11.536 12.63 12.945 13.042 12.791
 11.659 11.659
 20.186 24.164 25.212 21.843 18.463
 18.364 18.333 16.3 14.599 12.083
 9.036 10.479 14.121 14.689 14.161
 14.273 13.514 11.604 9.89 9.642
 10.585 10.665 9.107 8.067 8.898
 10.329 10.979 10.783 10.555 10.881
 11.203 11.091 11.247 12.33 13.891
 16.122 19.283 21.631 22.098 21.199
 19.669 17.72 14.79 11.494 8.889
 6.985 5.797 5.252 5.733 7.891
 11.109 14.506 19.567 26.877 32.033
 34.361 36.599 37.318 35.653 32.96
 30.02 27.16 25.026 25.175 27.268
 29.108 30.038 29.948 28.962 27.927
 27.305 26.706 25.953 23.038 16.025
 9.366 7.338 8.696 11.263 13.269
 15.63 18.514 19.946 21.409 23.665
 25.581 27.779 29.644 29.42 27.676
 27.281 28.299 29.048 29.872 30.356
 29.364 27.14 24.75 22.177 19.39
 18.035 18.806 20.316 21.126 19.656
 15.126 11.508 11.795 13.34 14.326
 14.946 15.218 15.323 15.75 15.322
 13.176 12.294 12.776 11.975 10.865
 10.159 8.457 5.047 0.794 -3.21
 -6.983 -9.408 -9.496 -9.184 -8.671
 -5.019 1.655 8.304 14.443 19.713
 21.218 18.862 16.31 14.573 11.871
 8.714 6.778 5.925 5.642 6.787
 10.219 13.708 15.372 17.115 19.077
 19.52 18.747 17.765 17.225 16.659
 14.577 11.442 9.553 9.684 11.111
 12.729 13.587 13.681 13.381 12.847
 11.876 11.876
 21.309 24.632 25.583 22.873 20.372
 20.886 20.882 18.172 16.147 13.88
 10.283 11.064 15.007 15.66 14.512
 13.958 12.537 10.478 9.417 9.701
 10.719 10.56 8.64 7.762 9.228
 11.228 12.362 12.591 12.557 12.725
 12.528 11.855 11.826 13.097 14.861
 16.992 19.851 22.228 23.358 22.943
 20.997 18.271 14.791 11.288 8.876
 7.384 6.45 5.896 6.324 8.602
 11.576 14.321 19.333 26.903 32.132
 34.595 37.243 38.594 37.369 34.802
 31.707 28.611 26.484 26.965 29.458
 31.343 31.941 31.522 30.574 29.813
 29.115 28.085 27.162 24.312 17.032
 9.837 7.703 9.535 12.828 15.389
 17.5 19.552 20.552 22.384 25.364
 27.992 30.899 33.15 32.695 30.364
 29.282 29.747 30.502 31.693 32.299
 31.127 28.851 26.601 24.057 21.277
 19.876 20.512 21.787 22.071 19.705
 14.382 10.867 11.675 13.531 14.904
 15.898 16.227 16.104 16.213 15.652
 13.451 12.376 12.734 11.846 10.485
 9.485 7.743 4.42 -0.308 -4.991
 -8.605 -10.266 -9.664 -8.998 -8.37
 -4.608 2.191 8.916 15.283 21.145
 23.046 20.6 17.881 15.898 12.796
 9.24 6.921 5.689 5.056 6.224
 10.221 14.34 16.427 18.49 20.559
 20.886 19.79 18.144 16.718 15.597
 13.741 11.254 9.986 10.583 12.204
 13.668 14.409 14.606 14.097 13.138
 11.94 11.94
 22.49 24.923 26.061 24.409 22.434
 22.65 22.182 19.102 17.263 15.767
 11.951 11.773 15.647 16.368 14.645
 13.591 11.75 9.395 8.65 9.496
 10.818 10.725 8.844 8.188 9.89
 11.897 12.892 13.066 13.151 13.445
 13.277 12.616 12.626 13.869 15.742
 18.27 21.257 23.398 24.462 23.959
 21.472 18.014 14.189 10.789 8.775
 7.928 7.516 7.111 7.453 9.65
 12.377 14.75 19.906 27.861 33.38
 35.984 38.396 39.573 38.586 36.474
 33.588 30.332 28.053 28.605 31.39
 33.549 34.08 33.432 32.542 32.013
 31.128 29.465 28.048 25.113 17.799
 10.129 7.641 10.033 14.432 17.799
 19.62 20.744 21.457 23.553 26.842
 30.06 33.652 36.12 35.728 33.511
 31.931 31.651 32.184 33.212 33.365
 31.967 30.012 28.199 25.937 23.37
 21.904 22.28 23.191 22.794 19.483
 13.558 10.219 11.239 13.109 14.854
 16.355 16.872 16.608 16.545 16.137
 14.067 12.73 12.999 12.264 10.826
 9.483 7.303 3.443 -2.147 -7.364
 -10.36 -11.052 -9.938 -9.114 -8.412
 -4.463 2.743 9.968 16.493 22.368
 24.404 21.924 18.961 16.642 13.242
 9.504 7.116 5.781 4.902 6.019
 10.228 14.508 16.713 18.879 21.03
 21.558 20.671 19.055 17.281 15.558
 13.462 11.231 10.502 11.598 13.213
 14.323 14.991 15.323 14.694 13.422
 11.945 11.945
 24.077 25.904 27.038 25.966 24.139
 23.708 22.663 19.239 17.268 16.44
 12.768 11.792 15.604 16.665 14.787
 13.454 11.188 8.338 7.712 9.155
 10.799 10.848 9.457 9.333 11.057
 12.623 12.979 12.769 12.987 13.604
 13.672 13.087 13.103 14.294 16.387
 19.729 23.215 24.892 25.175 24.153
 21.225 17.163 13.115 10.089 8.557
 8.171 8.158 8.107 8.744 11.111
 13.824 15.775 20.46 28.379 34.338
 37.368 39.674 40.728 40.07 38.451
 35.786 32.299 29.648 29.978 32.839
 35.399 36.33 35.892 34.995 34.197
 32.69 30.258 28.392 25.545 18.59
 10.843 8.13 11.056 16.466 20.401
 21.746 21.975 22.545 24.847 28.203
 31.865 35.929 38.349 38.16 36.598
 34.906 33.915 34.046 34.785 34.689
 33.352 31.448 29.462 27.314 25.15
 23.754 23.865 24.42 23.278 18.888
 12.587 9.696 10.773 12.318 14.141
 16.024 16.859 16.804 16.981 16.906
 14.775 12.891 13.148 12.916 11.592
 9.94 7.199 2.455 -4.123 -9.568
 -11.755 -11.584 -10.136 -9.366 -8.768
 -4.523 3.572 11.82 18.501 23.769
 25.361 22.756 19.67 17.133 13.641
 9.918 7.536 6.115 5.015 6.0
 10.072 14.034 16.115 18.489 21.043
 22.018 21.334 19.755 17.941 15.977
 13.687 11.498 11.016 12.411 14.017
 14.959 15.599 15.842 15.02 13.574
 11.863 11.863
 26.371 27.632 28.153 26.824 24.858
 23.906 22.566 19.196 17.298 17.258
 14.142 12.348 15.544 17.21 15.914
 14.145 10.928 7.553 7.097 8.724
 10.19 10.39 9.842 10.436 12.163
 13.323 13.148 12.584 12.919 13.911
 14.239 13.612 13.445 14.499 16.993
 21.429 25.509 26.654 25.896 24.114
 20.801 16.334 12.241 9.736 8.683
 8.584 8.914 9.315 10.282 12.682
 15.061 16.048 19.474 27.09 34.188
 38.387 41.219 42.899 42.913 41.597
 38.837 34.886 31.585 31.328 34.017
 36.979 38.545 38.651 37.823 36.574
 34.302 30.98 28.549 25.921 19.813
 12.737 10.435 13.779 19.312 22.889
 23.356 22.904 23.743 26.307 29.503
 33.382 37.654 39.882 39.949 39.111
 37.63 36.4 36.248 36.722 36.491
 35.155 33.048 30.762 28.821 27.142
 25.86 25.634 25.807 24.055 18.67
 12.185 9.919 10.913 11.788 13.274
 15.311 16.578 16.948 17.451 17.598
 15.214 12.62 12.851 13.289 12.27
 10.498 7.195 1.216 -6.403 -11.685
 -12.946 -12.119 -10.459 -9.744 -9.171
 -4.353 4.813 13.772 20.126 24.479
 25.615 23.414 20.981 18.545 14.867
 11.157 8.603 6.595 4.937 5.731
 9.66 13.303 15.419 18.179 21.093
 22.269 21.538 20.049 18.6 16.883
 14.796 12.849 12.415 13.683 15.154
 16.123 16.756 16.65 15.391 13.713
 11.797 11.797
 29.188 30.043 29.83 27.921 25.517
 24.158 22.788 19.615 17.764 18.386
 16.44 14.33 16.246 17.93 17.051
 14.785 11.196 7.994 7.588 8.891
 9.89 10.146 10.288 11.369 13.013
 13.871 13.458 12.789 13.192 14.375
 14.885 14.232 13.815 14.721 17.884
 23.632 28.202 28.713 26.912 24.263
 20.607 16.047 12.015 9.926 9.332
 9.538 10.244 11.072 12.274 14.601
 16.44 16.342 18.347 25.253 33.528
 39.259 42.798 45.351 46.249 45.34
 42.663 38.391 34.273 33.098 35.454
 38.708 40.68 41.204 40.567 39.02
 36.115 31.735 28.149 25.611 21.116
 15.545 13.932 17.409 22.357 25.004
 24.719 24.115 25.49 28.362 31.424
 35.278 39.19 40.833 41.156 41.111
 40.043 38.915 38.642 38.712 37.909
 36.201 34.192 32.315 30.99 29.864
 28.628 27.797 27.375 25.015 18.594
 11.984 10.484 11.528 11.911 13.058
 15.094 16.667 17.32 17.909 18.09
 15.523 12.333 12.381 13.314 12.686
 10.997 7.135 -0.188 -8.599 -13.478
 -14.127 -13.166 -11.486 -10.457 -9.222
 -3.364 6.564 15.407 20.937 24.252
 24.9 23.222 21.664 19.621 16.048
 12.6 10.015 7.427 5.309 6.043
 9.759 13.059 15.387 18.436 21.206
 22.127 21.324 20.269 19.58 18.561
 17.201 15.794 15.254 15.887 16.834
 17.777 18.399 17.857 16.139 14.378
 12.706 12.706
 32.022 32.561 31.952 29.709 26.883
 25.563 24.767 21.649 19.175 19.882
 19.169 16.985 17.318 18.609 18.157
 16.149 13.533 11.18 10.255 10.545
 10.783 10.703 11.001 12.308 13.878
 14.34 13.677 13.139 13.688 14.879
 15.421 14.724 14.139 15.194 19.354
 26.258 30.729 30.196 27.462 24.214
 20.306 15.754 11.83 10.102 10.024
 10.504 11.372 12.492 13.995 16.432
 17.855 16.829 17.44 23.051 32.044
 39.593 44.09 47.318 48.71 48.095
 45.955 41.91 37.114 35.094 37.1
 40.194 42.134 42.949 42.611 40.989
 37.577 31.987 26.81 24.075 21.409
 17.778 16.922 20.337 24.695 26.666
 26.133 25.793 27.696 30.941 33.973
 37.402 40.456 41.448 42.092 42.725
 41.809 40.581 40.429 40.411 39.1
 37.091 35.396 34.162 33.424 32.737
 31.594 30.183 29.075 25.975 18.443
 11.833 11.273 12.634 12.881 13.786
 15.581 17.16 18.037 18.662 18.629
 15.908 12.513 12.541 14.041 14.002
 12.326 7.703 -0.764 -9.561 -14.247
 -15.025 -14.429 -12.986 -11.538 -9.003
 -1.857 8.271 16.481 21.239 23.674
 23.739 22.14 20.781 19.089 16.282
 13.564 11.233 8.751 7.074 8.032
 11.211 14.092 16.634 19.585 21.679
 22.027 21.218 20.757 20.967 21.047
 20.7 19.69 18.798 18.49 18.63
 19.602 20.429 19.556 17.501 15.828
 14.722 14.722
 34.819 35.235 34.706 32.57 29.734
 28.797 28.507 25.16 22.014 22.433
 21.993 19.112 17.927 19.039 19.482
 18.518 17.188 15.443 13.918 13.364
 12.739 11.781 11.689 13.111 14.783
 14.909 14.055 13.753 14.332 15.421
 16.088 15.421 14.718 16.05 20.959
 28.189 31.926 30.5 27.483 24.155
 20.035 15.33 11.414 9.955 10.376
 11.136 12.11 13.345 14.888 17.536
 19.264 18.07 17.699 21.806 29.93
 37.725 43.1 47.234 49.02 48.626
 47.214 43.848 38.989 36.722 38.358
 40.746 42.464 43.65 43.554 41.824
 38.02 31.875 26.156 23.37 21.714
 19.55 19.426 22.734 26.555 28.058
 27.407 26.976 28.861 32.495 35.865
 38.979 41.337 42.122 43.151 44.056
 42.867 41.041 40.825 41.202 40.173
 38.475 37.313 36.669 36.131 35.408
 34.325 32.644 30.842 26.844 18.675
 12.532 12.755 14.369 14.658 15.315
 16.637 17.878 18.714 19.282 18.97
 16.21 13.099 13.576 15.848 16.418
 14.611 9.113 -0.241 -9.034 -13.736
 -15.198 -15.031 -13.757 -11.875 -7.857
 0.215 9.724 17.027 21.377 23.375
 23.323 22.2 20.89 18.98 16.485
 14.219 12.124 10.229 9.383 10.424
 13.256 16.496 19.396 21.621 22.486
 22.084 21.396 21.542 22.556 23.739
 24.039 22.889 21.712 20.927 20.563
 21.621 22.635 21.434 18.923 17.167
 16.689 16.689
 37.482 38.138 38.155 36.686 34.489
 33.999 33.467 29.425 25.435 24.648
 23.304 19.736 17.886 19.053 20.135
 19.897 19.306 18.177 16.828 16.008
 14.696 12.903 12.392 13.749 15.459
 15.749 15.268 15.203 15.496 16.294
 16.956 16.277 15.563 16.958 21.43
 27.468 30.322 29.032 26.676 23.796
 19.779 15.236 11.414 10.0 10.717
 11.618 12.38 13.061 14.075 17.174
 20.178 19.483 18.532 21.621 27.513
 33.103 38.25 43.194 45.695 45.774
 45.112 42.899 39.045 37.043 38.023
 39.731 41.342 42.538 42.227 40.191
 36.522 31.596 27.213 24.61 22.971
 21.6 22.007 24.769 27.334 27.866
 26.957 26.205 27.524 30.916 34.8
 38.505 40.867 41.695 42.768 43.571
 42.436 40.394 39.734 40.275 40.277
 39.653 39.081 38.784 38.281 37.426
 36.429 34.714 31.994 27.062 19.756
 15.25 15.707 16.83 16.905 17.236
 18.07 18.855 19.42 19.888 19.5
 17.055 14.785 15.785 17.946 18.19
 16.306 11.234 2.721 -5.403 -10.402
 -12.65 -12.854 -11.908 -9.898 -5.11
 2.513 10.266 16.668 21.463 23.878
 24.228 23.71 21.981 18.916 16.146
 14.252 12.604 11.606 11.34 11.97
 14.349 17.767 20.743 22.621 23.291
 23.003 22.67 23.034 24.282 26.053
 26.297 24.558 23.305 22.716 22.458
 23.635 24.824 23.68 20.913 18.98
 19.163 19.163
 38.853 39.344 39.452 38.504 37.047
 37.188 36.833 32.681 27.493 24.249
 21.721 18.899 17.84 19.048 19.772
 19.179 18.637 18.303 17.803 17.028
 15.391 13.558 13.212 14.412 15.934
 16.739 16.933 16.998 16.996 17.341
 17.412 16.368 15.664 16.658 19.515
 23.44 25.919 26.118 25.283 23.283
 19.856 15.999 12.596 11.038 11.475
 12.156 12.685 12.932 13.613 16.752
 19.732 18.679 17.74 20.886 24.738
 27.401 31.052 35.734 38.762 39.579
 39.868 39.186 36.835 34.924 35.015
 36.399 37.835 38.534 37.952 36.025
 33.307 30.465 27.679 25.185 23.482
 22.595 23.09 25.036 26.52 26.522
 25.687 25.046 26.133 28.908 32.571
 36.413 38.644 39.326 39.991 40.495
 39.897 38.42 37.474 37.667 38.234
 38.238 37.73 37.459 37.223 36.632
 35.815 34.21 30.992 26.119 21.226
 19.032 19.048 18.944 18.665 19.081
 19.935 20.53 21.112 21.772 21.365
 19.453 18.431 19.545 20.409 19.473
 17.343 13.611 7.615 1.082 -3.951
 -6.782 -7.615 -7.479 -5.921 -1.38
 4.989 11.008 16.674 21.613 24.013
 24.097 23.236 21.044 17.971 15.794
 14.293 13.012 12.768 12.868 13.275
 15.119 17.733 20.206 22.583 24.501
 25.168 24.934 24.516 25.001 26.706
 26.771 24.828 23.791 23.516 23.306
 24.16 25.415 25.126 23.303 22.173
 23.344 23.344
 37.933 37.646 37.192 36.406 35.367
 35.701 35.535 32.014 26.618 21.887
 19.136 17.824 17.785 18.693 18.555
 17.286 16.587 16.803 17.015 16.426
 15.078 14.052 14.208 15.139 16.405
 17.66 18.27 18.269 18.012 17.668
 16.729 15.107 14.161 14.535 15.936
 18.06 20.314 22.268 23.123 22.018
 19.47 16.651 14.159 12.753 12.662
 13.175 14.002 14.457 14.972 16.883
 17.757 15.701 15.593 19.312 22.044
 23.092 25.161 28.565 31.433 32.854
 33.862 33.947 32.437 30.67 30.435
 31.662 32.496 32.496 31.99 30.806
 29.37 27.89 25.935 24.095 22.839
 21.807 21.752 22.972 24.025 24.192
 23.983 24.212 25.648 28.019 30.998
 34.028 35.769 36.406 36.736 37.044
 37.185 36.466 35.356 34.796 34.558
 33.937 33.223 33.095 33.196 32.843
 32.172 30.943 28.384 24.955 22.521
 21.94 21.397 20.457 20.47 21.655
 22.926 23.466 24.099 24.898 24.543
 23.447 23.582 24.231 23.318 21.026
 18.388 15.752 12.482 8.242 4.144
 1.325 -0.17 -0.906 0.071 3.95
 9.262 14.21 18.642 22.132 23.528
 23.161 21.984 20.204 18.435 17.065
 15.648 14.616 14.374 14.037 14.311
 16.034 17.942 19.622 21.818 24.117
 25.2 24.851 23.844 24.037 25.89
 26.393 25.238 24.869 24.954 24.478
 24.328 25.052 25.517 25.216 25.5
 27.297 27.297
 33.866 32.667 32.106 32.048 31.664
 31.647 30.692 27.563 23.506 19.952
 18.422 17.954 17.64 17.618 16.79
 15.432 14.834 15.05 15.232 14.751
 14.039 13.948 14.423 15.053 16.162
 17.768 18.863 18.998 18.511 17.546
 16.067 14.351 13.171 13.014 13.517
 14.343 15.649 17.685 19.271 19.122
 18.004 16.682 15.373 14.612 14.602
 15.307 16.313 16.634 16.591 16.924
 16.038 14.007 14.671 17.672 19.395
 20.36 22.082 24.705 27.244 28.53
 28.867 28.309 27.233 26.376 26.535
 27.437 27.44 26.875 26.563 26.041
 25.25 24.09 22.558 21.504 20.602
 19.443 19.256 20.221 21.237 21.716
 22.064 22.969 24.393 26.403 29.086
 31.541 32.919 33.584 33.978 34.581
 35.357 34.924 33.496 32.274 30.976
 29.593 28.884 28.875 28.895 28.434
 27.969 27.417 25.938 23.898 22.638
 22.489 21.936 21.349 22.288 24.359
 26.181 27.077 27.812 28.49 28.242
 27.726 28.001 27.539 25.14 22.206
 19.713 17.987 16.529 14.076 11.13
 8.794 7.053 5.897 6.578 9.788
 14.073 17.862 20.851 22.969 23.817
 23.616 22.85 21.876 20.746 19.113
 17.378 16.299 15.303 13.95 13.895
 15.607 17.349 18.555 19.89 21.416
 22.413 22.458 22.284 23.513 25.843
 27.008 27.182 27.746 28.056 27.036
 25.822 25.985 26.684 27.109 27.825
 28.861 28.861
 28.129 27.039 27.074 27.23 26.573
 25.993 24.611 22.157 19.91 18.212
 17.573 16.846 15.799 15.385 14.804
 13.887 13.369 13.325 13.198 12.736
 12.46 12.797 13.411 14.008 15.002
 16.627 18.117 18.671 18.186 16.799
 15.083 13.639 12.665 12.32 12.107
 11.755 11.531 12.235 13.835 14.961
 15.648 15.891 15.628 15.75 16.359
 17.114 17.318 16.521 15.731 15.506
 14.797 14.196 15.106 16.311 17.283
 18.837 20.384 21.958 23.544 23.933
 23.125 22.326 22.279 22.204 22.222
 22.72 22.668 22.322 22.269 22.026
 21.308 20.157 18.924 18.003 16.984
 16.247 16.663 17.675 18.611 19.072
 19.384 20.223 21.225 22.774 25.252
 27.558 28.917 29.757 30.738 31.924
 32.597 31.78 30.232 29.103 27.834
 26.487 25.751 25.444 25.154 24.73
 24.63 24.476 23.338 21.808 21.062
 21.149 21.068 21.242 22.722 24.982
 27.102 28.622 29.759 30.604 30.655
 30.063 29.246 27.403 24.462 22.007
 20.455 19.531 18.779 17.101 15.069
 13.708 12.483 11.554 12.298 14.833
 17.673 19.678 21.254 22.93 24.146
 24.487 24.07 23.073 21.408 19.314
 17.647 16.542 15.052 13.277 12.852
 13.829 14.935 15.82 16.786 18.243
 19.741 20.541 21.386 23.363 25.675
 27.075 28.063 29.084 29.32 27.994
 26.666 27.228 28.237 28.453 28.305
 27.769 27.769
 21.526 20.863 21.14 21.062 20.32
 20.101 19.31 17.706 16.428 15.499
 15.026 14.202 13.255 13.061 12.757
 11.94 11.315 11.232 11.181 10.966
 10.927 11.132 11.531 12.056 12.834
 14.057 15.279 15.792 15.345 14.237
 13.123 12.322 11.616 10.939 9.924
 8.72 7.703 7.578 9.006 10.77
 12.135 12.784 12.933 13.609 14.676
 15.525 15.385 14.291 13.61 13.584
 13.34 13.385 13.627 13.27 13.684
 15.168 16.11 16.592 17.047 16.67
 15.582 15.442 16.368 16.432 16.097
 16.487 16.786 16.97 17.41 17.569
 16.956 15.828 14.668 13.546 12.517
 12.378 13.129 13.951 14.868 15.583
 16.038 16.687 17.344 18.434 20.29
 22.138 23.327 24.095 25.263 26.43
 26.439 25.442 24.602 24.436 24.014
 23.122 22.384 21.816 21.247 20.747
 20.712 20.525 19.36 18.212 18.139
 18.578 18.659 18.891 20.124 22.181
 24.436 26.233 27.495 28.45 28.703
 27.843 26.093 23.83 21.757 20.697
 20.263 19.771 18.885 17.218 15.783
 15.384 14.885 14.321 14.979 16.774
 18.414 19.17 20.013 21.482 22.451
 22.308 21.521 20.412 18.897 17.266
 15.801 14.316 12.667 11.439 11.449
 12.216 13.25 14.415 15.466 16.982
 18.775 20.024 21.093 22.426 23.575
 24.337 25.132 25.786 25.573 24.303
 23.663 24.794 25.529 24.837 23.618
 22.204 22.204
 13.801 14.04 14.532 14.017 12.955
 12.949 12.735 11.818 11.058 10.389
 9.873 9.134 8.557 8.678 8.622
 7.941 7.328 7.383 7.569 7.586
 7.676 7.652 7.748 8.13 8.607
 9.132 9.524 9.621 9.297 8.704
 8.166 7.679 7.008 6.218 5.193
 4.19 3.434 3.155 3.873 4.934
 5.993 6.751 7.172 7.879 8.734
 9.442 9.382 8.67 8.53 8.838
 8.73 8.521 7.991 7.174 7.576
 8.772 9.018 8.554 8.19 7.723
 7.261 7.932 9.237 9.166 8.766
 9.346 9.9 10.319 11.049 11.578
 11.301 10.506 9.769 9.052 8.268
 8.101 8.574 9.164 9.948 10.572
 10.893 11.288 11.779 12.628 13.983
 15.366 16.188 16.512 17.379 18.378
 18.282 17.77 17.765 18.092 17.856
 17.095 16.608 16.389 16.014 15.576
 15.609 15.52 14.649 13.986 14.281
 14.731 14.627 14.664 15.654 17.349
 18.97 19.932 20.544 21.201 21.433
 20.859 19.852 18.806 17.93 17.432
 17.053 16.508 15.637 14.465 14.161
 14.936 15.116 14.713 14.987 15.95
 16.749 16.933 17.311 18.09 18.162
 17.404 16.69 16.073 15.128 14.023
 12.816 11.466 10.307 9.908 10.55
 11.483 12.413 13.227 13.82 15.118
 16.791 17.804 18.436 18.857 18.753
 18.426 18.368 18.395 17.962 17.015
 16.909 18.027 18.08 16.544 14.877
 13.791 13.791
 4.477 4.916 5.422 5.141 4.623
 4.942 4.599 3.558 3.053 2.901
 2.81 2.321 1.859 1.896 1.627
 0.83 0.288 0.522 0.877 0.993
 1.043 0.647 0.214 0.208 0.376
 0.536 0.575 0.498 0.292 0.175
 0.209 0.055 -0.48 -1.073 -1.653
 -2.018 -2.202 -2.455 -2.432 -2.206
 -1.619 -0.973 -0.675 -0.344 0.217
 1.041 1.439 1.225 1.364 1.706
 1.477 0.921 0.099 -0.744 -0.709
 -0.048 0.376 0.588 0.694 0.457
 0.138 0.799 2.038 2.15 2.131
 2.871 3.231 3.39 4.081 4.739
 4.658 4.244 4.14 4.111 3.739
 3.547 3.78 4.145 4.625 4.936
 5.105 5.406 5.748 6.335 7.353
 8.415 8.749 8.316 8.612 9.598
 9.918 9.992 10.449 11.043 11.029
 10.476 10.251 10.366 10.226 9.933
 10.195 10.484 10.038 9.623 9.889
 10.249 10.186 10.2 10.85 11.912
 12.707 12.815 12.751 12.944 13.055
 13.076 13.313 13.386 12.935 12.357
 12.045 12.023 11.806 11.286 11.583
 12.571 12.626 12.088 12.287 13.179
 13.856 13.872 14.038 14.464 14.113
 13.154 12.609 12.328 11.709 10.976
 10.28 9.647 9.225 9.237 9.958
 10.875 11.728 12.311 12.531 13.277
 14.124 14.268 14.381 14.514 14.018
 13.254 12.848 12.609 11.901 10.627
 10.106 10.731 10.624 9.477 8.482
 8.1 8.1
 -3.128 -2.123 -1.299 -1.798 -2.87
 -3.006 -3.472 -4.413 -4.852 -5.027
 -5.115 -5.506 -5.835 -5.732 -5.963
 -6.731 -7.271 -7.078 -6.864 -7.017
 -7.279 -7.842 -8.253 -8.24 -8.204
 -8.18 -7.991 -7.591 -7.274 -7.17
 -7.259 -7.559 -7.949 -8.034 -7.954
 -7.9 -8.031 -8.448 -8.831 -9.086
 -8.623 -7.829 -7.5 -7.356 -7.126
 -6.57 -6.288 -6.629 -6.51 -5.897
 -5.689 -5.778 -6.302 -7.18 -7.254
 -6.424 -5.471 -4.67 -4.357 -4.816
 -5.354 -4.561 -2.95 -2.567 -2.605
 -2.069 -1.899 -1.881 -1.357 -0.78
 -0.687 -0.665 -0.235 7.0E-3 -0.503
 -1.002 -0.85 -0.16 0.677 0.927
 0.708 0.751 1.155 1.915 3.003
 3.775 3.366 2.299 2.68 4.284
 5.068 5.064 5.139 5.543 5.75
 5.564 5.55 5.767 5.801 5.766
 6.202 6.59 6.287 5.97 6.327
 6.984 7.263 7.31 7.684 8.361
 8.843 8.843 8.895 9.28 9.416
 9.351 9.799 10.315 10.033 9.371
 9.194 9.706 10.082 9.805 10.045
 11.124 11.658 11.629 11.929 12.78
 13.586 13.546 13.347 13.466 13.184
 12.656 12.461 12.246 11.678 11.195
 11.007 11.043 11.185 11.402 11.983
 12.523 12.783 12.752 12.552 13.105
 13.825 13.714 13.226 12.526 11.741
 11.282 11.121 11.108 10.697 9.497
 8.85 9.515 9.821 9.217 8.521
 8.254 8.254
