 -1.5741E-8 -9.6443E-9 -1.3893E-8 -2.0803E-8 -2.6004E-8
 -3.0735E-8 -4.0245E-8 -4.4422E-8 -4.6766E-8 -3.9691E-8
 -2.8154E-8 -2.2911E-8 -2.007E-8 -2.2398E-8 -1.9982E-8
 -1.677E-8 -1.2155E-8 -2.2091E-9 3.458E-9 -1.4306E-9
 -2.8451E-9 -2.8861E-9 -5.6486E-9 -1.1417E-8 -1.4392E-8
 -1.4705E-8 -1.8086E-8 -1.6939E-8 -1.4736E-8 -5.9852E-9
 -2.839E-10 2.3423E-9 2.4843E-9 -1.5996E-8 -2.734E-8
 -2.7573E-8 -7.2677E-9 7.3911E-9 2.1658E-8 3.5637E-8
 3.6308E-8 4.7886E-8 2.2607E-8 -1.3559E-8 -8.5862E-9
 2.3676E-9 -4.6147E-9 -1.4928E-9 4.2514E-9 -7.7561E-9
 -3.5027E-8 -7.4215E-9 -1.9997E-8 -2.05E-8 -7.0206E-9
 -9.8518E-9 -1.7748E-8 -2.3041E-8 2.3636E-9 -3.8019E-9
 -2.685E-8 -2.8775E-8 -1.8595E-8 -1.3999E-8 -1.3706E-8
 -9.8718E-9 -9.3532E-9 -1.5797E-8 -2.1246E-8 -2.1057E-8
 -2.0884E-8 -1.9592E-8 -2.1143E-8 -2.9791E-8 -2.8843E-8
 -1.6666E-8 -1.765E-8 -1.0255E-8 -6.6467E-9 -8.457E-9
 -7.3153E-9 -6.0563E-10 2.543E-9 -3.2274E-10 -8.9014E-9
 -1.5721E-8 -1.6567E-8 -1.1042E-8 2.1003E-10 3.5046E-9
 3.2092E-10 3.3998E-9 1.0426E-8 6.492E-9 1.9516E-9
 5.1269E-10 6.9048E-10 1.8508E-9 -6.8924E-10 -6.9762E-9
 -5.6459E-9 -4.8835E-9 1.1417E-10 5.4657E-9 7.2341E-9
 3.4589E-9 8.8771E-9 3.6507E-9 1.1587E-9 1.2273E-8
 1.6562E-8 8.8073E-9 3.8413E-9 1.3289E-9 -9.1385E-9
 6.8869E-9 -1.7975E-8 -5.9889E-8 -7.3497E-8 -6.3796E-8
 -5.2189E-8 -4.1002E-8 -2.5478E-8 -1.2275E-8 -7.2551E-9
 -9.138E-9 -1.4124E-8 -1.0811E-8 -3.8232E-9 6.9666E-9
 1.2645E-8 1.2246E-8 6.2557E-9 2.2433E-9 4.4005E-9
 6.2316E-9 6.6974E-9 -6.9274E-9 -1.8655E-8 -2.231E-8
 -2.0684E-8 -1.666E-8 -1.0579E-8 -6.3442E-9 -5.9142E-9
 -7.3711E-9 -3.0798E-9 1.4826E-9 -1.9649E-9 -7.6433E-9
 -5.7634E-9 -6.8708E-9 -1.5612E-8 -1.7805E-8 -9.8072E-9
 -1.1398E-8 -1.7201E-8 -2.1669E-8 -1.4631E-8 -1.7133E-8
 -2.2044E-8 -2.5007E-8 -2.129E-8 -1.5979E-8 -1.1495E-8
 -1.061E-8 -1.061E-8
 -1.7793E-8 -8.7005E-9 -9.9905E-9 -1.6707E-8 -2.5603E-8
 -3.5239E-8 -3.776E-8 -3.2779E-8 -3.9197E-8 -2.907E-8
 -1.9384E-8 -1.9614E-8 -2.0508E-8 -2.3609E-8 -1.9674E-8
 -1.8659E-8 -1.6743E-8 -5.3932E-9 8.4204E-11 -4.0122E-9
 -1.8847E-9 3.4296E-9 2.0142E-9 -9.0843E-9 -1.6264E-8
 -1.4266E-8 -1.2383E-8 -8.1464E-9 -7.3992E-9 -5.4773E-9
 -3.4715E-9 6.165E-9 5.9321E-9 -6.5811E-9 -2.3815E-8
 -2.597E-8 1.3317E-8 5.3879E-8 7.0237E-8 7.1181E-8
 6.0026E-8 5.4999E-8 3.1966E-8 3.2896E-9 1.5944E-8
 3.6422E-8 1.8018E-8 6.568E-9 1.2792E-8 7.9439E-9
 -1.4699E-8 -1.4395E-8 -5.2787E-8 -5.3095E-8 -2.2906E-8
 -2.1332E-8 -3.7537E-8 -2.0677E-8 -3.2107E-9 -1.7353E-8
 -4.2022E-8 -4.1581E-8 -2.7452E-8 -1.9113E-8 -1.5696E-8
 -9.4004E-9 -9.3582E-9 -1.643E-8 -2.0931E-8 -1.9569E-8
 -1.8616E-8 -1.6733E-8 -1.9159E-8 -3.0864E-8 -3.4695E-8
 -2.3942E-8 -3.3637E-8 -2.6116E-8 -1.5218E-8 -1.3464E-8
 -1.0599E-8 -1.5153E-9 6.6127E-10 -2.6342E-9 -8.4043E-9
 -9.8333E-9 -5.2885E-9 -1.246E-9 2.1736E-9 2.4174E-9
 3.1188E-9 9.9656E-9 1.5324E-8 1.1418E-8 5.8642E-9
 3.8141E-9 7.5217E-9 1.1697E-8 1.0373E-8 9.3099E-9
 1.317E-8 1.373E-8 1.8641E-8 2.6657E-8 2.0916E-8
 1.098E-8 1.1826E-8 1.4142E-8 2.9686E-8 4.6028E-8
 4.0899E-8 2.5041E-8 1.4065E-8 3.285E-9 -1.2599E-8
 -1.2946E-8 -3.8131E-8 -7.1148E-8 -7.0639E-8 -5.7999E-8
 -5.1727E-8 -4.803E-8 -3.5504E-8 -2.1446E-8 -1.077E-8
 -3.559E-9 1.1487E-9 9.2079E-9 1.157E-8 1.7068E-8
 2.3677E-8 2.4339E-8 1.5616E-8 7.7787E-9 7.8179E-9
 1.3188E-8 1.3558E-8 -9.3422E-9 -1.9385E-8 -2.4229E-8
 -2.3789E-8 -2.2399E-8 -1.6219E-8 -1.0864E-8 -7.4643E-9
 -4.8952E-9 9.2974E-10 -3.8757E-9 -7.2678E-9 -1.2601E-8
 -1.5741E-8 -1.6669E-8 -1.8789E-8 -1.9417E-8 -1.2557E-8
 -1.3207E-8 -1.8252E-8 -1.9232E-8 -1.7691E-8 -2.7435E-8
 -3.6921E-8 -2.9764E-8 -2.1583E-8 -1.6731E-8 -9.5782E-9
 -4.4595E-9 -4.4595E-9
 -2.1448E-8 -1.2474E-8 -6.8756E-9 -7.8369E-9 -1.3022E-8
 -2.486E-8 -4.0294E-8 -4.1539E-8 -5.4181E-8 -3.7062E-8
 -7.8756E-9 9.6943E-10 -7.7442E-9 -1.6154E-8 -1.156E-8
 -1.1081E-8 -1.3038E-8 -4.189E-9 1.4796E-9 -4.7329E-9
 -9.6873E-9 -1.194E-8 -1.7989E-8 -4.1618E-8 -5.393E-8
 -2.9761E-8 -2.2789E-8 -2.1501E-8 -2.3678E-8 -2.4978E-8
 -2.2242E-8 1.4331E-10 9.6157E-9 -5.1879E-9 -2.2482E-8
 -4.1667E-9 7.2371E-8 1.1212E-7 7.5095E-8 3.3274E-8
 3.452E-8 5.1198E-8 4.0481E-8 1.0152E-8 1.2303E-8
 2.182E-8 -8.7923E-9 -1.1272E-8 8.3986E-9 7.917E-9
 -1.5888E-8 -3.174E-8 -1.2058E-7 -1.1306E-7 -4.741E-8
 -3.5278E-8 -3.7566E-8 -2.6746E-8 -1.3835E-8 -2.0934E-8
 -3.4576E-8 -3.1382E-8 -2.1317E-8 -1.6882E-8 -1.5273E-8
 -1.0889E-8 -8.8417E-9 -1.0241E-8 -1.2489E-8 -1.4006E-8
 -1.5027E-8 -1.379E-8 -1.5044E-8 -2.4735E-8 -3.1495E-8
 -2.1207E-8 -3.2513E-8 -2.2359E-8 -8.965E-9 -1.1835E-8
 -1.4834E-8 -5.8851E-9 -3.3986E-9 -9.0207E-9 -1.6129E-8
 -1.271E-8 -4.5048E-9 2.5499E-9 7.0484E-9 6.5791E-9
 4.9647E-9 7.4027E-9 8.5765E-9 8.5064E-9 1.0185E-8
 1.0742E-8 1.4217E-8 1.5641E-8 1.3927E-8 1.2811E-8
 1.4676E-8 1.662E-8 2.3742E-8 2.9069E-8 2.1074E-8
 1.1071E-8 1.6576E-8 3.5132E-8 5.6258E-8 5.376E-8
 3.5317E-8 2.1991E-8 1.4854E-8 2.7282E-9 -2.8744E-8
 -3.8479E-8 -6.5021E-8 -8.4458E-8 -6.6101E-8 -4.6903E-8
 -4.1044E-8 -3.8486E-8 -2.6672E-8 -9.3759E-9 3.5963E-9
 1.2032E-8 1.9361E-8 2.853E-8 2.1122E-8 2.4598E-8
 3.3222E-8 3.3392E-8 2.0596E-8 8.3317E-9 7.9874E-9
 1.8776E-8 2.0785E-8 -6.7246E-9 -1.5146E-8 -2.1885E-8
 -2.2606E-8 -2.6662E-8 -2.3993E-8 -1.7664E-8 -8.8427E-9
 -4.5536E-9 -9.9272E-10 -3.1529E-9 -2.4383E-9 -9.5778E-9
 -1.9203E-8 -1.9115E-8 -1.4617E-8 -1.5709E-8 -4.107E-9
 5.6593E-9 6.0273E-9 3.508E-9 7.3858E-9 -1.0759E-8
 -3.8918E-8 -4.2094E-8 -3.8833E-8 -3.328E-8 -1.321E-8
 9.6679E-9 9.6679E-9
 -1.696E-8 -1.3924E-8 -6.412E-9 -6.8723E-9 -1.2737E-8
 -1.8891E-8 -2.5483E-8 -2.2162E-8 -4.4326E-8 -2.7695E-8
 1.7632E-8 2.6069E-8 6.0249E-9 -1.0721E-8 -9.2546E-9
 -8.2977E-9 -1.2912E-8 -1.3472E-8 -2.6313E-8 -4.9129E-8
 -6.2815E-8 -6.3567E-8 -4.3221E-8 -4.1988E-8 -5.408E-8
 -2.9275E-8 -1.9714E-8 -2.5131E-8 -2.745E-8 -2.0107E-8
 -8.9849E-9 1.9228E-8 1.7971E-8 -6.1462E-9 -1.4831E-8
 4.1655E-8 1.271E-7 1.1934E-7 4.7796E-8 2.8853E-8
 7.7372E-8 1.1392E-7 1.0481E-7 4.9153E-8 2.075E-8
 1.7082E-8 -1.8916E-8 -1.9898E-8 -2.4779E-10 2.3632E-9
 -5.0086E-9 -2.847E-8 -1.3627E-7 -1.0724E-7 -3.1462E-8
 -1.8072E-8 -1.9211E-8 -1.8618E-8 -1.6591E-8 -2.6448E-8
 -3.848E-8 -3.0338E-8 -1.4018E-8 -7.3225E-9 -5.3801E-9
 -3.4707E-9 -3.4083E-9 -3.7829E-9 -3.7329E-9 -5.1065E-9
 -9.5376E-9 -1.2109E-8 -1.1667E-8 -1.6713E-8 -2.4773E-8
 -1.6814E-8 -2.605E-8 -1.4404E-8 -4.0349E-9 -1.4182E-8
 -2.504E-8 -1.6374E-8 -8.9914E-9 -1.3997E-8 -2.3596E-8
 -1.2945E-8 4.7721E-9 1.4887E-8 1.7438E-8 1.5789E-8
 1.2355E-8 8.8977E-9 4.1205E-9 4.7909E-9 9.9571E-9
 1.0048E-8 1.0426E-8 1.187E-8 1.5778E-8 1.8897E-8
 2.5068E-8 2.9737E-8 3.3642E-8 3.3121E-8 2.5058E-8
 1.8544E-8 2.8775E-8 5.271E-8 6.8748E-8 5.7917E-8
 4.1002E-8 2.4909E-8 1.5872E-8 1.0941E-8 -1.0834E-8
 -2.5827E-8 -5.7364E-8 -7.4325E-8 -4.1239E-8 -1.4836E-8
 -1.8439E-8 -3.1632E-8 -2.3912E-8 4.3385E-9 1.9198E-8
 2.5317E-8 4.029E-8 6.3817E-8 4.2909E-8 2.9694E-8
 3.2266E-8 2.9579E-8 1.1296E-8 -3.5152E-9 9.5443E-10
 1.8619E-8 2.338E-8 -5.6727E-9 -1.1605E-8 -1.386E-8
 -1.0799E-8 -1.9763E-8 -2.5228E-8 -2.3313E-8 -1.6313E-8
 -1.6133E-8 -1.2826E-8 -8.3219E-9 -5.2872E-9 -1.8233E-8
 -3.5457E-8 -3.1678E-8 -1.4461E-8 -9.9276E-9 5.0148E-10
 2.0344E-8 3.6415E-8 3.2145E-8 4.3836E-8 3.0001E-8
 -1.0691E-8 -2.7479E-8 -2.5499E-8 -1.4574E-8 9.745E-9
 3.8335E-8 3.8335E-8
 -5.0893E-9 -1.0403E-8 -7.2195E-9 -7.0947E-9 -1.0294E-8
 -7.4392E-9 1.2196E-10 2.1953E-8 1.7631E-8 4.1763E-8
 7.18E-8 5.3208E-8 2.4996E-8 -6.5359E-9 -1.5704E-8
 -1.4821E-8 -2.2466E-8 -4.2118E-8 -7.5004E-8 -9.4633E-8
 -8.3685E-8 -5.1648E-8 -9.955E-9 -3.6674E-11 -1.6917E-8
 -1.3148E-8 -1.1132E-8 -1.6261E-8 -1.4566E-8 -2.7096E-9
 1.9835E-8 5.1549E-8 4.7717E-8 3.5842E-8 6.1205E-8
 1.1649E-7 9.3413E-8 -2.3464E-8 -8.1661E-8 -2.3622E-8
 8.1158E-8 1.4303E-7 1.3869E-7 6.2682E-8 1.6691E-8
 2.5993E-8 9.4769E-9 7.3669E-9 1.6462E-8 1.8929E-8
 1.1583E-8 -1.5885E-8 -1.5584E-7 -1.0496E-7 -9.451E-9
 -2.9905E-9 -1.4142E-8 -1.7713E-8 -2.1437E-8 -3.116E-8
 -3.9156E-8 -2.9392E-8 -1.2393E-8 -1.1856E-9 3.2191E-9
 2.9477E-9 -3.7597E-10 -3.8332E-9 -1.3492E-9 2.4458E-9
 -3.7181E-9 -1.2959E-8 -1.9339E-8 -2.6699E-8 -3.3195E-8
 -2.1597E-8 -2.597E-8 -1.5862E-8 -1.1079E-8 -2.6375E-8
 -4.7078E-8 -4.0998E-8 -2.5213E-8 -2.347E-8 -2.2368E-8
 -5.4085E-9 1.3859E-8 2.4489E-8 2.3985E-8 2.3046E-8
 2.3813E-8 2.1588E-8 1.2339E-8 7.8914E-9 9.9184E-9
 9.9544E-9 9.6693E-9 1.3513E-8 2.4816E-8 3.0383E-8
 4.0928E-8 5.1245E-8 4.7922E-8 3.2558E-8 2.1197E-8
 1.608E-8 2.5909E-8 4.873E-8 6.1456E-8 5.6649E-8
 4.7127E-8 2.4148E-8 1.83E-8 3.2683E-8 5.8739E-8
 2.6318E-8 -2.1251E-8 -4.074E-8 -1.5974E-8 4.4957E-9
 -5.9915E-11 -1.3457E-8 -1.0851E-8 9.3394E-9 1.5754E-8
 2.5279E-8 5.3423E-8 8.6048E-8 5.8421E-8 2.301E-8
 1.4801E-8 1.233E-8 -5.8598E-10 -1.0662E-8 -1.5276E-10
 2.2242E-8 2.4022E-8 -4.9499E-9 -1.0198E-8 -1.2041E-8
 -6.2113E-9 -1.7888E-8 -3.0572E-8 -3.2326E-8 -2.3582E-8
 -2.0974E-8 -1.445E-8 -9.382E-9 -7.3892E-9 -1.6651E-8
 -2.5689E-8 -2.3038E-8 -4.0194E-9 1.0298E-8 2.5992E-8
 4.2022E-8 5.4175E-8 3.8303E-8 4.774E-8 4.5393E-8
 9.792E-9 -1.7277E-8 -9.0638E-9 2.4405E-8 5.4506E-8
 7.1394E-8 7.1394E-8
 -2.3864E-9 -8.3612E-9 -1.1955E-8 -1.5684E-8 -1.3448E-8
 -1.0324E-8 1.4699E-8 6.0711E-8 6.2053E-8 8.8921E-8
 1.1086E-7 7.5394E-8 4.6332E-8 -2.1673E-11 -2.0283E-8
 -1.9475E-8 -2.2239E-8 -3.6793E-8 -5.3521E-8 -4.4899E-8
 -2.1806E-8 1.0903E-9 2.1792E-8 1.9941E-8 3.901E-9
 2.2348E-9 -1.29E-10 1.5611E-9 3.3869E-9 3.9387E-9
 2.3309E-8 5.4109E-8 5.9561E-8 5.789E-8 8.3433E-8
 8.9012E-8 1.0649E-8 -8.008E-8 -8.7693E-8 -2.4726E-8
 6.9014E-8 1.2567E-7 1.3075E-7 6.5327E-8 3.2467E-9
 1.5903E-8 5.5433E-9 -3.1467E-9 4.9971E-9 2.0253E-8
 1.7625E-8 -1.2534E-8 -1.8134E-7 -1.2363E-7 -1.0135E-8
 3.442E-9 -1.524E-8 -1.5368E-8 -1.7503E-8 -2.865E-8
 -3.4571E-8 -2.3459E-8 -8.1844E-9 1.6331E-9 4.2544E-9
 4.4238E-9 2.5559E-9 -1.0351E-10 5.5229E-9 1.1116E-8
 -3.387E-10 -1.2732E-8 -1.8541E-8 -2.3912E-8 -3.598E-8
 -2.7316E-8 -2.9966E-8 -2.7634E-8 -2.6666E-8 -3.4202E-8
 -4.6101E-8 -4.0865E-8 -2.6487E-8 -1.8698E-8 -8.4151E-9
 7.1066E-9 2.2196E-8 2.9621E-8 2.5132E-8 2.4332E-8
 2.9837E-8 3.1126E-8 2.0472E-8 1.0093E-8 7.5775E-9
 9.9264E-9 1.4153E-8 2.353E-8 4.4026E-8 5.1327E-8
 5.6115E-8 5.8356E-8 4.3079E-8 1.7275E-8 1.3282E-8
 1.1583E-8 1.6659E-8 2.9453E-8 2.4046E-8 2.1333E-8
 4.0551E-8 3.3447E-8 2.9108E-8 6.0523E-8 1.5707E-7
 8.8871E-8 1.266E-8 -5.6431E-9 1.1552E-8 1.8533E-8
 7.3179E-9 -4.214E-9 -2.1331E-9 1.5786E-8 1.9971E-8
 2.735E-8 5.2667E-8 8.1915E-8 6.549E-8 2.6546E-8
 6.5523E-9 4.7616E-10 -9.7859E-9 -2.0616E-8 -2.5864E-9
 2.9704E-8 3.1075E-8 -1.3611E-9 -6.3953E-9 -1.0104E-8
 -5.3819E-9 -1.9907E-8 -3.7539E-8 -4.4238E-8 -3.3301E-8
 -2.2091E-8 -8.8939E-9 -2.3927E-9 -8.2915E-10 -7.4243E-9
 -1.2626E-8 -1.6118E-8 -2.433E-9 2.5945E-8 6.7243E-8
 8.6132E-8 8.4397E-8 3.8467E-8 2.6732E-8 4.0395E-8
 2.3642E-8 -2.3627E-8 -2.168E-8 3.7448E-8 6.8929E-8
 7.1929E-8 7.1929E-8
 -6.7135E-9 -1.1842E-8 -1.3639E-8 -1.0517E-8 8.4791E-9
 4.3195E-8 9.8371E-8 1.4183E-7 1.2139E-7 1.3463E-7
 1.3838E-7 7.332E-8 4.6734E-8 3.3394E-9 -1.8501E-8
 -1.9303E-8 -1.7419E-8 -2.3452E-8 -3.1781E-8 -2.1047E-8
 -8.7415E-9 -1.1079E-9 6.1751E-9 1.1917E-9 4.6702E-10
 9.8035E-9 1.3852E-8 1.8964E-8 1.4253E-8 7.223E-9
 1.4313E-8 3.4029E-8 5.7958E-8 7.6158E-8 7.5687E-8
 3.1346E-8 -4.8702E-8 -7.798E-8 -5.9428E-8 -1.4705E-8
 5.6172E-8 1.0427E-7 9.6001E-8 4.4133E-8 -6.7097E-9
 2.5998E-8 1.6608E-8 3.4929E-9 7.142E-9 1.5012E-8
 4.7609E-9 -3.7874E-8 -2.0972E-7 -1.5525E-7 -2.1299E-8
 5.2635E-9 -2.0923E-8 -1.8823E-8 -1.5741E-8 -2.2442E-8
 -2.0104E-8 -8.1533E-9 1.7061E-10 5.6838E-9 7.8909E-9
 7.4876E-9 6.6552E-9 7.7088E-9 1.7242E-8 2.0399E-8
 3.3741E-9 -3.0612E-9 -2.7167E-9 -1.0113E-8 -2.7005E-8
 -2.1911E-8 -2.3933E-8 -2.3914E-8 -2.7769E-8 -3.4828E-8
 -3.7978E-8 -2.9724E-8 -1.7786E-8 -6.4874E-9 7.4857E-9
 1.9395E-8 2.6957E-8 2.6811E-8 2.2561E-8 2.2477E-8
 2.7983E-8 3.1093E-8 2.063E-8 6.6794E-9 1.7577E-9
 5.1623E-9 1.2196E-8 2.63E-8 5.5317E-8 6.9369E-8
 7.0057E-8 5.6547E-8 2.6141E-8 -7.029E-9 6.7296E-10
 -2.0427E-9 3.4453E-9 2.1059E-8 1.3108E-8 7.7488E-9
 3.4561E-8 3.6853E-8 3.549E-8 7.4614E-8 2.1255E-7
 1.4976E-7 6.6212E-8 2.1791E-8 1.5635E-8 1.617E-8
 9.3401E-9 2.1267E-9 3.0637E-9 1.5878E-8 2.0907E-8
 2.9553E-8 4.9334E-8 7.0194E-8 5.8183E-8 2.7715E-8
 5.5833E-9 -4.6966E-9 -1.4865E-8 -2.5851E-8 -3.6907E-9
 3.0995E-8 3.4436E-8 -1.8489E-10 -6.2889E-9 -9.8955E-9
 -6.368E-9 -2.0393E-8 -3.847E-8 -4.6193E-8 -3.4797E-8
 -2.0355E-8 -4.3418E-9 6.4149E-9 1.309E-8 6.8371E-9
 3.1541E-9 -2.2452E-9 2.0295E-9 2.597E-8 8.2185E-8
 1.1689E-7 1.2397E-7 5.8113E-8 1.3048E-8 2.2399E-8
 2.5023E-8 -1.4141E-8 -1.0443E-8 5.191E-8 7.1935E-8
 6.4958E-8 6.4958E-8
 -1.8197E-9 -4.3944E-9 -6.5706E-9 -2.2327E-9 2.6319E-8
 7.1145E-8 1.0464E-7 1.3192E-7 1.3023E-7 1.3647E-7
 1.1407E-7 4.4644E-8 2.9634E-8 3.4025E-9 -1.3091E-8
 -1.6277E-8 -1.8465E-8 -2.9837E-8 -4.2713E-8 -3.714E-8
 -2.452E-8 -1.2734E-8 -2.6366E-9 -9.2904E-9 -6.15E-9
 1.269E-8 2.4168E-8 3.0487E-8 2.0314E-8 6.4472E-9
 -3.4721E-10 1.6978E-9 4.0062E-8 9.345E-8 7.3893E-8
 -9.3152E-9 -6.2728E-8 -4.5139E-8 -2.8906E-8 -1.7597E-8
 1.5471E-8 4.2845E-8 2.9554E-8 3.2493E-8 1.0271E-8
 6.1277E-8 5.9284E-8 5.1117E-8 4.2383E-8 3.1039E-8
 9.1549E-9 -7.3877E-9 -2.0845E-7 -1.6888E-7 -2.9829E-8
 1.6058E-8 -4.0549E-9 -5.594E-9 -8.566E-9 -1.6406E-8
 -9.0955E-9 5.4423E-9 8.3977E-9 1.0344E-8 1.3475E-8
 1.1177E-8 1.0545E-8 1.6436E-8 2.883E-8 3.4139E-8
 2.2607E-8 2.0123E-8 1.7518E-8 2.7062E-9 -1.377E-8
 -9.7587E-9 -2.3483E-8 -2.6784E-8 -3.3591E-8 -4.325E-8
 -4.499E-8 -3.0977E-8 -1.2263E-8 1.3294E-10 1.5807E-8
 2.7486E-8 2.7828E-8 2.0206E-8 1.6809E-8 2.1054E-8
 2.7511E-8 2.833E-8 1.6702E-8 1.763E-9 -4.3857E-9
 1.4053E-9 1.1396E-8 2.9413E-8 6.4331E-8 7.5605E-8
 6.686E-8 4.4605E-8 9.0004E-9 -2.9769E-8 -1.14E-8
 -2.2592E-8 -2.8384E-8 -1.3823E-8 -1.1258E-8 3.3287E-9
 4.5945E-8 4.6695E-8 2.6548E-8 4.1172E-8 1.7203E-7
 1.7755E-7 1.1588E-7 4.5794E-8 2.2781E-8 2.1527E-8
 1.9989E-8 1.646E-8 1.4402E-8 1.6747E-8 1.8194E-8
 2.1907E-8 3.116E-8 4.2216E-8 3.8961E-8 2.3104E-8
 8.5237E-9 -1.0576E-9 -1.1239E-8 -2.3075E-8 -1.5361E-9
 3.1137E-8 3.6134E-8 2.4549E-9 -5.8863E-9 -1.2433E-8
 -1.0257E-8 -2.3561E-8 -4.4626E-8 -5.7316E-8 -4.9668E-8
 -3.4344E-8 -1.3923E-8 6.0182E-9 2.1484E-8 1.2047E-8
 1.9673E-9 -4.2327E-9 -2.4639E-9 1.1876E-8 5.8134E-8
 9.7052E-8 1.3036E-7 8.3104E-8 2.5456E-8 2.7859E-8
 6.4585E-8 7.2554E-8 6.2345E-8 7.247E-8 6.1273E-8
 4.7238E-8 4.7238E-8
 1.6687E-9 -1.5089E-9 -7.0556E-9 -1.7202E-9 3.1784E-8
 7.0655E-8 7.2116E-8 9.7058E-8 1.2213E-7 1.1687E-7
 6.9982E-8 8.3457E-9 1.1683E-8 2.0353E-9 -7.6771E-9
 -1.2981E-8 -1.7106E-8 -2.7237E-8 -3.4038E-8 -3.315E-8
 -2.8799E-8 -1.8496E-8 -2.5095E-9 -3.6951E-10 2.056E-9
 1.5661E-8 2.6828E-8 3.137E-8 2.1114E-8 6.1386E-9
 -3.7562E-9 -1.0357E-8 1.2781E-8 7.1064E-8 6.4433E-8
 -1.0709E-8 -4.2769E-8 -1.5804E-8 -7.372E-9 -1.4981E-8
 -4.7543E-9 2.3591E-9 -1.4105E-8 5.2898E-9 -1.585E-8
 2.5051E-9 3.7438E-9 1.6924E-8 2.6958E-8 1.9161E-8
 6.9077E-9 1.1022E-8 -1.9636E-7 -1.7585E-7 -5.2209E-8
 9.6922E-9 -2.6969E-9 -2.9111E-9 -4.3948E-9 -1.2756E-8
 -8.3548E-9 8.3749E-9 1.1634E-8 1.2066E-8 1.1235E-8
 5.8972E-9 5.4935E-9 1.7711E-8 3.5218E-8 4.4529E-8
 4.1636E-8 3.4077E-8 2.2659E-8 6.5959E-9 -3.3121E-9
 2.5995E-9 -2.4878E-8 -3.2765E-8 -3.9194E-8 -4.6105E-8
 -4.5151E-8 -2.1112E-8 2.5557E-9 1.5042E-8 2.667E-8
 3.0905E-8 2.5529E-8 1.3747E-8 6.255E-9 1.1434E-8
 2.319E-8 2.6572E-8 1.447E-8 -1.3948E-9 -8.2189E-9
 -1.3497E-9 1.069E-8 2.8251E-8 6.0722E-8 7.1351E-8
 6.1404E-8 3.6989E-8 4.147E-9 -3.6103E-8 -1.8882E-8
 -4.1123E-8 -6.4191E-8 -5.8482E-8 -4.7353E-8 -9.0928E-9
 4.7568E-8 5.9935E-8 3.2609E-8 2.7285E-8 1.5263E-7
 1.8825E-7 1.3042E-7 5.3962E-8 3.1152E-8 3.5326E-8
 3.4957E-8 2.7455E-8 1.9609E-8 1.0483E-8 9.4342E-9
 1.3195E-8 1.6541E-8 2.8767E-8 2.8914E-8 1.8782E-8
 9.6616E-9 1.6714E-9 -9.2796E-9 -2.0068E-8 5.108E-9
 4.188E-8 5.1786E-8 1.2057E-8 1.722E-9 -9.9742E-9
 -8.7323E-9 -1.9983E-8 -4.1649E-8 -6.1792E-8 -5.9996E-8
 -4.2948E-8 -1.9278E-8 1.2793E-9 1.82E-8 1.3712E-8
 4.2414E-9 -1.2074E-9 -3.4401E-10 1.1608E-8 4.3707E-8
 7.2173E-8 1.2219E-7 1.1307E-7 6.3158E-8 5.1672E-8
 9.1487E-8 1.0836E-7 8.2646E-8 6.6967E-8 4.8598E-8
 3.5476E-8 3.5476E-8
 -2.5071E-9 -7.7411E-9 -8.1679E-9 1.0072E-8 5.5241E-8
 8.238E-8 9.2869E-8 1.626E-7 1.8873E-7 1.6838E-7
 9.4958E-8 1.0862E-9 7.023E-9 4.3834E-9 -7.0142E-10
 -1.3515E-8 -1.8202E-8 -1.4127E-8 -1.5317E-8 -2.2631E-8
 -2.9239E-8 -2.0171E-8 6.5589E-10 8.7814E-9 9.728E-9
 1.8641E-8 2.7161E-8 2.8505E-8 2.18E-8 8.7419E-9
 -3.4887E-9 -9.4757E-9 5.3717E-9 4.9234E-8 5.425E-8
 1.1879E-9 -2.9373E-8 -7.9237E-9 7.4641E-10 -1.7925E-8
 -3.7387E-8 -4.1623E-8 -3.1177E-8 -6.2401E-9 -1.4936E-8
 -1.199E-8 8.8547E-10 3.6648E-8 7.1324E-8 6.4834E-8
 1.9454E-8 -4.3203E-8 -1.7897E-7 -1.6047E-7 -5.2201E-8
 2.5817E-8 1.1954E-8 3.3079E-9 -1.4097E-9 -1.8066E-8
 -2.3971E-8 -2.0969E-9 6.3631E-9 6.8537E-9 4.4796E-10
 -7.6049E-9 -2.4449E-9 1.6006E-8 3.535E-8 4.4689E-8
 4.8859E-8 4.2391E-8 2.749E-8 1.1372E-8 8.6476E-9
 1.1473E-8 -2.7678E-8 -3.8468E-8 -4.4424E-8 -4.6927E-8
 -3.6197E-8 -1.0463E-8 8.9624E-9 2.262E-8 3.2964E-8
 3.3422E-8 2.4282E-8 9.3375E-9 -9.6812E-10 3.1339E-9
 2.118E-8 2.9531E-8 1.6162E-8 -5.7737E-9 -1.4517E-8
 -4.6153E-9 1.0492E-8 2.3892E-8 4.3318E-8 5.0848E-8
 4.4035E-8 2.5215E-8 4.3861E-10 -3.6974E-8 -2.7785E-8
 -4.8168E-8 -6.3116E-8 -5.5708E-8 -4.076E-8 -7.6671E-9
 3.5247E-8 4.9383E-8 1.0729E-8 -6.2819E-9 1.1168E-7
 1.6057E-7 1.2119E-7 5.6775E-8 3.9055E-8 5.0987E-8
 4.8932E-8 3.3079E-8 2.3529E-8 1.1255E-8 1.1044E-8
 1.5568E-8 1.643E-8 3.5729E-8 3.0105E-8 1.2846E-8
 5.7212E-9 4.345E-9 -1.4224E-9 -1.2407E-8 9.8155E-9
 3.911E-8 5.5109E-8 1.6301E-8 8.737E-9 -5.8592E-9
 -9.1255E-9 -2.1599E-8 -3.7804E-8 -5.4103E-8 -5.6068E-8
 -4.4499E-8 -2.058E-8 -2.2267E-9 6.6761E-9 9.2924E-9
 6.0563E-9 2.2386E-9 2.6814E-9 1.0997E-8 3.2607E-8
 4.5487E-8 7.8634E-8 9.9888E-8 7.8294E-8 6.358E-8
 7.8548E-8 7.9097E-8 5.2323E-8 3.5989E-8 2.2411E-8
 1.823E-8 1.823E-8
 -1.3116E-9 -5.2088E-9 -6.4563E-10 3.0464E-8 8.8069E-8
 1.1305E-7 1.4368E-7 2.1385E-7 1.9104E-7 1.4863E-7
 8.6144E-8 -2.8024E-9 7.8716E-9 5.9029E-9 9.8065E-10
 -1.2694E-8 -1.8128E-8 -1.4918E-8 -2.0724E-8 -2.6362E-8
 -2.9739E-8 -2.0805E-8 -4.4645E-9 1.0511E-9 3.2693E-9
 1.707E-8 2.3887E-8 2.3674E-8 2.3411E-8 1.5347E-8
 -1.1814E-9 -1.0864E-8 2.9338E-9 3.4992E-8 3.7268E-8
 -3.3795E-9 -3.1837E-8 -1.7174E-8 -3.531E-9 -1.3142E-8
 -2.8277E-8 -3.1369E-8 -1.918E-8 -7.62E-9 -2.0925E-8
 -2.4702E-8 -9.3721E-9 2.153E-8 4.2485E-8 6.0706E-8
 5.4389E-8 2.9448E-8 -1.2452E-7 -1.435E-7 -5.9261E-8
 2.4993E-8 1.3249E-8 5.5748E-9 -3.5847E-9 -2.9323E-8
 -3.2931E-8 -2.0024E-9 4.1062E-9 -2.724E-9 -1.3909E-8
 -2.1485E-8 -8.8588E-9 1.6325E-8 3.4122E-8 4.2034E-8
 5.0423E-8 4.184E-8 2.1191E-8 9.9833E-9 1.9935E-8
 2.4259E-8 -2.7268E-8 -4.5588E-8 -5.3825E-8 -5.3445E-8
 -3.4327E-8 -9.7822E-9 4.0106E-9 1.6773E-8 3.0482E-8
 3.4755E-8 2.6767E-8 9.878E-9 -8.6215E-11 2.3201E-9
 2.2436E-8 3.1033E-8 1.1307E-8 -1.6521E-8 -2.1919E-8
 -6.7682E-9 9.203E-9 1.6637E-8 2.489E-8 2.8954E-8
 2.187E-8 8.9772E-9 -4.7053E-9 -3.6675E-8 -3.1063E-8
 -4.8086E-8 -4.5516E-8 -3.0377E-8 -1.7864E-8 -4.9212E-9
 2.37E-8 4.4675E-8 1.2195E-8 -9.0392E-9 1.0058E-7
 1.4698E-7 1.13E-7 6.0286E-8 4.636E-8 6.1478E-8
 6.2308E-8 4.0966E-8 2.426E-8 8.1945E-9 7.1307E-9
 9.0984E-9 9.6123E-9 3.2827E-8 2.3369E-8 -1.0865E-9
 -5.6013E-9 1.0151E-9 4.7256E-9 -1.5923E-9 1.0312E-8
 1.9631E-8 2.9863E-8 -1.6883E-9 4.2898E-9 -1.7218E-9
 -6.3105E-9 -1.9904E-8 -3.4524E-8 -4.8254E-8 -5.086E-8
 -4.0345E-8 -1.7622E-8 -1.653E-9 5.2927E-9 1.0013E-8
 7.9769E-9 1.2776E-9 1.725E-9 1.0708E-8 2.8496E-8
 3.2824E-8 4.3484E-8 7.2338E-8 7.7866E-8 6.7326E-8
 6.6869E-8 6.3656E-8 3.6235E-8 1.9768E-8 6.9138E-9
 9.5655E-9 9.5655E-9
 -3.7493E-9 1.9108E-9 1.0589E-8 4.3444E-8 9.6607E-8
 1.2116E-7 1.6004E-7 2.0747E-7 1.5064E-7 1.0215E-7
 6.1955E-8 -1.3697E-8 3.6123E-9 5.0957E-9 2.3334E-9
 -1.3499E-8 -1.5628E-8 -5.0179E-9 1.858E-9 -2.4417E-9
 -1.6995E-8 -1.986E-8 -1.1877E-8 -8.8003E-9 -3.2408E-9
 1.6422E-8 2.3401E-8 2.2536E-8 2.6045E-8 2.6153E-8
 7.5314E-9 -4.2963E-9 1.0087E-8 3.8359E-8 4.5109E-8
 9.3063E-9 -2.3661E-8 -1.9354E-8 -1.2997E-8 -2.298E-8
 -3.1963E-8 -2.7229E-8 -9.1768E-9 3.7354E-9 -7.3754E-9
 -2.0753E-8 -1.7239E-8 3.1497E-9 2.8825E-8 6.881E-8
 7.897E-8 1.5183E-7 -8.338E-8 -1.1375E-7 -6.612E-8
 6.0748E-9 1.2408E-8 1.2024E-8 -1.5E-9 -3.0871E-8
 -2.9333E-8 -5.6104E-10 5.4801E-10 -7.9651E-9 -1.5637E-8
 -1.8189E-8 -6.46E-9 1.4635E-8 2.6058E-8 3.2129E-8
 3.6581E-8 1.9651E-8 -2.1629E-9 -1.0558E-9 2.5781E-8
 3.5479E-8 -3.1215E-8 -5.3553E-8 -5.5193E-8 -4.6596E-8
 -2.7147E-8 -5.5811E-9 7.6755E-9 2.2249E-8 3.5576E-8
 3.5974E-8 2.5789E-8 1.1786E-8 4.218E-9 3.8559E-9
 2.181E-8 2.7358E-8 2.0416E-9 -2.5476E-8 -2.2435E-8
 -3.006E-9 1.1992E-8 1.5746E-8 1.8615E-8 1.3287E-8
 -3.3436E-9 -1.4114E-8 -1.6123E-8 -3.4657E-8 -2.5021E-8
 -3.9143E-8 -3.4455E-8 -1.8116E-8 -6.4443E-9 4.3654E-10
 1.6051E-8 3.7899E-8 2.4944E-8 7.4472E-9 1.1571E-7
 1.423E-7 9.4857E-8 5.1933E-8 4.4258E-8 5.8452E-8
 6.1695E-8 4.2097E-8 2.2871E-8 2.3842E-9 -2.5197E-10
 7.7822E-10 4.5053E-10 2.7565E-8 1.1439E-8 -1.6558E-8
 -1.7902E-8 -5.9276E-9 4.5185E-9 5.6106E-9 9.2088E-9
 1.4686E-8 3.2591E-8 -5.2115E-9 5.0735E-9 2.032E-9
 -1.7631E-9 -1.6372E-8 -3.1397E-8 -4.5635E-8 -4.8081E-8
 -3.4113E-8 -1.0392E-8 1.0825E-8 2.341E-8 1.4343E-8
 5.0053E-9 -3.8025E-9 -3.4581E-9 4.4886E-9 1.8623E-8
 2.4595E-8 3.4898E-8 6.3021E-8 8.5713E-8 6.9015E-8
 4.8114E-8 5.0771E-8 2.8095E-8 1.2776E-8 -6.9462E-10
 5.399E-9 5.399E-9
 6.3258E-9 1.5459E-8 1.8846E-8 4.1928E-8 8.2971E-8
 1.0423E-7 1.5429E-7 2.4639E-7 2.1206E-7 1.4963E-7
 7.6161E-8 -1.8094E-8 -7.4954E-11 3.3428E-9 3.0171E-9
 -1.4285E-8 -1.8432E-8 -6.6749E-9 3.3295E-9 -3.5366E-9
 -2.2229E-8 -2.7285E-8 -1.8523E-8 -1.2088E-8 -1.9144E-9
 1.6181E-8 2.3957E-8 2.4322E-8 3.026E-8 3.662E-8
 1.8591E-8 5.2747E-9 2.1089E-8 4.5056E-8 4.94E-8
 1.3375E-8 -1.9342E-8 -1.1939E-8 -5.6619E-9 -1.6597E-8
 -2.5903E-8 -2.2816E-8 -7.1699E-9 7.6635E-9 1.3477E-9
 -1.43E-8 -2.0085E-8 -1.5667E-8 -4.9708E-9 2.2287E-8
 4.5595E-8 1.6669E-7 -4.5144E-8 -7.9984E-8 -4.0401E-8
 1.233E-9 3.2292E-9 3.1249E-9 -1.1114E-8 -3.2297E-8
 -2.7294E-8 -3.5325E-9 -3.837E-9 -1.4842E-8 -2.0885E-8
 -1.9403E-8 -6.832E-9 1.1927E-8 1.7852E-8 2.1272E-8
 3.3441E-8 2.4046E-8 2.9001E-9 1.1613E-8 4.9985E-8
 4.9516E-8 -2.6919E-8 -4.7988E-8 -4.5027E-8 -3.4295E-8
 -1.8869E-8 -3.259E-9 7.4236E-9 2.1742E-8 3.4253E-8
 3.248E-8 2.2652E-8 1.184E-8 3.4953E-9 2.9037E-10
 1.4614E-8 1.6648E-8 -6.1568E-9 -2.4727E-8 -1.5851E-8
 3.5549E-10 9.7314E-9 9.2544E-9 1.0908E-8 6.9559E-10
 -2.048E-8 -2.9277E-8 -2.0045E-8 -2.1876E-8 -1.4581E-8
 -2.0295E-8 -1.6295E-8 -7.1935E-9 -2.7453E-10 3.5278E-9
 1.1248E-8 2.2781E-8 1.6615E-8 4.7046E-11 9.5147E-8
 1.436E-7 1.1127E-7 6.2702E-8 5.0174E-8 6.0192E-8
 5.8919E-8 3.672E-8 1.7242E-8 -7.491E-9 -1.4173E-8
 -1.1263E-8 -4.3294E-9 3.7928E-8 1.8037E-8 -1.8182E-8
 -2.6433E-8 -1.5109E-8 1.8428E-9 6.0005E-9 5.9923E-9
 1.5139E-8 4.3608E-8 -9.3533E-10 9.5194E-9 2.7364E-9
 -1.9289E-9 -1.9919E-8 -3.4258E-8 -4.4058E-8 -4.2116E-8
 -2.5687E-8 7.673E-10 2.8878E-8 3.0957E-8 1.1116E-8
 -2.3743E-9 -7.6108E-9 -8.3826E-9 -7.6658E-10 1.0304E-8
 1.2288E-8 1.3863E-8 4.1706E-8 8.6139E-8 7.7578E-8
 3.8446E-8 4.1206E-8 2.226E-8 1.1763E-8 -4.2308E-9
 6.6897E-9 6.6897E-9
 1.6494E-8 2.5115E-8 3.1677E-8 4.552E-8 6.278E-8
 7.4747E-8 1.4153E-7 2.5415E-7 2.0882E-7 1.3783E-7
 7.1529E-8 -1.6922E-8 2.0408E-10 1.076E-9 -2.6327E-9
 -1.5891E-8 -2.0037E-8 -1.0457E-8 -3.7345E-10 -1.0396E-8
 -2.8671E-8 -2.9674E-8 -1.3869E-8 -3.5199E-9 1.3198E-9
 8.9086E-9 1.6255E-8 2.0206E-8 2.9287E-8 3.9653E-8
 2.2915E-8 1.5785E-8 3.6707E-8 5.6221E-8 5.4252E-8
 1.3883E-8 -1.6875E-8 -6.9295E-9 9.0311E-10 -1.0816E-8
 -1.6845E-8 -1.2622E-8 -1.2479E-9 1.2222E-8 7.0658E-9
 -9.0669E-9 -1.8748E-8 -1.7762E-8 -1.774E-8 -3.748E-9
 3.4657E-8 1.5684E-7 2.5585E-8 -2.9774E-8 -1.4042E-8
 8.2729E-9 1.4186E-9 1.4095E-9 -3.0327E-9 -1.32E-8
 -1.3648E-8 -4.7288E-11 -1.5291E-10 -1.0204E-8 -1.6974E-8
 -1.868E-8 -9.8478E-9 9.383E-9 1.6549E-8 2.0851E-8
 3.4295E-8 2.8663E-8 8.9881E-9 2.256E-8 6.1816E-8
 5.2408E-8 -2.0448E-8 -3.89E-8 -3.5449E-8 -2.4768E-8
 -1.1531E-8 -1.4781E-9 7.3455E-9 2.4724E-8 3.8732E-8
 3.394E-8 2.3468E-8 1.2567E-8 6.4568E-9 7.4499E-9
 1.491E-8 9.0785E-9 -9.3946E-9 -2.1696E-8 -1.3329E-8
 8.4152E-10 7.7319E-9 6.7043E-9 1.0648E-8 -3.8035E-9
 -2.9649E-8 -3.5825E-8 -2.0018E-8 -1.6245E-8 -1.6541E-8
 -2.3676E-8 -1.6891E-8 -4.7732E-9 3.495E-9 6.6955E-9
 8.746E-9 1.4482E-8 1.518E-8 1.0129E-9 7.7388E-8
 1.3981E-7 1.275E-7 7.3248E-8 4.7798E-8 5.6277E-8
 5.8746E-8 3.3878E-8 1.3261E-8 -1.0843E-8 -1.5917E-8
 -1.1116E-8 1.8966E-9 4.8903E-8 3.4132E-8 -7.2891E-9
 -2.2002E-8 -9.7698E-9 1.8234E-8 2.1479E-8 1.0552E-8
 6.4919E-9 2.7868E-8 -1.0116E-8 7.0592E-9 5.7369E-9
 1.536E-9 -1.7872E-8 -3.1717E-8 -3.9774E-8 -3.6234E-8
 -1.9269E-8 6.8991E-9 2.6556E-8 2.5302E-8 8.7415E-9
 -4.4928E-9 -7.7859E-9 -1.1207E-8 -7.3686E-9 -6.578E-10
 4.1921E-10 -1.2311E-9 1.3482E-8 4.1175E-8 3.346E-8
 5.7939E-9 2.9476E-8 2.3538E-8 2.0529E-8 6.2521E-9
 2.2874E-8 2.2874E-8
 1.971E-8 2.9964E-8 4.1526E-8 5.1751E-8 5.5716E-8
 6.4229E-8 1.3716E-7 2.2533E-7 1.5352E-7 7.7769E-8
 3.2813E-8 -2.4709E-8 -1.6855E-9 2.8701E-9 -6.3129E-10
 -9.5129E-9 -7.1427E-9 -2.3263E-10 1.89E-9 -1.4972E-8
 -2.9548E-8 -2.3289E-8 -4.4545E-9 1.7833E-9 2.347E-9
 4.5788E-9 5.4455E-9 7.6432E-9 1.9244E-8 3.1615E-8
 1.8356E-8 1.9406E-8 4.1677E-8 6.0739E-8 5.9009E-8
 7.6728E-9 -3.9179E-8 -2.175E-8 1.1189E-9 -4.5527E-9
 -9.0942E-9 -4.4548E-9 4.4198E-9 1.6958E-8 1.3086E-8
 -1.5539E-9 -1.7088E-8 -1.7936E-8 -2.2824E-8 -2.5345E-8
 -3.2765E-10 1.2386E-7 2.6259E-8 -1.2375E-8 5.9956E-9
 1.7697E-8 7.3122E-9 8.112E-9 1.4722E-8 8.9787E-9
 3.619E-11 3.4696E-9 4.838E-9 3.0409E-9 4.9318E-9
 4.7871E-9 5.3146E-9 1.4335E-8 1.7899E-8 2.4412E-8
 3.1795E-8 1.5018E-8 -1.1847E-8 2.9916E-9 4.4087E-8
 4.345E-8 -1.3226E-8 -2.8667E-8 -2.6811E-8 -1.8317E-8
 -7.4706E-9 -3.9876E-10 9.3707E-9 2.8845E-8 4.0243E-8
 2.9614E-8 1.8251E-8 1.214E-8 1.1874E-8 1.9763E-8
 2.2806E-8 9.9158E-9 -9.7556E-9 -2.8611E-8 -2.8719E-8
 -1.4401E-8 -2.3596E-9 -1.1999E-9 7.2012E-10 -1.2011E-8
 -2.6523E-8 -2.4474E-8 -8.1053E-9 -4.0392E-9 -8.9795E-9
 -2.2281E-8 -1.6837E-8 -1.7951E-9 7.4513E-9 7.8634E-9
 3.0093E-9 5.5446E-9 1.2846E-8 6.3251E-9 7.276E-8
 1.2237E-7 1.1574E-7 6.9565E-8 4.5255E-8 5.619E-8
 5.7243E-8 2.6396E-8 4.658E-9 -1.6775E-8 -1.9214E-8
 -1.1887E-8 1.0937E-9 4.083E-8 3.1227E-8 -4.2122E-9
 -1.9178E-8 -7.8143E-9 2.3694E-8 2.8956E-8 1.1521E-8
 -1.1456E-8 -5.3458E-9 -1.9736E-8 5.1476E-9 1.084E-8
 6.4465E-9 -1.344E-8 -2.8705E-8 -3.8801E-8 -3.3781E-8
 -1.4115E-8 1.5304E-8 3.1823E-8 2.6352E-8 1.1266E-8
 1.0188E-9 -2.3555E-9 -7.3371E-9 -7.4938E-9 -1.5728E-9
 1.0457E-9 -2.9156E-9 -2.6855E-9 4.5801E-9 1.8083E-9
 -5.2501E-9 2.0478E-8 1.7236E-8 1.6301E-8 1.7997E-9
 1.6152E-8 1.6152E-8
 2.789E-8 3.6148E-8 4.5512E-8 4.5179E-8 4.1006E-8
 5.5384E-8 1.3489E-7 1.9562E-7 9.8042E-8 1.8866E-8
 -1.1939E-8 -3.5959E-8 -9.164E-9 -9.7473E-10 -2.4893E-9
 -1.136E-8 -1.8551E-8 -2.285E-8 -2.4827E-8 -2.9571E-8
 -2.7271E-8 -1.3976E-8 -8.3935E-10 2.3372E-9 7.1923E-10
 5.2465E-10 -6.6272E-10 2.4335E-10 6.5289E-9 1.3559E-8
 9.69E-9 1.3866E-8 2.884E-8 4.8851E-8 5.6837E-8
 1.6235E-8 -2.6018E-8 -1.162E-8 5.6788E-9 -3.5897E-9
 -1.1776E-8 -9.3617E-9 -2.1921E-9 2.2548E-9 -7.6231E-9
 -1.557E-8 -2.1353E-8 -1.1875E-8 -1.0627E-8 -1.7152E-8
 -6.7905E-9 8.3265E-8 1.5994E-9 -2.7105E-8 -2.0066E-10
 1.8498E-8 1.6489E-8 1.6722E-8 1.7949E-8 7.9811E-9
 -3.0473E-9 2.4258E-9 6.7956E-9 5.4225E-9 7.2558E-9
 1.0715E-8 1.3925E-8 1.9059E-8 2.1528E-8 3.1081E-8
 3.6099E-8 1.5793E-8 -1.1061E-8 9.443E-9 4.677E-8
 3.9639E-8 -8.7641E-9 -2.421E-8 -2.5148E-8 -1.6941E-8
 -5.8737E-9 6.7675E-10 8.2819E-9 2.1618E-8 2.517E-8
 1.6508E-8 1.4396E-8 1.4595E-8 1.2692E-8 1.9825E-8
 2.0826E-8 3.5784E-9 -2.02E-8 -4.2754E-8 -3.9391E-8
 -1.991E-8 -5.124E-9 -7.9319E-9 -1.4137E-8 -2.2856E-8
 -2.4162E-8 -1.3475E-8 2.7021E-9 2.962E-9 -9.7455E-9
 -2.6418E-8 -1.4765E-8 6.2719E-9 1.1423E-8 6.1024E-9
 -2.2853E-9 -7.1851E-9 1.9504E-11 6.5194E-9 7.9863E-8
 1.2976E-7 1.2809E-7 7.3445E-8 4.5346E-8 5.9757E-8
 6.1334E-8 2.6099E-8 1.7548E-9 -1.6423E-8 -1.5739E-8
 -8.7365E-9 1.3483E-9 4.0444E-8 2.223E-8 -1.3228E-8
 -2.4535E-8 -8.4041E-9 2.303E-8 3.3576E-8 1.5687E-8
 -1.9624E-8 -3.1265E-8 -3.1379E-8 3.1452E-9 1.4957E-8
 1.1589E-8 -7.1783E-9 -2.3161E-8 -3.376E-8 -2.7609E-8
 -8.952E-9 1.8398E-8 2.8311E-8 1.9016E-8 9.1534E-9
 3.8031E-9 -1.0591E-9 -7.6336E-9 -8.9404E-9 2.4818E-9
 1.2359E-8 8.2944E-9 -1.0712E-10 -8.6158E-10 -6.0997E-9
 -9.4463E-9 6.1626E-9 4.6557E-9 1.0335E-8 2.9142E-9
 1.26E-8 1.26E-8
 2.1282E-8 3.4039E-8 4.2029E-8 3.6281E-8 3.1836E-8
 5.8784E-8 1.6652E-7 2.3288E-7 1.0292E-7 1.5002E-8
 -2.0387E-8 -3.5347E-8 -1.1805E-8 -5.569E-9 -5.8528E-9
 -1.2189E-8 -2.5205E-8 -3.6751E-8 -3.633E-8 -2.6337E-8
 -1.5861E-8 -5.3699E-9 1.5E-9 2.7949E-9 5.8152E-10
 1.4938E-10 4.0516E-10 8.5262E-10 2.9697E-9 4.5699E-9
 5.3193E-9 1.0474E-8 2.2546E-8 3.9748E-8 4.4523E-8
 8.6162E-9 -2.6689E-8 -1.6802E-8 -2.5237E-9 -8.6007E-9
 -1.1025E-8 -8.565E-9 -5.8766E-9 -7.1221E-9 -1.5133E-8
 -1.5335E-8 -1.4529E-8 -2.6396E-9 -5.3096E-10 -1.1449E-8
 -5.5949E-9 6.7289E-8 5.7699E-9 -2.6855E-8 -1.4387E-8
 6.6346E-9 9.9332E-9 7.3129E-9 3.6802E-9 -3.2595E-9
 -5.0678E-9 3.8069E-9 6.2565E-9 2.2858E-9 4.1169E-9
 1.1443E-8 2.0297E-8 2.2116E-8 1.8318E-8 2.6036E-8
 3.351E-8 1.8158E-8 -4.0947E-9 1.5051E-8 4.8095E-8
 4.13E-8 -3.315E-9 -1.8935E-8 -2.2882E-8 -1.5294E-8
 -3.5987E-9 3.5049E-9 1.1589E-8 2.0743E-8 1.6767E-8
 9.7212E-9 1.4051E-8 1.7006E-8 1.1654E-8 1.117E-8
 7.6444E-9 -6.7859E-9 -2.7738E-8 -4.909E-8 -3.9119E-8
 -1.4813E-8 -6.0757E-9 -9.9777E-9 -9.3079E-9 -8.3524E-9
 -6.3955E-9 2.1389E-9 1.4284E-8 1.0246E-8 -4.4134E-9
 -1.9316E-8 -5.3435E-9 1.2751E-8 1.196E-8 2.7479E-9
 -8.175E-9 -2.0715E-8 -2.1321E-8 -1.2233E-8 4.8088E-8
 9.6449E-8 1.0351E-7 6.3383E-8 4.2746E-8 5.3568E-8
 5.5966E-8 2.6185E-8 -6.9354E-10 -1.9734E-8 -1.8632E-8
 -1.0874E-8 2.6104E-9 4.1934E-8 2.3228E-8 -7.0038E-9
 -1.7223E-8 -5.9307E-9 2.1155E-8 3.7817E-8 3.2587E-8
 1.3488E-8 1.3974E-9 -1.7473E-8 4.4572E-9 1.4733E-8
 1.338E-8 -4.2886E-9 -2.3107E-8 -3.4188E-8 -2.4496E-8
 -4.8685E-9 1.8394E-8 2.5068E-8 1.7562E-8 8.7023E-9
 3.6257E-9 -2.2748E-9 -7.6512E-9 -7.9571E-9 3.8716E-9
 1.4531E-8 1.3777E-8 1.0972E-8 8.6725E-9 -4.3846E-9
 -8.25E-9 -2.7406E-10 -5.2985E-9 8.7562E-9 1.1661E-8
 1.8796E-8 1.8796E-8
 1.8702E-8 2.4269E-8 3.2091E-8 3.3103E-8 2.7891E-8
 4.5598E-8 1.403E-7 2.4039E-7 1.4764E-7 7.6113E-8
 1.938E-8 -2.9112E-8 -1.3143E-8 -6.6983E-9 -4.4708E-9
 -9.6558E-9 -2.0036E-8 -2.9601E-8 -2.8619E-8 -1.7869E-8
 -8.7307E-9 -2.2613E-9 1.5714E-9 1.9705E-9 3.4062E-10
 3.7653E-10 1.7948E-9 2.878E-9 2.0474E-9 7.5815E-10
 2.8031E-9 9.5916E-9 1.657E-8 2.8473E-8 3.5619E-8
 1.0214E-8 -2.132E-8 -1.5729E-8 -3.0429E-9 -4.4096E-9
 -4.8869E-9 -7.8826E-9 -1.0214E-8 -1.2127E-8 -1.4429E-8
 -6.2128E-9 2.534E-9 1.1824E-8 4.7715E-9 -1.6675E-8
 -1.8852E-8 5.0101E-8 5.8742E-10 -6.344E-9 -2.8256E-9
 -2.2422E-9 -6.8378E-9 -9.7109E-9 -7.6235E-9 -6.0924E-9
 -4.1987E-9 3.6162E-9 4.0026E-9 -2.7943E-9 -9.242E-10
 1.0801E-8 2.38E-8 2.4918E-8 1.751E-8 2.2684E-8
 2.7529E-8 9.4714E-9 -1.4686E-8 -1.7098E-10 3.4946E-8
 4.059E-8 7.7022E-10 -1.3635E-8 -1.6984E-8 -9.8931E-9
 -2.9744E-10 6.1144E-9 1.527E-8 2.2564E-8 1.6455E-8
 1.3136E-8 2.0301E-8 2.0618E-8 1.3634E-8 1.1336E-8
 6.1636E-9 -8.2114E-9 -2.8859E-8 -4.3982E-8 -2.6394E-8
 -4.8525E-9 -2.6476E-9 -2.1141E-9 2.9226E-9 3.4102E-9
 3.4707E-9 6.7658E-9 1.2274E-8 2.8823E-9 -1.4562E-8
 -2.352E-8 -2.717E-9 1.5183E-8 1.3815E-8 1.9272E-9
 -1.0304E-8 -2.1472E-8 -2.3832E-8 -1.7406E-8 1.8127E-8
 5.8636E-8 7.6538E-8 5.4445E-8 3.7063E-8 4.2139E-8
 4.3157E-8 2.0597E-8 -3.0376E-9 -1.887E-8 -1.8042E-8
 -1.1733E-8 -1.3504E-9 2.2679E-8 1.3496E-8 -2.1944E-9
 -9.1939E-9 -3.8845E-9 1.8796E-8 3.6742E-8 3.7915E-8
 3.2837E-8 2.0226E-8 -1.1008E-8 1.0957E-9 1.0841E-8
 1.1765E-8 -2.4335E-9 -1.9556E-8 -2.8162E-8 -1.7609E-8
 2.7983E-10 1.6595E-8 1.5772E-8 9.0551E-9 5.3539E-9
 3.062E-9 -3.5449E-9 -8.016E-9 -7.4201E-9 2.8595E-9
 1.2956E-8 1.7748E-8 2.1315E-8 1.5271E-8 -1.0609E-9
 -1.9944E-9 2.8455E-9 -8.1268E-9 1.9216E-9 3.1646E-9
 5.3623E-9 5.3623E-9
 1.561E-8 1.6832E-8 2.2164E-8 2.7954E-8 2.7231E-8
 4.1916E-8 1.244E-7 2.0135E-7 1.1115E-7 5.0161E-8
 1.006E-8 -2.769E-8 -1.4247E-8 -6.4909E-9 -1.5548E-9
 -3.8209E-9 -1.0708E-8 -1.6685E-8 -1.6439E-8 -1.3557E-8
 -9.4456E-9 -3.6856E-9 8.3529E-10 1.6991E-9 7.6183E-10
 1.1782E-9 2.7721E-9 2.6938E-9 4.2865E-10 -1.1491E-9
 1.1969E-9 8.5266E-9 1.1805E-8 1.7386E-8 2.2101E-8
 7.5593E-9 -1.0973E-8 -8.3978E-9 -1.1211E-9 -3.3382E-9
 -3.6469E-9 -6.0279E-9 -1.0776E-8 -1.1916E-8 -6.9435E-9
 7.3223E-9 1.7842E-8 2.3653E-8 1.5153E-8 -9.889E-9
 -1.6146E-8 4.6921E-8 5.2245E-9 1.1155E-8 8.5465E-9
 -3.8015E-9 -1.0555E-8 -1.0585E-8 -5.8617E-9 -5.2802E-9
 -5.842E-9 -2.7686E-11 2.2945E-10 -7.1888E-9 -8.8996E-9
 2.2449E-9 1.7366E-8 1.987E-8 1.4384E-8 2.0036E-8
 2.5255E-8 1.0314E-8 -1.0294E-8 7.3167E-9 3.8921E-8
 3.8286E-8 1.7203E-10 -1.1329E-8 -1.2593E-8 -6.207E-9
 1.6722E-9 7.5939E-9 1.4561E-8 1.874E-8 1.484E-8
 1.5499E-8 2.0965E-8 1.6651E-8 1.2119E-8 1.3537E-8
 7.6318E-9 -8.4641E-9 -2.6589E-8 -2.8783E-8 -6.1683E-9
 4.9382E-9 -6.8984E-11 -1.599E-9 6.2902E-10 3.1936E-10
 1.7844E-9 6.4707E-9 1.0738E-8 -3.7429E-11 -1.5429E-8
 -1.9147E-8 7.0096E-10 1.3923E-8 1.1787E-8 1.8444E-9
 -8.4824E-9 -1.4715E-8 -1.5239E-8 -1.3885E-8 6.0975E-9
 4.0352E-8 6.8478E-8 5.3675E-8 3.4694E-8 3.7188E-8
 3.9735E-8 2.0367E-8 -1.0114E-9 -1.3053E-8 -1.1795E-8
 -6.3466E-9 1.2018E-9 1.4108E-8 9.9152E-9 4.6851E-10
 -6.3028E-9 -4.9097E-9 1.1684E-8 2.1101E-8 1.6401E-8
 9.8414E-9 2.7845E-9 -1.5977E-8 -1.8886E-9 7.5834E-9
 9.5635E-9 -1.1571E-9 -1.4883E-8 -1.9916E-8 -8.7272E-9
 4.9489E-9 1.2367E-8 7.6229E-9 5.9615E-9 5.491E-9
 2.6182E-9 -3.4736E-9 -4.7773E-9 -3.0814E-9 5.4497E-9
 1.4863E-8 1.7322E-8 1.2537E-8 4.1081E-9 -4.895E-9
 3.3927E-10 9.007E-9 -5.0094E-9 -3.4542E-9 5.1508E-10
 6.4982E-9 6.4982E-9
 1.8863E-8 1.8357E-8 1.5146E-8 1.6087E-8 2.226E-8
 4.5541E-8 1.2894E-7 1.7576E-7 6.906E-8 7.6375E-9
 -1.266E-8 -2.665E-8 -1.3347E-8 -4.9015E-9 3.0236E-10
 -3.8061E-9 -1.0396E-8 -1.0962E-8 -9.4678E-9 -1.1279E-8
 -9.7437E-9 -4.1266E-9 4.7292E-10 2.0567E-9 1.8596E-9
 2.8879E-9 3.5807E-9 1.5791E-9 -8.6469E-10 -1.3416E-9
 3.1128E-9 1.1988E-8 1.8242E-8 2.113E-8 1.9216E-8
 8.2214E-9 -5.1991E-9 -5.336E-9 -1.4735E-9 -7.4991E-9
 -7.8642E-9 -5.7365E-9 -7.6371E-9 -8.486E-9 -3.1859E-9
 8.5005E-9 1.5634E-8 1.8458E-8 1.0191E-8 -1.1647E-8
 -1.7358E-8 2.9196E-8 -6.515E-9 8.4807E-9 9.4881E-9
 -6.8311E-9 -1.3927E-8 -1.1484E-8 -4.9671E-9 -3.4919E-9
 -3.9851E-9 -3.5528E-10 8.1105E-10 -3.4553E-9 -4.847E-9
 2.6912E-9 1.5683E-8 2.065E-8 1.8559E-8 2.3198E-8
 2.6866E-8 1.303E-8 -3.704E-9 1.383E-8 3.5213E-8
 2.7541E-8 -2.0189E-9 -9.1188E-9 -9.1323E-9 -4.8203E-9
 5.2146E-10 5.4225E-9 1.052E-8 1.3157E-8 1.1255E-8
 1.3998E-8 1.795E-8 1.3385E-8 1.3431E-8 1.7012E-8
 7.7414E-9 -1.167E-8 -2.58E-8 -1.8414E-8 2.6716E-9
 8.92E-9 4.3168E-9 1.5993E-9 1.6315E-9 -1.0308E-10
 8.4495E-10 4.6347E-9 8.2482E-9 1.1271E-9 -9.9686E-9
 -1.0246E-8 5.1724E-9 1.5408E-8 1.0303E-8 -1.4169E-10
 -9.1345E-9 -1.4248E-8 -1.3385E-8 -1.1072E-8 3.2024E-9
 2.8162E-8 5.204E-8 4.2943E-8 2.7114E-8 3.1319E-8
 3.8336E-8 2.0796E-8 -1.1846E-9 -1.2442E-8 -9.6608E-9
 -3.3225E-9 1.3184E-9 8.6235E-9 7.45E-9 5.8754E-10
 -8.7037E-9 -8.687E-9 7.8302E-9 9.4697E-9 -2.7532E-9
 -1.2623E-8 -1.027E-8 -1.5901E-8 -2.6193E-9 4.2087E-9
 6.3858E-9 -1.442E-9 -1.2436E-8 -1.6504E-8 -6.0035E-9
 8.1003E-9 1.1078E-8 3.7186E-9 4.9716E-9 6.7185E-9
 4.0566E-9 -1.0945E-9 -2.5293E-9 -3.5938E-9 -1.8E-9
 4.6929E-9 9.9187E-9 5.0369E-9 -1.4368E-10 -6.6902E-9
 -3.1788E-9 8.7746E-9 -2.8214E-9 -5.9795E-9 -2.4179E-10
 1.2606E-8 1.2606E-8
 1.7641E-8 1.3524E-8 1.2263E-8 1.1688E-8 1.448E-8
 3.0984E-8 9.2663E-8 1.4445E-7 5.8839E-8 3.5499E-9
 -1.0011E-8 -2.1038E-8 -1.0784E-8 -3.5465E-9 1.2857E-9
 -4.8067E-9 -1.3745E-8 -1.0243E-8 -3.978E-9 -6.3042E-9
 -7.8534E-9 -3.9746E-9 9.8326E-11 2.4208E-9 2.6544E-9
 3.4172E-9 2.8638E-9 6.1516E-10 -9.2846E-10 2.0397E-10
 5.5864E-9 1.2817E-8 1.8824E-8 1.9995E-8 1.5513E-8
 7.6818E-9 -3.9239E-9 -7.1641E-9 -5.8321E-9 -9.8974E-9
 -6.5875E-9 -1.0261E-9 -1.3163E-9 -3.9996E-9 -2.1625E-9
 3.3243E-9 4.6778E-9 5.7714E-9 2.5014E-9 -8.4075E-9
 -9.4114E-9 3.0771E-8 5.4592E-9 1.3297E-8 8.4449E-9
 -9.5912E-9 -1.8155E-8 -1.6191E-8 -9.7548E-9 -5.8865E-9
 -2.7045E-9 4.0924E-9 9.2562E-9 7.9923E-9 6.2406E-9
 9.4972E-9 1.8296E-8 2.2007E-8 1.8584E-8 2.0424E-8
 2.119E-8 6.7025E-9 -7.9982E-9 5.2351E-9 2.1908E-8
 1.8302E-8 -1.8844E-9 -7.0312E-9 -7.0155E-9 -3.496E-9
 4.891E-10 4.8407E-9 9.948E-9 1.2748E-8 1.2248E-8
 1.3475E-8 1.2824E-8 7.7145E-9 1.1844E-8 1.7136E-8
 6.6237E-9 -1.096E-8 -1.8438E-8 -7.8543E-9 4.4093E-9
 5.7878E-9 5.9304E-9 5.3491E-9 3.5291E-9 -9.3494E-10
 -1.9319E-9 -3.6886E-10 7.5134E-10 -5.1998E-9 -1.0677E-8
 -6.7107E-9 5.9108E-9 1.3698E-8 8.629E-9 -1.5064E-9
 -7.8514E-9 -1.0979E-8 -1.071E-8 -9.5883E-9 4.3941E-9
 3.203E-8 5.3388E-8 3.9007E-8 2.171E-8 2.4833E-8
 3.1801E-8 1.7643E-8 -1.5754E-9 -1.0014E-8 -7.3349E-9
 -2.7106E-9 4.6853E-10 6.5698E-9 7.3533E-9 7.6407E-10
 -8.7959E-9 -7.696E-9 6.8414E-9 9.6437E-9 -3.5481E-9
 -1.6326E-8 -1.495E-8 -1.4622E-8 -3.5298E-9 2.2456E-9
 4.5757E-9 -1.4626E-9 -1.0183E-8 -1.3584E-8 -6.8832E-9
 2.9124E-9 4.4562E-9 1.9481E-9 6.3869E-9 8.391E-9
 4.6477E-9 -1.619E-9 -4.0961E-9 -2.7931E-9 3.0597E-11
 5.9678E-9 1.8505E-8 2.0858E-8 1.1656E-8 -5.0054E-9
 -7.9653E-9 3.6567E-9 -2.4895E-10 -2.4923E-10 5.7431E-9
 1.9331E-8 1.9331E-8
 1.3965E-8 5.4051E-9 5.4859E-9 6.9851E-9 1.1757E-8
 2.7558E-8 7.6989E-8 1.1464E-7 3.6462E-8 -8.2436E-9
 -1.1482E-8 -1.5763E-8 -7.5356E-9 -1.8617E-9 2.2404E-9
 -2.7436E-9 -1.0888E-8 -7.7853E-9 -2.2517E-9 -3.9947E-9
 -5.5766E-9 -2.7031E-9 5.5497E-10 2.841E-9 3.0122E-9
 2.6824E-9 1.2105E-9 -6.8012E-10 -5.3418E-10 1.4143E-9
 5.407E-9 9.1543E-9 1.2668E-8 1.5359E-8 1.3058E-8
 6.374E-9 -3.6698E-9 -6.7947E-9 -6.7722E-9 -7.7445E-9
 -1.9036E-9 2.8052E-9 5.8477E-10 -3.6114E-9 -3.0238E-9
 1.9769E-10 2.1753E-10 1.2522E-9 1.1565E-9 -3.6558E-9
 -5.4969E-9 2.2428E-8 1.3536E-8 1.4441E-8 6.3139E-9
 -2.8222E-9 -8.1217E-9 -8.5758E-9 -4.5566E-9 -3.4067E-9
 -2.0312E-9 2.2477E-9 3.927E-9 1.6668E-9 3.2175E-9
 9.4169E-9 1.5829E-8 1.6253E-8 1.4933E-8 1.947E-8
 1.7578E-8 1.9227E-9 -1.1231E-8 -1.3012E-9 1.4456E-8
 1.4124E-8 -1.6997E-9 -6.6716E-9 -6.3677E-9 -2.6815E-9
 3.5509E-10 3.3537E-9 7.2604E-9 9.8446E-9 9.9726E-9
 8.2009E-9 2.4474E-9 -3.5955E-9 3.6087E-9 1.2486E-8
 5.3835E-9 -7.4692E-9 -1.1218E-8 -3.4938E-9 2.1067E-9
 3.2515E-9 5.1077E-9 2.3796E-9 -6.0915E-10 -2.8886E-9
 -2.0422E-9 6.8459E-10 1.4144E-9 -7.3601E-9 -1.052E-8
 -4.6677E-9 4.8594E-9 7.9291E-9 5.984E-9 -8.9677E-10
 -5.674E-9 -6.5579E-9 -4.6035E-9 -2.0787E-9 5.7835E-9
 2.3256E-8 3.833E-8 2.5943E-8 1.4873E-8 1.7543E-8
 2.1436E-8 1.1358E-8 -2.1297E-9 -6.8549E-9 -4.0466E-9
 -5.5868E-10 2.4607E-9 6.8951E-9 7.0077E-9 8.3737E-10
 -6.195E-9 -4.5702E-9 6.4235E-9 8.8392E-9 -3.4528E-9
 -1.2461E-8 -1.0563E-8 -1.0446E-8 -3.1597E-9 6.3012E-10
 2.8569E-9 -9.1715E-10 -7.5613E-9 -9.6264E-9 -4.1258E-9
 3.0957E-9 4.0735E-9 2.9763E-9 6.8296E-9 8.1873E-9
 5.3745E-9 -7.6646E-10 -4.8093E-9 -4.2715E-9 -2.1484E-9
 8.5029E-10 1.0522E-8 1.5652E-8 8.9153E-9 -4.3595E-9
 -5.9453E-9 6.0997E-10 -3.1186E-9 -4.6705E-9 1.1557E-9
 1.4189E-8 1.4189E-8
 1.0885E-8 4.9865E-9 5.4217E-9 4.6455E-9 8.3261E-9
 2.3296E-8 6.5858E-8 9.4376E-8 3.0118E-8 -3.2294E-9
 -4.5338E-9 -1.1016E-8 -4.9897E-9 -8.2504E-10 1.1175E-9
 -2.4946E-9 -7.2631E-9 -5.4426E-9 -4.1078E-9 -5.4914E-9
 -4.7962E-9 -2.1092E-9 9.1559E-10 3.4351E-9 3.2397E-9
 2.019E-9 2.8512E-10 -3.8907E-10 5.3702E-10 2.4352E-9
 5.5004E-9 7.5514E-9 8.1258E-9 8.1382E-9 5.1416E-9
 1.2897E-9 -3.6562E-9 -4.0028E-9 -3.2385E-9 -3.5757E-9
 1.1203E-10 2.2763E-9 -2.6054E-10 -3.6034E-9 -2.5288E-9
 -5.5006E-11 -6.1754E-10 -3.8194E-10 6.0004E-11 -2.4703E-9
 -1.1935E-8 -1.8911E-8 -2.1836E-8 -4.9884E-9 1.0066E-9
 -2.7723E-9 -8.3766E-9 -1.0372E-8 -6.6594E-9 -4.5518E-9
 -1.928E-9 3.4046E-9 4.5489E-9 1.8703E-9 2.1824E-9
 4.8788E-9 7.895E-9 8.8446E-9 1.1313E-8 1.6325E-8
 1.2876E-8 -2.4795E-10 -1.1411E-8 -3.8622E-9 9.9399E-9
 1.0243E-8 -1.2524E-9 -4.8488E-9 -4.7898E-9 -2.0662E-9
 4.6331E-10 3.0272E-9 5.6366E-9 7.8529E-9 8.9372E-9
 6.5121E-9 -3.3324E-11 -6.629E-9 -3.2094E-9 3.7888E-9
 4.5467E-10 -8.0157E-9 -8.3132E-9 -1.1103E-9 2.4621E-9
 4.1662E-9 6.1155E-9 3.7771E-9 1.5751E-9 -3.5661E-10
 -1.7672E-10 4.0607E-10 -1.2472E-9 -7.1162E-9 -7.6881E-9
 -2.4634E-9 3.9992E-9 5.584E-9 4.9542E-9 1.4448E-9
 -6.8185E-10 -3.3215E-10 6.5944E-11 -2.4751E-10 3.8724E-9
 1.3949E-8 2.4391E-8 1.8581E-8 1.1686E-8 1.4096E-8
 1.6573E-8 8.2279E-9 -2.4294E-9 -6.7235E-9 -3.7804E-9
 2.0981E-10 3.0215E-9 6.3906E-9 6.4296E-9 6.4633E-10
 -5.9343E-9 -4.5453E-9 6.5854E-9 8.0887E-9 -2.6695E-9
 -6.2526E-9 -3.2511E-9 -6.2896E-9 -2.6109E-9 -4.1777E-10
 1.2074E-9 -8.9391E-10 -5.9278E-9 -7.5671E-9 -3.2297E-9
 1.8337E-9 2.2761E-9 2.9346E-9 6.3645E-9 6.472E-9
 4.2948E-9 -6.8828E-10 -4.5723E-9 -4.5937E-9 -2.2498E-9
 -4.0233E-10 2.4928E-9 4.9541E-9 2.895E-9 -3.9555E-9
 -2.3156E-9 2.1212E-9 -2.3761E-9 -5.2186E-9 -1.8054E-9
 8.1276E-9 8.1276E-9
 8.6283E-9 5.3448E-9 6.5305E-9 5.7043E-9 8.065E-9
 1.9565E-8 5.2524E-8 6.6728E-8 1.5376E-8 -6.5676E-9
 -4.5582E-9 -6.856E-9 -1.442E-9 3.7173E-10 -5.6569E-10
 -2.9714E-9 -4.3662E-9 -3.5795E-9 -5.6575E-9 -6.5681E-9
 -4.4449E-9 -2.04E-9 1.0699E-9 3.6646E-9 3.0629E-9
 1.1977E-9 8.1847E-11 4.7756E-10 2.2627E-9 4.7081E-9
 6.7493E-9 7.3048E-9 6.0745E-9 3.5905E-9 1.2016E-9
 4.1072E-10 -1.3952E-9 -2.1314E-10 4.6697E-10 -2.1272E-9
 -2.1875E-9 -7.8273E-10 -1.6919E-9 -3.0664E-9 -1.5881E-9
 4.0389E-10 2.3686E-12 2.8665E-10 9.086E-10 1.029E-9
 1.041E-9 4.1283E-9 1.1594E-8 8.7854E-9 2.0092E-9
 -1.7075E-9 -7.2954E-9 -1.01E-8 -6.5283E-9 -4.0934E-9
 -1.5656E-9 2.9972E-9 4.9482E-9 4.7616E-9 4.9295E-9
 3.9053E-9 3.3035E-9 4.4899E-9 9.8099E-9 1.4339E-8
 1.0243E-8 2.2088E-10 -8.1382E-9 -2.7407E-9 6.508E-9
 6.1432E-9 -3.6202E-10 -2.6342E-9 -3.3546E-9 -1.7815E-9
 3.6918E-10 2.9602E-9 4.9521E-9 6.3306E-9 6.4099E-9
 3.9429E-9 -5.6097E-10 -6.156E-9 -5.6365E-9 -5.4858E-10
 -6.9234E-10 -4.2267E-9 -2.6909E-9 1.4664E-9 2.956E-9
 3.6934E-9 2.9539E-9 8.5685E-10 8.1537E-10 3.8827E-10
 4.6897E-10 -2.581E-10 -3.7605E-9 -7.092E-9 -5.2503E-9
 -5.4208E-10 3.5101E-9 4.5595E-9 4.042E-9 2.343E-9
 2.0002E-9 2.7615E-9 3.2911E-9 2.4735E-9 6.9844E-9
 1.2843E-8 1.6749E-8 1.088E-8 6.2472E-9 8.0575E-9
 1.0169E-8 5.2478E-9 -2.6189E-9 -6.305E-9 -2.6874E-9
 1.3778E-9 3.6964E-9 6.591E-9 5.5435E-9 2.6085E-10
 -4.2473E-9 -4.1185E-9 2.6305E-9 2.7754E-9 -4.535E-9
 -3.7527E-9 -1.1951E-10 -3.5541E-9 -2.4046E-9 -1.3829E-9
 2.8271E-12 -3.5715E-10 -3.3266E-9 -5.3175E-9 -2.362E-9
 1.449E-9 1.3433E-9 2.6097E-9 5.3599E-9 5.2126E-9
 4.0996E-9 7.4758E-10 -2.7324E-9 -3.5857E-9 -1.7472E-9
 1.2518E-9 5.8423E-9 8.9701E-9 5.8157E-9 -2.6464E-9
 -2.099E-9 2.7256E-9 -1.0202E-9 -4.5659E-9 -4.0998E-9
 2.3457E-9 2.3457E-9
 5.3119E-9 5.6341E-9 7.4746E-9 7.2898E-9 9.5806E-9
 1.7693E-8 4.2219E-8 4.8762E-8 6.9872E-9 -9.6791E-9
 -6.3813E-9 -4.7733E-9 -2.5323E-10 1.5784E-10 -1.8224E-9
 -2.9998E-9 -3.6527E-9 -3.9711E-9 -5.209E-9 -4.6212E-9
 -2.943E-9 -1.5548E-9 9.7574E-10 3.0527E-9 1.9313E-9
 1.2248E-10 -1.734E-10 7.9549E-10 2.7494E-9 4.6166E-9
 4.3991E-9 3.3118E-9 2.5321E-9 8.9347E-10 1.0568E-9
 1.9048E-9 2.2744E-10 7.4271E-10 3.5038E-10 -3.883E-9
 -4.8343E-9 -1.6828E-9 -2.0198E-10 -9.9316E-10 -6.833E-10
 9.0863E-11 -5.527E-10 -1.4681E-10 6.8728E-10 1.4746E-9
 3.7024E-9 1.1316E-8 6.386E-9 2.0428E-9 4.5186E-11
 1.3195E-9 7.5101E-10 -8.4613E-10 -3.7764E-10 -1.4141E-9
 -1.5561E-9 7.9892E-10 2.0606E-9 2.3129E-9 2.6562E-9
 9.6192E-10 -3.4407E-10 1.2793E-9 6.3161E-9 9.5991E-9
 6.6269E-9 6.7697E-10 -5.1066E-9 -2.8993E-9 2.234E-9
 1.6833E-9 -1.2498E-9 -2.111E-9 -2.5927E-9 -1.2581E-9
 8.9673E-11 1.6869E-9 3.1064E-9 4.529E-9 4.4026E-9
 2.4233E-9 -3.9548E-11 -3.9548E-9 -4.4036E-9 -1.8576E-9
 -1.5894E-9 -2.54E-9 -9.5002E-10 3.8169E-10 7.9771E-10
 2.6884E-9 3.105E-9 1.9703E-9 1.5638E-9 2.2401E-10
 -2.0187E-10 -5.6166E-10 -3.5972E-9 -5.8821E-9 -3.6299E-9
 -1.2282E-10 2.6819E-9 3.3241E-9 2.2769E-9 7.251E-10
 1.0189E-9 2.3005E-9 4.1734E-9 4.1815E-9 6.6194E-9
 8.5286E-9 1.0537E-8 6.0425E-9 2.4702E-9 2.9474E-9
 3.7114E-9 1.4964E-9 -2.5045E-9 -3.7581E-9 -1.1157E-9
 4.8913E-10 1.7574E-9 3.8822E-9 3.3617E-9 4.975E-10
 -1.9361E-9 -2.4813E-9 -5.3092E-10 -2.2493E-9 -5.8078E-9
 -3.2547E-9 -5.6338E-10 -2.7659E-9 -2.2965E-9 -1.5127E-9
 -3.4347E-10 -7.0244E-10 -2.8956E-9 -4.6744E-9 -1.8453E-9
 1.4938E-9 1.216E-9 2.7034E-9 4.7867E-9 3.8655E-9
 2.6689E-9 4.6001E-10 -1.5335E-9 -1.858E-9 -5.8032E-11
 3.6333E-9 8.738E-9 1.1297E-8 6.1146E-9 -2.3304E-9
 -1.7457E-9 1.7237E-9 -1.0848E-9 -3.7513E-9 -3.8443E-9
 -1.8159E-9 -1.8159E-9
 2.0165E-9 4.6622E-9 5.8271E-9 4.5518E-9 5.473E-9
 1.0757E-8 3.0873E-8 4.2383E-8 1.1171E-8 -4.6942E-9
 -5.4781E-9 -5.085E-9 -8.7095E-10 -9.7885E-10 -2.8374E-9
 -2.3447E-9 -1.2003E-9 -1.2421E-9 -2.7216E-9 -2.7591E-9
 -1.895E-9 -1.0977E-9 5.2208E-10 1.7557E-9 7.3203E-10
 -4.3593E-10 -1.1889E-10 8.888E-10 2.5614E-9 3.7971E-9
 2.4984E-9 9.2401E-10 9.1827E-10 9.269E-10 3.0241E-9
 5.0166E-9 3.1866E-9 2.2663E-9 1.3985E-9 -1.8557E-9
 -2.6609E-9 -6.7433E-10 9.1056E-11 -9.5399E-10 -8.181E-10
 -4.1153E-11 -3.9013E-11 9.0339E-10 1.7692E-9 1.8317E-9
 3.5231E-9 1.1724E-8 6.0635E-9 2.3333E-9 1.1091E-9
 9.9852E-10 -5.6052E-10 -1.8955E-9 -1.0517E-9 -1.597E-9
 -1.6415E-9 5.3582E-11 9.7174E-10 8.7455E-10 4.6278E-10
 -1.8926E-9 -3.3858E-9 -9.7542E-10 3.8494E-9 6.1026E-9
 3.8357E-9 4.0196E-10 -3.4193E-9 -2.8629E-9 1.0282E-10
 -5.1942E-10 -1.5336E-9 -1.2575E-9 -1.5588E-9 -1.2423E-9
 -8.0353E-10 5.2484E-10 2.029E-9 3.3736E-9 3.129E-9
 1.7119E-9 6.3945E-12 -2.888E-9 -3.6475E-9 -3.2173E-9
 -2.7515E-9 -1.7612E-9 9.453E-11 6.5113E-10 9.202E-10
 2.7299E-9 3.1368E-9 2.271E-9 1.6792E-9 2.66E-10
 -2.6093E-10 -6.7776E-10 -2.7754E-9 -3.9997E-9 -2.2364E-9
 -2.8313E-11 2.1503E-9 2.4615E-9 1.4703E-9 6.8948E-10
 1.2578E-9 1.8063E-9 2.7369E-9 3.0635E-9 4.4703E-9
 5.4347E-9 7.6988E-9 5.0409E-9 2.4018E-9 2.6168E-9
 2.7257E-9 1.5589E-10 -3.0721E-9 -3.2158E-9 -8.5627E-10
 1.5361E-11 8.7723E-10 2.1536E-9 2.0596E-9 8.4111E-10
 -8.3688E-10 -1.3452E-9 -1.2766E-10 -1.4671E-9 -3.444E-9
 -2.4459E-9 -6.114E-10 -1.5142E-9 -1.4172E-9 -8.8004E-10
 2.9035E-10 1.9611E-11 -1.8167E-9 -2.7662E-9 -4.3076E-10
 1.3654E-9 9.9604E-10 2.155E-9 2.8273E-9 9.127E-10
 -4.4629E-10 -1.7698E-9 -2.4837E-9 -1.6752E-9 8.8762E-10
 4.6736E-9 7.8705E-9 8.6641E-9 3.9943E-9 -2.0632E-9
 -1.8064E-9 1.4946E-10 -1.4592E-9 -2.2007E-9 -2.7759E-10
 3.3878E-9 3.3878E-9
 -2.7503E-10 1.7479E-9 2.6793E-9 2.6976E-9 3.6668E-9
 6.714E-9 2.0048E-8 2.8822E-8 9.1097E-9 -1.2136E-9
 -3.0423E-9 -3.8686E-9 -3.6579E-10 -7.9622E-10 -2.7502E-9
 -1.9965E-9 -7.2613E-10 -7.3873E-10 -1.4845E-9 -1.3137E-9
 -8.6658E-10 -4.3357E-10 5.8039E-10 1.2143E-9 2.6178E-10
 -5.1398E-10 -5.7453E-11 6.8639E-10 1.9929E-9 2.9723E-9
 2.0099E-9 9.429E-10 9.0881E-10 1.2375E-9 2.8883E-9
 4.2979E-9 2.4325E-9 1.4064E-9 1.276E-9 -4.8468E-10
 -1.3694E-9 -4.7867E-10 3.3104E-11 -6.5798E-10 -2.1017E-10
 8.3904E-10 9.5571E-10 1.3274E-9 1.3572E-9 7.4199E-10
 1.1604E-9 6.189E-9 2.1996E-9 1.2868E-9 1.4832E-9
 1.5222E-9 1.103E-9 3.8893E-10 -3.6713E-10 -1.8243E-9
 -2.3767E-9 -1.3658E-9 -9.1967E-10 -8.6258E-10 -8.9084E-10
 -2.4998E-9 -3.5463E-9 -8.6365E-10 3.2718E-9 4.2954E-9
 1.699E-9 -7.2322E-10 -2.6028E-9 -1.9962E-9 -2.6422E-10
 -1.3257E-9 -1.5785E-9 -7.0105E-10 -3.9928E-10 -6.453E-10
 -7.9457E-10 1.0668E-10 1.3148E-9 2.0737E-9 1.4147E-9
 5.2106E-10 5.7987E-10 -1.7122E-10 -8.8399E-10 -1.9646E-9
 -2.7348E-9 -2.063E-9 -4.7812E-10 -5.76E-11 5.3437E-10
 1.9633E-9 2.0494E-9 1.6094E-9 1.3891E-9 3.5744E-10
 -1.2145E-10 -5.595E-10 -1.8326E-9 -2.3916E-9 -1.3153E-9
 -8.3608E-11 1.3583E-9 1.415E-9 8.6894E-10 5.6643E-10
 7.8637E-10 9.8051E-10 1.1824E-9 1.5318E-9 3.034E-9
 3.978E-9 5.0459E-9 2.9202E-9 1.3346E-9 1.7036E-9
 1.81E-9 8.3947E-12 -2.346E-9 -1.9929E-9 1.4709E-10
 6.9404E-10 9.002E-10 1.2338E-9 6.2006E-10 -2.8041E-10
 -1.0623E-9 -1.1816E-9 -2.6529E-10 -9.1947E-10 -1.5373E-9
 -1.1603E-9 -5.5375E-10 -1.2468E-9 -1.1859E-9 -4.7435E-10
 6.4483E-10 7.0192E-10 -6.9586E-10 -1.4383E-9 -3.3952E-10
 4.0359E-10 3.9375E-10 1.2587E-9 1.492E-9 2.5392E-10
 -5.31E-10 -1.3399E-9 -1.9296E-9 -1.0118E-9 2.4817E-9
 6.8804E-9 7.4796E-9 4.9532E-9 1.3245E-9 -2.0402E-9
 -1.9055E-9 -4.6713E-10 -1.3815E-9 -1.8259E-9 -5.9779E-10
 2.4916E-9 2.4916E-9
 -1.1426E-9 2.7705E-10 1.5408E-9 2.5111E-9 3.2161E-9
 4.2683E-9 1.1294E-8 1.5923E-8 4.9496E-9 -4.4326E-10
 -1.6507E-9 -3.1326E-9 -6.7964E-10 8.8028E-11 -8.8729E-10
 -2.1971E-10 5.995E-10 3.438E-10 -3.2136E-10 -3.4702E-10
 -2.1288E-10 2.2016E-12 5.4805E-10 6.7782E-10 2.089E-12
 -3.7719E-10 -7.6433E-11 2.7015E-10 7.5782E-10 1.0882E-9
 7.017E-10 3.6629E-10 3.8232E-10 7.8957E-10 1.8812E-9
 2.7951E-9 1.9688E-9 1.5611E-9 1.4913E-9 6.6511E-10
 3.7634E-13 1.6541E-11 7.8835E-11 -4.0895E-10 -2.24E-10
 2.2863E-10 1.8051E-10 5.6915E-10 6.918E-10 3.0066E-10
 3.1553E-10 2.3372E-9 -4.4273E-13 1.064E-11 5.5354E-10
 1.3684E-9 1.4101E-9 7.0437E-10 9.9672E-11 -1.0279E-9
 -2.508E-9 -2.2739E-9 -1.466E-9 -9.9662E-10 -8.1826E-10
 -1.1642E-9 -1.0165E-9 7.8433E-10 2.5541E-9 2.4476E-9
 6.7647E-10 -6.0491E-11 -1.5438E-10 -1.5359E-10 3.9734E-10
 -5.4753E-11 -5.3129E-10 -5.7744E-10 -6.7092E-10 -8.5964E-10
 -9.8809E-10 -4.5387E-10 4.9086E-10 1.0923E-9 1.327E-10
 -7.6403E-10 -1.6896E-10 1.8605E-10 1.5657E-10 -4.4709E-10
 -1.3048E-9 -1.2862E-9 -7.7946E-10 -7.9053E-10 -1.7471E-10
 8.4244E-10 7.7432E-10 5.8776E-10 7.9834E-10 1.522E-10
 -3.859E-10 -5.8271E-10 -1.0825E-9 -1.3134E-9 -8.7211E-10
 -4.9673E-10 2.1864E-10 4.8124E-10 5.4529E-10 4.8548E-10
 4.2963E-10 3.6235E-10 9.8956E-11 -1.273E-10 6.7958E-10
 1.7933E-9 2.4899E-9 1.2357E-9 4.6337E-10 7.7747E-10
 7.8776E-10 -1.0603E-10 -1.0372E-9 -6.6628E-10 5.8065E-12
 5.8107E-11 -1.2183E-11 -9.9646E-11 -5.1942E-10 -6.5792E-10
 -6.7035E-10 -6.7149E-10 -4.1912E-10 -6.566E-10 -5.6624E-10
 -4.3355E-10 -4.7371E-10 -1.1279E-9 -1.2955E-9 -9.849E-10
 -1.4692E-10 3.9124E-10 -2.0276E-10 -7.3503E-10 -3.983E-10
 1.2973E-10 4.858E-10 1.0057E-9 8.4944E-10 -1.7114E-10
 -5.8086E-10 -8.5647E-10 -1.2573E-9 -8.4275E-10 1.3696E-9
 4.1836E-9 4.2429E-9 2.0244E-9 7.1967E-11 -1.4901E-9
 -1.1786E-9 -8.0834E-11 -5.3824E-10 -7.6833E-10 -3.2715E-10
 1.0869E-9 1.0869E-9
 -1.2197E-9 -2.7598E-10 6.9405E-10 1.718E-9 2.3762E-9
 2.7184E-9 6.1315E-9 8.2443E-9 1.9243E-9 -1.8266E-9
 -2.8415E-9 -3.1213E-9 -1.6203E-9 -8.803E-10 -8.1523E-10
 -3.5439E-10 -9.6786E-11 -2.0238E-10 -4.0003E-10 -3.5768E-10
 -2.316E-10 -6.6111E-11 2.9562E-10 3.2863E-10 -8.1915E-11
 -2.5693E-10 -1.2602E-11 2.5148E-10 4.843E-10 6.2648E-10
 3.9543E-10 1.4131E-10 1.8434E-11 2.741E-10 1.1421E-9
 2.0624E-9 1.6635E-9 1.0773E-9 7.3642E-10 3.4196E-10
 4.6468E-11 1.3179E-10 2.6093E-10 -1.1592E-10 -1.9294E-10
 -4.75E-11 3.7207E-11 4.3461E-10 5.8499E-10 2.8448E-10
 1.1631E-10 9.9284E-10 2.0821E-10 4.6338E-10 3.7027E-10
 7.5672E-10 1.3432E-9 9.6645E-10 1.5922E-10 -1.0273E-9
 -2.4603E-9 -2.0553E-9 -9.1615E-10 -5.5963E-10 -7.4058E-10
 -8.4972E-10 -2.76E-10 1.0606E-9 1.73E-9 1.3314E-9
 3.06E-10 -1.7526E-11 3.3235E-11 4.4602E-11 7.0654E-10
 8.8784E-10 -6.349E-11 -5.3134E-10 -7.4176E-10 -6.4079E-10
 -6.4449E-10 -2.72E-10 2.967E-10 6.0559E-10 -2.8181E-10
 -8.6676E-10 -3.73E-10 -3.4739E-11 -2.207E-11 -4.3633E-10
 -9.3253E-10 -6.7728E-10 -3.2665E-10 -4.4265E-10 -6.3422E-11
 4.1973E-10 1.352E-10 -2.1586E-11 3.4398E-10 4.4361E-11
 -2.4111E-10 -2.5757E-10 -5.0932E-10 -6.2043E-10 -4.4807E-10
 -4.3363E-10 -2.0366E-10 1.7826E-11 1.4839E-10 1.7164E-10
 1.9822E-10 1.8874E-10 -2.9427E-11 -2.9464E-10 -3.1981E-11
 6.0258E-10 9.7033E-10 3.472E-10 1.563E-10 4.6708E-10
 4.9532E-10 -2.7204E-11 -5.7052E-10 -2.9216E-10 -8.9639E-11
 -1.0726E-10 -7.8447E-11 -1.1925E-10 -3.6286E-10 -3.9352E-10
 -3.8032E-10 -4.9612E-10 -6.2163E-10 -6.1275E-10 -2.4665E-10
 -1.9554E-10 -5.0171E-10 -1.0236E-9 -1.1508E-9 -1.0308E-9
 -2.3995E-10 2.9945E-10 -6.2641E-11 -6.3976E-10 -5.6122E-10
 -1.188E-10 2.5594E-10 6.8828E-10 6.1908E-10 -9.595E-11
 -3.4766E-10 -5.9222E-10 -1.012E-9 -7.3903E-10 7.5726E-10
 2.3555E-9 2.1014E-9 5.3911E-10 -2.6208E-10 -6.391E-10
 -2.455E-10 3.0211E-10 3.4162E-11 1.1992E-10 3.6889E-10
 8.6601E-10 8.6601E-10
 -1.0589E-9 -1.3106E-10 7.194E-10 1.4276E-9 1.6988E-9
 1.4478E-9 2.914E-9 3.8154E-9 8.8028E-10 -1.1411E-9
 -1.6444E-9 -1.9385E-9 -1.5043E-9 -1.1406E-9 -5.4833E-10
 -2.4726E-10 -3.8337E-10 -4.8921E-10 -4.3216E-10 -3.5483E-10
 -2.963E-10 -1.6867E-10 8.1891E-11 1.0243E-10 -7.8449E-11
 -1.3707E-10 -2.7136E-11 1.1715E-10 2.6442E-10 3.8789E-10
 2.323E-10 1.2238E-11 -1.3225E-10 8.7081E-11 6.8033E-10
 1.0261E-9 6.1691E-10 2.6297E-10 1.1338E-10 -2.0155E-11
 -7.909E-11 1.0204E-10 2.4093E-10 3.34E-12 -7.7916E-11
 3.3918E-11 1.1002E-10 2.53E-10 3.4965E-10 2.4103E-10
 1.5252E-10 9.2555E-10 8.4407E-10 1.0421E-9 4.3495E-10
 1.3131E-10 6.9975E-10 6.9376E-10 2.0615E-10 -5.878E-10
 -1.4844E-9 -1.1335E-9 -2.3184E-10 5.8295E-11 -3.7355E-10
 -5.0557E-10 1.1401E-10 9.395E-10 1.1885E-9 1.1522E-9
 8.1255E-10 3.4808E-10 -5.0203E-11 8.48E-11 8.0492E-10
 9.5775E-10 -2.1568E-11 -3.0799E-10 -4.6382E-10 -3.3406E-10
 -3.1722E-10 3.4516E-11 3.7817E-10 3.574E-10 -4.2354E-10
 -6.945E-10 -2.7401E-10 -1.2376E-10 -1.8556E-10 -3.6647E-10
 -3.5377E-10 -2.1609E-11 2.0859E-11 -2.4168E-10 -1.0992E-10
 6.8372E-11 -1.4931E-10 -2.0242E-10 1.0829E-10 5.0476E-11
 -8.1905E-11 -1.4212E-10 -2.0959E-10 -1.8501E-10 -1.2575E-10
 -2.2962E-10 -2.6611E-10 -1.9258E-10 -5.657E-11 4.4276E-11
 1.1965E-10 1.147E-10 -1.054E-10 -4.5467E-10 -3.8142E-10
 -4.4434E-12 1.3384E-10 -1.0913E-10 -4.092E-11 1.6852E-10
 1.6878E-10 -5.5896E-11 -2.5754E-10 -1.2544E-10 -8.0741E-11
 -9.768E-11 -3.1344E-11 -2.0004E-11 -1.26E-10 -1.5024E-10
 -1.9445E-10 -3.9962E-10 -5.4269E-10 -4.267E-10 -4.1265E-11
 3.3653E-11 -2.7211E-10 -6.5724E-10 -6.5258E-10 -6.919E-10
 -2.7723E-10 1.4554E-10 -1.3222E-10 -6.0842E-10 -5.9124E-10
 -3.1143E-10 3.8117E-11 4.0809E-10 3.9652E-10 -1.9432E-11
 -1.3504E-10 -2.819E-10 -5.1304E-10 -1.6968E-10 9.4636E-10
 1.6924E-9 1.2113E-9 2.5035E-10 -5.9185E-11 1.4272E-11
 2.6398E-10 3.4625E-10 1.9009E-10 3.8452E-10 4.0164E-10
 4.3306E-10 4.3306E-10
 -1.0455E-9 -1.5377E-10 7.2165E-10 1.2663E-9 1.2056E-9
 4.7048E-10 8.8157E-10 1.3729E-9 2.1163E-10 -6.9959E-10
 -8.8638E-10 -1.0693E-9 -1.0345E-9 -1.0298E-9 -5.0898E-10
 -6.0518E-11 -3.4193E-11 -8.0188E-11 -1.2578E-10 -1.8187E-10
 -1.6623E-10 -9.2424E-11 3.2488E-13 -1.0991E-11 -6.3218E-11
 -5.103E-11 -5.9124E-12 7.4507E-11 2.179E-10 3.7103E-10
 2.616E-10 2.2757E-11 -1.7145E-10 -1.5153E-11 4.1813E-10
 5.2539E-10 2.2621E-10 1.2439E-10 1.3144E-10 1.0944E-11
 -1.1317E-10 -2.5459E-11 8.3571E-11 3.7055E-12 -8.8326E-12
 7.7512E-11 1.0075E-10 1.2143E-10 1.9161E-10 1.1477E-10
 -9.9124E-11 4.5332E-10 8.8914E-10 1.1578E-9 6.081E-10
 2.8698E-11 1.0743E-10 1.7454E-10 -1.5874E-10 -7.6863E-10
 -1.2562E-9 -7.4622E-10 5.2253E-11 4.0816E-10 1.8001E-11
 -1.7779E-10 1.9538E-10 5.6597E-10 5.5099E-10 5.0275E-10
 4.4232E-10 2.8887E-10 1.7242E-11 2.4104E-10 9.5551E-10
 9.7106E-10 2.3749E-11 -1.1452E-10 -1.384E-10 -2.5055E-10
 -2.7656E-10 1.4494E-10 5.3242E-10 3.7687E-10 -1.7932E-10
 -3.4321E-10 -1.4055E-10 -2.4749E-10 -2.7665E-10 -2.2411E-10
 -1.6075E-10 -7.1271E-11 -1.0828E-10 -2.8435E-10 -2.504E-10
 -1.284E-10 -2.2246E-10 -2.3054E-10 1.4796E-11 8.9383E-11
 9.5747E-12 -1.2508E-10 -1.6128E-10 -1.2197E-10 -6.8627E-11
 -1.3884E-10 -1.7985E-10 -9.7735E-11 -4.6453E-12 2.289E-11
 4.8695E-11 3.1064E-11 -1.2674E-10 -3.2E-10 -9.9276E-11
 7.6031E-11 -1.3611E-10 -4.3449E-10 -3.2092E-10 -7.2707E-11
 4.0229E-11 1.0833E-11 -5.3279E-11 -1.4638E-11 -2.5246E-11
 -3.0676E-11 4.6099E-12 1.1254E-11 -1.4191E-11 -3.9971E-11
 -1.0309E-10 -2.3004E-10 -2.8667E-10 -2.7071E-10 -6.8174E-12
 6.1594E-11 -1.5163E-10 -3.8092E-10 -2.6068E-10 -3.0238E-10
 -2.3816E-10 -3.4278E-11 -1.4956E-10 -3.6233E-10 -3.8012E-10
 -1.8399E-10 7.3481E-11 2.5359E-10 2.1123E-10 -3.1949E-11
 -1.2767E-10 -2.6017E-10 -3.4377E-10 -6.6097E-11 5.6901E-10
 9.0553E-10 6.4248E-10 1.8438E-10 2.6335E-11 2.1112E-10
 4.028E-10 3.3168E-10 2.686E-10 5.0709E-10 4.261E-10
 1.838E-10 1.838E-10
 -5.5695E-10 -7.4638E-11 4.0893E-10 6.9071E-10 6.4844E-10
 -2.3525E-11 1.5174E-10 8.3125E-10 3.1956E-10 -3.0631E-10
 -5.7001E-10 -7.6053E-10 -8.0993E-10 -8.9032E-10 -5.6333E-10
 -1.6462E-10 2.978E-11 1.4166E-10 5.6363E-11 -2.803E-11
 9.7803E-13 2.8871E-11 5.0959E-12 -4.6215E-11 -3.9926E-11
 2.8249E-11 7.7192E-11 1.303E-10 2.1759E-10 3.3183E-10
 3.3379E-10 1.0863E-10 -1.5549E-10 -1.0573E-10 2.0815E-10
 3.9113E-10 3.2533E-10 2.6323E-10 2.274E-10 8.3231E-11
 -7.5808E-11 -5.3331E-11 2.701E-11 3.7148E-11 8.4471E-11
 1.455E-10 1.1782E-10 5.7749E-11 9.5349E-11 4.4052E-13
 -3.0227E-10 -1.1334E-11 3.5523E-10 5.3013E-10 3.4631E-10
 1.3369E-10 -4.3355E-12 -4.7647E-11 -2.2699E-10 -4.9238E-10
 -6.4266E-10 -3.0461E-10 9.6631E-12 2.1781E-10 1.3554E-10
 2.3473E-11 1.3407E-10 2.4633E-10 1.7167E-10 8.696E-11
 4.0303E-11 7.7054E-13 -1.6234E-11 3.3351E-10 9.2629E-10
 8.5778E-10 4.8977E-11 -3.2735E-11 -4.1765E-11 -1.2132E-10
 -2.2316E-10 -1.3392E-10 2.8739E-11 2.6495E-10 1.9106E-10
 1.2591E-10 5.6285E-11 -1.9571E-10 -1.7452E-10 -6.9224E-11
 -6.2382E-11 -6.4156E-11 -9.913E-12 -6.9327E-11 -8.2899E-11
 -3.104E-12 -4.5262E-11 -6.7562E-11 1.9303E-11 2.4525E-11
 -4.0562E-11 -1.8155E-10 -2.1747E-10 -1.3095E-10 -3.1517E-11
 -6.4716E-11 -9.3495E-11 -2.2118E-11 1.7305E-11 -1.6527E-11
 -5.5181E-11 -1.194E-10 -3.0205E-10 -4.67E-10 -1.0566E-10
 1.2032E-10 -2.8253E-10 -5.5766E-10 -1.2551E-10 2.3213E-10
 2.533E-10 1.2321E-10 9.0304E-12 3.1659E-13 1.0486E-11
 3.0521E-12 -4.8216E-12 -9.2688E-12 -7.485E-12 6.3265E-13
 -2.5103E-12 -2.6322E-11 -3.7086E-11 -8.1541E-11 -2.9195E-11
 -1.1845E-10 -2.8492E-10 -3.9519E-10 -1.9181E-10 -2.2904E-11
 -6.4486E-11 -1.746E-10 -2.8283E-10 -2.5172E-10 -1.2613E-10
 -1.3265E-10 -1.473E-10 1.5096E-10 1.4336E-10 6.7598E-11
 -2.0244E-11 -1.496E-10 -1.9747E-10 -1.1246E-11 4.3243E-10
 6.9906E-10 4.6606E-10 -5.4905E-12 -1.5025E-10 1.2E-10
 2.6741E-10 1.927E-10 2.0579E-10 4.4596E-10 4.923E-10
 3.5387E-10 3.5387E-10
 -1.6529E-10 -6.1864E-11 2.854E-11 1.023E-10 1.3571E-10
 -4.6629E-11 1.0135E-10 5.9674E-10 3.7505E-10 -1.3209E-11
 -1.9799E-10 -4.1261E-10 -4.4925E-10 -3.4339E-10 -3.2638E-11
 8.4377E-12 -3.1554E-11 7.0137E-11 5.0757E-11 -2.5075E-11
 -4.7483E-11 -1.3466E-11 1.5693E-11 -1.2736E-11 -1.0336E-11
 1.8208E-11 2.7138E-11 3.237E-11 2.3633E-11 3.8434E-11
 6.663E-11 2.5677E-11 -1.0801E-10 -1.8559E-11 -1.882E-11
 1.7482E-10 2.7012E-10 2.6088E-10 2.2295E-10 1.2216E-10
 -2.5516E-11 -7.104E-11 -5.5537E-11 -3.3938E-11 6.2655E-11
 1.52E-10 5.1132E-11 -1.2489E-10 -1.2947E-10 -1.969E-10
 -3.5095E-10 -1.2599E-10 1.8557E-10 3.7589E-10 2.6925E-10
 7.5151E-11 -1.5793E-10 -2.3715E-10 -1.5635E-10 -2.2257E-10
 -2.7178E-10 -1.6424E-10 -5.5449E-11 -5.1181E-11 -1.7795E-10
 -2.0489E-10 -9.6098E-11 -2.5442E-11 9.1014E-11 7.3007E-12
 -6.5305E-11 -6.5648E-11 -3.2431E-11 5.6871E-12 9.9622E-11
 1.9941E-10 6.1801E-11 2.1048E-11 7.894E-12 -6.064E-11
 -1.2879E-10 -7.8589E-11 1.2147E-11 3.0727E-11 -8.2323E-11
 -1.4067E-10 -8.8222E-11 -8.1694E-11 -9.8747E-11 -9.0927E-11
 -7.5678E-11 -9.5233E-11 -1.0569E-11 6.4343E-11 8.7492E-11
 -2.1175E-11 -8.3908E-11 -5.1136E-11 -4.2951E-11 -1.0094E-10
 -8.9974E-11 -1.0279E-10 -1.2507E-10 -8.8698E-11 -2.6305E-11
 -2.5702E-11 1.802E-12 3.8926E-11 -1.4112E-11 -1.0971E-10
 -1.1814E-10 -1.2239E-10 -3.4056E-10 -6.1734E-10 -4.8968E-10
 -2.8824E-10 -3.7622E-10 -3.5923E-10 1.208E-10 3.9678E-10
 3.4153E-10 1.7898E-10 6.3161E-11 2.9516E-11 1.8565E-11
 5.231E-12 -5.6968E-13 -6.8329E-12 -4.3318E-12 3.6153E-11
 8.9283E-11 1.0471E-10 3.469E-11 -7.273E-11 -9.3211E-11
 -1.28E-10 -2.2794E-10 -3.4081E-10 -1.6792E-10 -6.0766E-11
 -1.3337E-10 -2.366E-10 -2.3196E-10 -9.8933E-11 -4.0312E-11
 -5.4882E-11 -4.5807E-11 -4.7139E-11 -8.369E-11 -1.1802E-10
 4.1028E-11 -8.5773E-12 -1.0379E-10 -8.3954E-11 1.7482E-10
 3.9663E-10 2.3137E-10 -1.4485E-10 -1.5703E-10 4.8073E-11
 6.1621E-11 -4.4774E-11 -6.9056E-11 1.0456E-10 1.6109E-10
 8.5174E-11 8.5174E-11
 -1.3884E-10 -5.7827E-11 5.3182E-11 1.4131E-10 1.12E-10
 2.7761E-11 2.1479E-11 7.6715E-11 8.6365E-11 1.1975E-10
 1.632E-10 1.2412E-10 6.2853E-11 8.8712E-12 3.359E-11
 1.6307E-11 -1.1567E-11 -1.5821E-11 -1.8489E-11 -3.3312E-11
 -4.2257E-11 -4.0457E-11 -2.9466E-11 -3.534E-11 -2.657E-11
 -8.1226E-12 2.1898E-11 3.0186E-11 2.1729E-11 1.7847E-11
 1.7106E-11 1.9231E-11 -5.8438E-12 -2.0561E-12 2.396E-11
 1.3333E-11 3.5167E-12 2.2613E-11 -7.157E-12 -6.799E-11
 -6.3847E-11 -1.1971E-11 9.6457E-12 2.9314E-11 2.6761E-11
 2.1029E-11 9.1919E-12 -5.193E-12 -1.1618E-11 -1.1546E-11
 -6.5034E-12 4.4457E-11 6.6711E-11 1.0826E-10 1.2647E-10
 2.027E-11 -1.6409E-10 -1.8562E-10 -8.994E-11 -1.0873E-10
 -1.3352E-10 -8.7281E-11 -2.8686E-11 -2.1485E-11 -9.9996E-11
 -1.1058E-10 -2.1688E-11 1.8483E-11 1.6061E-11 3.7479E-11
 3.4368E-11 2.624E-12 -2.9803E-11 -1.1425E-11 5.7184E-11
 1.2727E-10 4.7873E-11 2.5325E-11 1.6971E-11 -2.9661E-11
 -7.7274E-11 -4.4078E-11 2.6777E-11 5.6388E-11 -2.1675E-11
 -7.1964E-11 -4.3679E-11 -6.1859E-11 -8.9742E-11 -8.4735E-11
 -5.0232E-11 -3.2105E-11 -5.0812E-11 -1.0366E-10 -7.321E-11
 -2.4483E-11 -2.3228E-11 -1.3801E-11 -5.1341E-13 -1.3843E-11
 -3.6289E-12 -2.4617E-11 -3.6553E-11 -3.6768E-11 -2.1335E-11
 -1.3342E-11 2.6798E-11 6.4095E-11 -2.8988E-11 2.6221E-11
 2.7479E-11 2.6873E-11 -2.2394E-11 -7.904E-11 1.3889E-11
 7.7658E-11 -8.3362E-11 -1.8773E-10 -1.1925E-10 -7.3541E-11
 -1.0862E-11 7.0541E-12 1.4557E-11 2.0955E-11 1.7599E-11
 1.6698E-11 1.8904E-11 2.8288E-11 3.0109E-11 3.6175E-11
 3.6746E-11 2.9116E-11 6.0033E-12 -6.1884E-11 -5.025E-11
 -3.9393E-11 -4.0358E-11 -1.2905E-10 4.0372E-11 6.3311E-11
 3.7337E-11 -5.6891E-12 -3.3231E-11 -2.0145E-11 -1.4834E-11
 -1.8597E-11 -1.0587E-11 -4.8963E-12 -2.2129E-11 -6.1238E-11
 -6.0075E-11 -5.3881E-11 -5.4243E-11 -3.0524E-11 6.8075E-11
 1.9843E-10 4.9137E-11 -1.0456E-10 3.8011E-11 4.4779E-11
 4.6346E-11 4.4417E-11 -2.2141E-11 1.6661E-11 1.7528E-12
 -1.7265E-11 -1.7265E-11
 -7.6179E-11 -3.1378E-11 2.7149E-11 7.5176E-11 6.3839E-11
 2.4713E-11 3.6698E-11 6.3631E-11 4.2293E-11 3.9987E-11
 5.3517E-11 3.3882E-11 1.0097E-11 -2.0871E-12 2.2355E-11
 1.3267E-11 -3.4031E-12 -4.003E-12 -4.2329E-12 -1.4821E-11
 -2.3291E-11 -2.1313E-11 -1.2463E-11 -2.078E-11 -2.5038E-11
 -6.3682E-12 1.2293E-11 1.6487E-11 9.9056E-12 6.9891E-12
 7.527E-12 1.2388E-11 2.6452E-12 6.8296E-12 1.9732E-11
 1.328E-11 1.9243E-12 4.9854E-13 5.3139E-12 1.331E-12
 -1.0707E-11 -1.3335E-11 -1.355E-12 1.005E-11 7.1625E-12
 6.5737E-12 6.1627E-12 3.744E-12 2.1096E-12 -2.4267E-13
 -6.7768E-12 2.0727E-11 1.9913E-11 3.9246E-11 2.9029E-11
 -6.7498E-11 -9.0743E-11 -4.8933E-11 -3.7977E-11 -4.2993E-11
 -4.9898E-11 -3.3744E-11 -1.0497E-11 -6.9217E-12 -4.085E-11
 -4.4554E-11 5.5075E-13 2.4514E-11 2.5619E-11 3.9137E-11
 3.1026E-11 4.7101E-12 -1.7572E-11 -7.01E-12 2.4234E-11
 5.8807E-11 2.0238E-11 1.1791E-11 1.0044E-11 -1.392E-11
 -4.2096E-11 -2.5879E-11 1.6334E-11 3.8058E-11 -5.2631E-12
 -3.7657E-11 -2.5606E-11 -4.1659E-11 -6.4576E-11 -6.2278E-11
 -3.3043E-11 -1.3562E-11 -2.1344E-11 -5.9619E-11 -4.3838E-11
 -1.6452E-11 -2.097E-11 -1.5505E-11 1.3125E-11 1.9306E-11
 9.8826E-12 -7.471E-12 -1.7635E-11 -2.5364E-11 -1.6378E-11
 -1.5432E-11 -7.9405E-12 6.4436E-12 -4.7919E-12 -3.5845E-12
 4.6897E-12 9.9037E-12 -2.4776E-11 -6.3161E-11 -5.7142E-12
 1.0826E-10 5.0145E-11 -6.6366E-11 -8.2671E-11 -7.5385E-11
 -4.1841E-12 -1.6244E-11 -6.912E-12 6.575E-12 5.2097E-12
 1.7299E-12 6.023E-12 1.6686E-11 9.4415E-12 -8.4454E-13
 7.1238E-12 2.717E-11 3.5394E-12 -3.6016E-11 -5.2247E-12
 1.4599E-11 1.3445E-11 -1.7409E-11 2.4675E-11 3.8695E-11
 1.0324E-11 -5.9028E-12 -4.2646E-12 -7.409E-12 -6.1026E-12
 -9.3233E-12 -4.455E-12 3.7601E-12 -1.7103E-13 -2.5638E-11
 -2.8292E-11 -3.0232E-11 -4.0948E-11 -2.4528E-11 4.1522E-11
 7.8065E-11 7.7774E-11 2.4314E-11 2.595E-11 3.1382E-11
 2.0347E-11 -1.9926E-12 -1.8804E-11 1.5057E-11 6.3868E-12
 -6.0346E-12 -6.0346E-12
 -3.279E-11 -1.4288E-11 1.2347E-11 3.1897E-11 2.5285E-11
 1.1321E-11 1.6478E-11 2.6594E-11 1.7137E-11 1.4245E-11
 1.6851E-11 9.236E-12 1.5629E-12 -1.4648E-12 1.0255E-11
 7.5713E-12 1.1028E-12 1.2997E-12 1.2812E-12 -4.0305E-12
 -9.0236E-12 -8.1962E-12 -3.5945E-12 -7.9265E-12 -1.0471E-11
 -1.6132E-12 5.8759E-12 6.4828E-12 -4.3102E-12 1.3715E-12
 1.7676E-12 4.2069E-12 1.5582E-12 2.2831E-12 5.7633E-12
 3.6694E-12 -7.338E-13 -1.4836E-12 9.1345E-13 -1.472E-12
 -7.8034E-12 -1.7607E-11 -3.7028E-12 4.8125E-13 -1.1578E-12
 -2.4646E-14 1.5671E-12 1.4736E-12 1.7129E-12 1.421E-12
 -2.0608E-12 4.9394E-12 1.6039E-12 7.5247E-12 3.5786E-12
 -2.5439E-11 -3.2181E-11 -1.9435E-11 -8.6704E-12 -1.0153E-11
 -1.2346E-11 -9.231E-12 -2.971E-12 -2.2956E-12 -1.2087E-11
 -1.2997E-11 1.7249E-12 1.0747E-11 1.2262E-11 1.7984E-11
 1.5521E-11 5.2804E-12 -4.4041E-12 -1.9237E-12 7.8258E-12
 1.9949E-11 4.9453E-12 2.1862E-12 2.0553E-12 -6.4611E-12
 -1.7152E-11 -1.115E-11 6.0006E-12 1.6556E-11 -4.0875E-13
 -1.4874E-11 -1.0666E-11 -1.9726E-11 -3.3222E-11 -3.4436E-11
 -1.9907E-11 -9.0415E-12 -1.2152E-11 -3.3311E-11 -2.3162E-11
 -7.0753E-12 -1.1452E-11 -1.083E-11 5.448E-12 8.9642E-12
 3.5873E-12 -6.5592E-12 -1.2434E-11 -1.6867E-11 -1.1325E-11
 -1.2623E-11 -9.8459E-12 -2.7882E-12 -1.0199E-11 -6.6222E-12
 5.2798E-13 4.6215E-12 -1.3548E-11 -3.4471E-11 -2.0927E-11
 4.3243E-11 2.495E-11 -3.6817E-11 5.0125E-12 8.3394E-12
 4.5553E-13 -1.0525E-11 -4.5557E-12 5.6405E-12 5.8839E-12
 1.8125E-12 4.2662E-12 1.5668E-11 9.21E-12 3.975E-13
 8.0747E-12 2.2897E-11 5.9044E-13 -2.8364E-11 -4.2191E-12
 8.169E-12 6.9977E-12 -9.3632E-12 9.1049E-12 -1.0133E-11
 -2.8321E-11 -6.069E-12 -3.6256E-12 -4.3921E-12 -3.3181E-12
 -4.9693E-12 -2.2335E-13 6.93E-12 4.565E-12 -1.4313E-11
 -1.7482E-11 -2.1025E-11 -2.9447E-11 -1.1551E-11 3.7514E-11
 5.1064E-11 3.2306E-11 8.6172E-12 -1.7328E-11 1.7009E-11
 1.4229E-11 4.1781E-12 -6.2352E-12 4.6186E-12 -3.8519E-13
 -5.6837E-12 -5.6837E-12
 0.0E+0 0.0E+0 0.0E+0 0.0E+0 0.0E+0
 0.0E+0 0.0E+0 0.0E+0 0.0E+0 0.0E+0
 0.0E+0 0.0E+0 0.0E+0 0.0E+0 0.0E+0
 0.0E+0 0.0E+0 0.0E+0 0.0E+0 0.0E+0
 0.0E+0 0.0E+0 0.0E+0 0.0E+0 0.0E+0
 0.0E+0 0.0E+0 0.0E+0 0.0E+0 0.0E+0
 0.0E+0 0.0E+0 0.0E+0 0.0E+0 0.0E+0
 0.0E+0 0.0E+0 0.0E+0 0.0E+0 0.0E+0
 0.0E+0 0.0E+0 0.0E+0 0.0E+0 0.0E+0
 0.0E+0 0.0E+0 0.0E+0 0.0E+0 0.0E+0
 0.0E+0 0.0E+0 0.0E+0 0.0E+0 0.0E+0
 0.0E+0 0.0E+0 0.0E+0 0.0E+0 0.0E+0
 0.0E+0 0.0E+0 0.0E+0 0.0E+0 0.0E+0
 0.0E+0 0.0E+0 0.0E+0 0.0E+0 0.0E+0
 0.0E+0 0.0E+0 0.0E+0 0.0E+0 0.0E+0
 0.0E+0 0.0E+0 0.0E+0 0.0E+0 0.0E+0
 0.0E+0 0.0E+0 0.0E+0 0.0E+0 0.0E+0
 0.0E+0 0.0E+0 0.0E+0 0.0E+0 0.0E+0
 0.0E+0 0.0E+0 0.0E+0 0.0E+0 0.0E+0
 0.0E+0 0.0E+0 0.0E+0 0.0E+0 0.0E+0
 0.0E+0 0.0E+0 0.0E+0 0.0E+0 0.0E+0
 0.0E+0 0.0E+0 0.0E+0 0.0E+0 0.0E+0
 0.0E+0 0.0E+0 0.0E+0 0.0E+0 0.0E+0
 0.0E+0 0.0E+0 0.0E+0 0.0E+0 0.0E+0
 0.0E+0 0.0E+0 0.0E+0 0.0E+0 0.0E+0
 0.0E+0 0.0E+0 0.0E+0 0.0E+0 0.0E+0
 0.0E+0 0.0E+0 0.0E+0 0.0E+0 0.0E+0
 0.0E+0 0.0E+0 0.0E+0 0.0E+0 0.0E+0
 0.0E+0 0.0E+0 0.0E+0 0.0E+0 0.0E+0
 0.0E+0 0.0E+0 0.0E+0 0.0E+0 0.0E+0
 0.0E+0 0.0E+0 0.0E+0 0.0E+0 0.0E+0
 0.0E+0 0.0E+0 0.0E+0 0.0E+0 0.0E+0
 0.0E+0 0.0E+0 0.0E+0 0.0E+0 0.0E+0
 0.0E+0 0.0E+0
 0.0E+0 0.0E+0 0.0E+0 0.0E+0 0.0E+0
 0.0E+0 0.0E+0 0.0E+0 0.0E+0 0.0E+0
 0.0E+0 0.0E+0 0.0E+0 0.0E+0 0.0E+0
 0.0E+0 0.0E+0 0.0E+0 0.0E+0 0.0E+0
 0.0E+0 0.0E+0 0.0E+0 0.0E+0 0.0E+0
 0.0E+0 0.0E+0 0.0E+0 0.0E+0 0.0E+0
 0.0E+0 0.0E+0 0.0E+0 0.0E+0 0.0E+0
 0.0E+0 0.0E+0 0.0E+0 0.0E+0 0.0E+0
 0.0E+0 0.0E+0 0.0E+0 0.0E+0 0.0E+0
 0.0E+0 0.0E+0 0.0E+0 0.0E+0 0.0E+0
 0.0E+0 0.0E+0 0.0E+0 0.0E+0 0.0E+0
 0.0E+0 0.0E+0 0.0E+0 0.0E+0 0.0E+0
 0.0E+0 0.0E+0 0.0E+0 0.0E+0 0.0E+0
 0.0E+0 0.0E+0 0.0E+0 0.0E+0 0.0E+0
 0.0E+0 0.0E+0 0.0E+0 0.0E+0 0.0E+0
 0.0E+0 0.0E+0 0.0E+0 0.0E+0 0.0E+0
 0.0E+0 0.0E+0 0.0E+0 0.0E+0 0.0E+0
 0.0E+0 0.0E+0 0.0E+0 0.0E+0 0.0E+0
 0.0E+0 0.0E+0 0.0E+0 0.0E+0 0.0E+0
 0.0E+0 0.0E+0 0.0E+0 0.0E+0 0.0E+0
 0.0E+0 0.0E+0 0.0E+0 0.0E+0 0.0E+0
 0.0E+0 0.0E+0 0.0E+0 0.0E+0 0.0E+0
 0.0E+0 0.0E+0 0.0E+0 0.0E+0 0.0E+0
 0.0E+0 0.0E+0 0.0E+0 0.0E+0 0.0E+0
 0.0E+0 0.0E+0 0.0E+0 0.0E+0 0.0E+0
 0.0E+0 0.0E+0 0.0E+0 0.0E+0 0.0E+0
 0.0E+0 0.0E+0 0.0E+0 0.0E+0 0.0E+0
 0.0E+0 0.0E+0 0.0E+0 0.0E+0 0.0E+0
 0.0E+0 0.0E+0 0.0E+0 0.0E+0 0.0E+0
 0.0E+0 0.0E+0 0.0E+0 0.0E+0 0.0E+0
 0.0E+0 0.0E+0 0.0E+0 0.0E+0 0.0E+0
 0.0E+0 0.0E+0 0.0E+0 0.0E+0 0.0E+0
 0.0E+0 0.0E+0 0.0E+0 0.0E+0 0.0E+0
 0.0E+0 0.0E+0
