 -9.9861E-9 3.8979E-9 1.2937E-8 1.3822E-8 1.0213E-8
 5.7034E-9 -1.0939E-9 -2.1941E-9 4.6994E-9 8.6613E-9
 8.7551E-9 4.432E-9 2.7143E-9 9.7054E-10 1.5232E-8
 1.652E-9 -2.9744E-9 -7.5713E-9 -1.1715E-8 -3.2325E-9
 8.778E-9 4.2214E-8 3.0527E-8 2.045E-8 2.3815E-8
 3.1427E-8 4.1215E-8 2.4256E-8 2.7601E-8 3.0919E-8
 7.2358E-9 -1.3395E-8 -2.7148E-8 -3.9993E-8 -5.2578E-8
 -5.8715E-8 -5.7241E-8 -7.1097E-8 -8.0769E-8 -5.3639E-8
 -2.5292E-9 8.8414E-10 -4.9216E-9 -2.3768E-8 -8.7717E-8
 -1.2795E-7 -1.1687E-7 -3.1179E-8 3.9768E-8 4.8884E-8
 5.0798E-8 5.2993E-8 4.4188E-8 2.0882E-8 1.4537E-8
 8.7799E-9 -1.2929E-8 -3.1005E-8 -3.6019E-8 -2.269E-8
 -2.0588E-8 -2.5256E-8 -2.5944E-8 -2.0535E-8 -7.8669E-9
 3.6413E-9 7.5088E-9 6.1209E-9 1.5126E-9 -7.0253E-9
 -2.3328E-8 -2.5762E-8 -7.3931E-9 9.8373E-9 1.6246E-8
 1.4513E-8 6.7253E-9 7.934E-9 1.9681E-8 3.5259E-8
 4.1371E-8 2.2835E-8 4.9405E-9 -8.3494E-9 -1.0548E-8
 -1.2921E-8 -2.6372E-9 1.8682E-8 3.0459E-8 3.3371E-8
 3.028E-8 1.9251E-8 6.8542E-9 -7.6679E-9 -1.7922E-8
 -3.3301E-9 -2.3237E-9 3.0505E-9 1.3889E-8 2.8779E-8
 2.8699E-8 1.857E-8 1.1171E-8 3.1475E-9 -1.6618E-8
 -1.9615E-8 -2.7126E-8 -1.2523E-8 3.4842E-10 -9.9223E-10
 -7.9887E-9 -1.3729E-8 -9.2816E-9 -4.7237E-9 -5.9509E-9
 -6.8891E-11 2.7162E-9 -9.7816E-9 -3.5468E-8 -6.0492E-8
 -7.3841E-8 -5.116E-8 -2.4131E-8 -1.1063E-8 -1.6664E-8
 -2.78E-8 -3.4894E-8 -3.624E-8 -3.646E-8 -3.9603E-8
 -2.258E-8 -1.0646E-8 -1.3767E-8 -2.7679E-8 -4.1405E-8
 -4.9006E-8 -4.1164E-8 -2.4319E-8 -6.2207E-9 -5.3465E-9
 -6.1853E-9 -1.4605E-8 -2.2104E-8 -5.847E-9 2.2446E-8
 3.7195E-8 2.5262E-8 1.1179E-8 6.2977E-9 -2.0729E-8
 -6.4789E-8 -5.6067E-8 -2.6593E-8 -3.064E-8 -2.1654E-8
 -1.5357E-8 -1.523E-8 -2.8996E-8 -4.1771E-8 -1.0917E-8
 8.7623E-9 1.2473E-8 1.2935E-8 1.6767E-8 1.6476E-8
 8.1508E-9 -1.1053E-8 -3.2022E-8 -2.5307E-8
 -1.2141E-8 1.3248E-8 3.0782E-8 2.8068E-8 1.4659E-8
 4.6806E-9 -4.2581E-9 -7.5649E-9 -6.591E-9 -6.5892E-10
 5.8379E-9 6.7379E-9 2.1215E-9 2.2406E-10 1.1861E-8
 1.9167E-8 1.4263E-8 5.2871E-9 -1.0457E-9 7.0052E-9
 1.9978E-8 4.3409E-8 4.7505E-8 4.8543E-8 4.8915E-8
 8.7601E-8 7.0894E-8 5.1942E-8 5.4566E-8 3.8853E-8
 -6.8211E-9 -3.0393E-8 -4.464E-8 -8.4824E-8 -1.0112E-7
 -8.7267E-8 -6.5252E-8 -8.0384E-8 -8.6797E-8 -3.3904E-8
 -5.5371E-9 2.967E-9 -1.7472E-8 -7.1574E-8 -1.5183E-7
 -1.8937E-7 -1.7186E-7 -7.0295E-8 2.4789E-8 6.2099E-8
 7.6443E-8 7.5524E-8 6.3651E-8 4.9174E-8 3.6038E-8
 7.8486E-9 -2.9468E-8 -5.3532E-8 -5.1059E-8 -2.5532E-8
 -2.0623E-8 -2.8154E-8 -2.6223E-8 -1.663E-8 -7.9987E-9
 -2.4069E-9 -3.9525E-9 -8.0806E-9 -1.0824E-8 -1.7633E-8
 -3.7313E-8 -4.3395E-8 -1.8605E-8 8.1161E-9 2.2799E-8
 1.8892E-8 3.8116E-9 8.2285E-9 2.3116E-8 3.293E-8
 3.5326E-8 1.9148E-8 1.1442E-10 -1.3698E-8 -1.8647E-8
 -3.245E-8 -2.7418E-8 -4.2769E-9 2.1966E-8 4.527E-8
 4.8063E-8 2.4817E-8 -2.0019E-8 -4.2713E-8 -5.2318E-8
 -3.2901E-8 -3.128E-8 -4.2379E-9 3.3942E-8 5.5035E-8
 4.2648E-8 2.4917E-8 1.1716E-8 8.4288E-9 9.2837E-10
 -2.659E-8 -4.2781E-8 -1.9299E-8 3.1401E-10 -4.5192E-9
 -7.8387E-9 -5.135E-9 3.4356E-9 4.5763E-9 5.2144E-10
 1.3771E-8 1.2217E-8 -1.0215E-8 -4.3577E-8 -7.384E-8
 -9.3834E-8 -8.5251E-8 -2.6327E-8 7.1432E-9 -3.33E-9
 -3.5349E-8 -3.9792E-8 -4.0048E-8 -4.7205E-8 -5.9367E-8
 -4.2047E-8 -1.0251E-8 -1.1381E-8 -2.4708E-8 -3.76E-8
 -3.5956E-8 -3.2433E-8 -1.5406E-8 -1.0917E-8 -2.0424E-8
 -3.1136E-8 -5.8865E-8 -7.6063E-8 -1.531E-8 7.787E-8
 1.0775E-7 6.4059E-8 3.0918E-8 1.4821E-8 -3.3991E-8
 -8.0603E-8 -4.8229E-8 -1.4882E-8 -2.9918E-8 -2.5857E-8
 -1.2875E-8 -1.3632E-8 -3.2535E-8 -3.8944E-8 4.9131E-10
 2.2804E-8 2.5601E-8 1.7652E-8 1.9876E-8 2.5297E-8
 1.4668E-8 -1.0783E-8 -8.9087E-9 -1.4503E-9
 -2.7897E-8 1.3695E-8 4.3813E-8 3.2566E-8 8.2195E-9
 -3.2694E-9 -6.6433E-9 -1.2955E-8 -2.6551E-8 -3.1461E-8
 -1.4197E-8 7.7852E-9 6.766E-9 -2.485E-9 9.2553E-9
 2.2397E-8 2.5445E-8 1.1877E-8 -2.0852E-9 5.1069E-9
 3.1381E-8 6.0607E-8 6.3922E-8 6.4467E-8 7.0481E-8
 1.1906E-7 9.5971E-8 6.4996E-8 5.906E-8 2.8375E-8
 -2.7502E-8 -6.6574E-8 -8.271E-8 -1.3672E-7 -1.5185E-7
 -1.1445E-7 -8.651E-8 -1.047E-7 -1.0675E-7 -4.8E-8
 -2.6693E-8 -1.0482E-8 5.9653E-9 -2.553E-8 -1.0598E-7
 -1.5086E-7 -1.3635E-7 -5.8835E-8 2.6334E-8 7.4085E-8
 8.7357E-8 5.918E-8 2.8954E-8 3.423E-8 6.5102E-8
 6.0163E-8 -2.6687E-8 -9.0223E-8 -9.2012E-8 -4.5167E-8
 -2.7024E-8 -3.6714E-8 -3.3368E-8 -1.9374E-8 -1.0343E-8
 -1.1576E-8 -1.3747E-8 -1.3596E-8 -1.262E-8 -1.8881E-8
 -4.3441E-8 -5.5934E-8 -2.8749E-8 3.3208E-9 2.4452E-8
 1.9282E-8 3.2632E-9 1.1019E-8 2.8469E-8 3.806E-8
 3.5877E-8 1.8684E-8 -7.1738E-10 -1.5755E-8 -2.5827E-8
 -4.619E-8 -4.8322E-8 -2.1638E-8 1.0378E-8 4.5964E-8
 5.17E-8 1.3042E-8 -5.2995E-8 -7.1622E-8 -5.0892E-8
 -2.0165E-8 -2.0738E-8 -1.3518E-8 1.1873E-8 3.6016E-8
 2.2103E-8 9.2335E-9 1.1262E-8 3.4626E-8 2.7021E-8
 -6.3275E-9 -3.0249E-8 -7.4477E-9 1.5869E-8 1.1561E-8
 1.331E-8 2.2484E-8 2.9231E-8 2.0474E-8 1.4271E-8
 3.4234E-8 3.7151E-8 5.9642E-9 -3.2793E-8 -6.8106E-8
 -1.0191E-7 -9.1806E-8 -5.2427E-9 4.8162E-8 2.9345E-8
 -3.645E-8 -5.229E-8 -5.0734E-8 -5.3197E-8 -6.8675E-8
 -3.9067E-8 2.3153E-8 2.2921E-8 -7.7033E-9 -2.4692E-8
 -4.88E-9 8.7865E-11 3.1157E-9 -1.6603E-8 -5.4426E-8
 -7.9066E-8 -1.2647E-7 -1.3907E-7 -4.2427E-8 8.5053E-8
 1.2772E-7 7.5326E-8 2.7374E-8 3.7904E-9 -4.7733E-8
 -7.7113E-8 -3.4692E-8 7.302E-9 -3.1208E-9 -6.2729E-9
 9.1077E-9 -1.7907E-9 -2.5046E-8 -3.2041E-8 -4.8156E-9
 1.8305E-8 1.4086E-8 -9.207E-9 -1.7295E-8 -1.8882E-8
 -2.0752E-8 -3.5998E-8 -1.5644E-8 2.2325E-8
 -5.1029E-8 -8.2704E-9 3.6806E-8 3.1701E-8 1.0124E-8
 -5.2144E-9 -5.1412E-9 -9.7292E-9 -2.3807E-8 -2.9631E-8
 -1.2036E-8 1.3169E-8 1.1163E-8 -6.1552E-9 3.1328E-9
 2.7779E-8 4.5815E-8 2.6673E-8 2.9399E-9 7.9633E-9
 4.6752E-8 6.2818E-8 4.7543E-8 4.769E-8 8.333E-8
 1.3459E-7 1.0248E-7 5.6914E-8 2.7223E-8 -9.0951E-9
 -4.4137E-8 -5.3648E-8 -4.1334E-8 -7.6952E-8 -1.0279E-7
 -8.8444E-8 -8.2868E-8 -8.7751E-8 -8.4211E-8 -4.6161E-8
 -5.24E-8 -4.0916E-8 3.6834E-9 2.9644E-8 -1.2501E-8
 -5.8693E-8 -5.2803E-8 -6.4907E-9 5.0824E-8 7.0976E-8
 6.5712E-8 1.2782E-8 -4.2644E-8 -3.8683E-8 3.7858E-8
 1.004E-7 3.0036E-8 -6.2146E-8 -1.0289E-7 -6.343E-8
 -4.3728E-8 -4.9285E-8 -3.8776E-8 -1.6755E-8 -1.2647E-9
 4.578E-9 1.3078E-8 1.7798E-8 1.331E-8 2.3978E-9
 -2.1444E-8 -3.293E-8 -9.2363E-9 1.7611E-8 2.8684E-8
 2.0073E-8 8.3806E-9 1.1758E-8 2.6728E-8 3.5583E-8
 2.8556E-8 5.9608E-9 -6.1383E-9 -1.3163E-8 -2.1229E-8
 -3.4149E-8 -3.2548E-8 -6.1563E-9 2.8669E-8 6.0206E-8
 5.7819E-8 9.8097E-9 -4.8358E-8 -6.7151E-8 -3.7125E-8
 -2.6474E-9 1.7412E-10 -2.0556E-8 -2.5917E-8 -1.4442E-8
 -1.7891E-8 -2.265E-8 7.5462E-9 6.7689E-8 8.1159E-8
 3.7386E-8 2.1206E-9 1.1503E-8 4.104E-8 4.8808E-8
 5.5123E-8 6.7032E-8 5.975E-8 2.6285E-8 1.1381E-8
 3.4212E-8 5.4287E-8 2.8672E-8 -1.1046E-8 -5.7339E-8
 -1.0065E-7 -9.1659E-8 -4.5214E-9 6.2661E-8 5.6776E-8
 -1.499E-8 -5.197E-8 -5.3596E-8 -4.8306E-8 -5.8695E-8
 -3.7921E-8 1.348E-8 2.1567E-8 -5.8789E-9 -2.0658E-8
 1.165E-8 2.5991E-8 2.5291E-8 6.3924E-9 -6.3139E-8
 -1.1614E-7 -1.5877E-7 -1.3406E-7 -4.9106E-8 3.6113E-8
 7.6341E-8 5.035E-8 1.1312E-8 -1.4961E-8 -4.6037E-8
 -4.906E-8 -1.5641E-8 2.5543E-8 1.8837E-8 9.4469E-9
 2.5764E-8 1.0915E-8 -1.9775E-8 -3.5625E-8 -2.2517E-8
 7.6705E-9 7.1913E-9 -1.1302E-8 -1.1818E-8 -1.5479E-8
 -2.7845E-8 -4.4131E-8 -1.2617E-8 4.5616E-8
 -6.091E-8 -2.9288E-8 1.9177E-8 2.5251E-8 1.3824E-8
 -1.6345E-9 1.493E-9 4.4129E-9 -2.4096E-9 -5.8154E-9
 6.1249E-9 2.2968E-8 1.7184E-8 -3.7513E-9 1.5463E-9
 2.6428E-8 4.4333E-8 2.3103E-8 -1.651E-9 4.2565E-9
 5.1583E-8 5.7594E-8 3.3488E-8 3.2689E-8 1.0138E-7
 1.438E-7 9.6504E-8 5.3224E-8 1.2396E-8 -2.4502E-8
 -5.1885E-8 -3.9784E-8 -3.1846E-9 -2.7702E-10 -1.8373E-8
 -3.0926E-8 -4.5031E-8 -6.5414E-8 -6.0969E-8 -3.9274E-8
 -2.9273E-8 -2.7212E-8 -9.8169E-9 1.7164E-8 6.939E-9
 -2.0178E-8 -9.7113E-9 2.1689E-8 5.2459E-8 3.9776E-8
 2.1132E-8 -2.0498E-8 -7.2752E-8 -8.9626E-8 -1.221E-8
 9.3026E-8 7.584E-8 -4.9872E-9 -7.5626E-8 -7.2155E-8
 -6.3368E-8 -6.1623E-8 -4.1854E-8 -1.5044E-8 7.1054E-9
 1.9363E-8 2.8492E-8 3.0707E-8 2.609E-8 1.6382E-8
 7.5828E-10 -6.6414E-9 1.0223E-8 2.9701E-8 3.1602E-8
 1.8558E-8 8.9781E-9 1.0317E-8 1.868E-8 2.4354E-8
 1.2025E-8 -1.4815E-8 -2.1099E-8 -2.1537E-8 -2.0872E-8
 -1.5804E-8 -6.059E-9 1.1711E-8 3.4216E-8 5.0068E-8
 3.812E-8 1.5799E-9 -3.5187E-8 -5.117E-8 -2.2191E-8
 7.0074E-9 1.1507E-8 -1.5175E-8 -2.6961E-8 -2.8118E-8
 -3.5489E-8 -4.0015E-8 1.5268E-9 7.1651E-8 1.054E-7
 6.1942E-8 2.007E-8 1.9653E-8 5.8942E-8 7.8011E-8
 8.9956E-8 9.8873E-8 8.0027E-8 2.9783E-8 1.4039E-8
 3.8064E-8 7.0037E-8 4.9527E-8 9.9463E-9 -4.8769E-8
 -9.4775E-8 -8.8806E-8 -2.3265E-8 3.2559E-8 4.1541E-8
 -2.2464E-9 -3.6927E-8 -4.6373E-8 -5.0377E-8 -5.6516E-8
 -3.9348E-8 -7.9389E-10 1.8061E-8 1.034E-9 -1.313E-8
 1.8498E-8 4.6888E-8 3.2225E-8 4.4786E-9 -6.9082E-8
 -1.24E-7 -1.3746E-7 -8.4935E-8 -2.7764E-8 1.2984E-8
 4.9785E-8 5.5176E-8 3.0453E-8 -9.5571E-9 -3.719E-8
 -3.0871E-8 -2.8909E-9 2.8843E-8 2.7678E-8 1.8177E-8
 3.0883E-8 1.52E-8 -2.5374E-8 -4.9943E-8 -3.0335E-8
 2.0008E-8 3.375E-8 2.2329E-8 2.7781E-8 2.2204E-8
 -3.9947E-9 -2.778E-8 -4.3169E-9 4.5015E-8
 -5.5165E-8 -4.1506E-8 -3.6696E-9 1.3064E-8 1.459E-8
 6.6284E-9 8.806E-9 1.4102E-8 8.7514E-9 9.2519E-9
 1.885E-8 3.1914E-8 2.8725E-8 1.0755E-8 6.9282E-9
 1.6831E-8 2.2326E-8 5.3756E-9 -1.4439E-8 -1.0965E-8
 3.8918E-8 5.126E-8 3.404E-8 3.0014E-8 9.7943E-8
 1.2318E-7 5.989E-8 2.5087E-8 -2.6683E-9 -1.2461E-8
 -2.2743E-8 -6.8208E-9 1.6054E-8 2.4952E-8 1.7817E-8
 5.9776E-9 -9.4112E-9 -3.1266E-8 -3.8726E-8 -2.9086E-8
 -1.5114E-8 -1.6913E-8 -1.3507E-8 2.4375E-9 -4.6684E-9
 -2.7209E-8 -2.8829E-8 -5.6273E-9 1.2297E-8 -6.9632E-9
 -1.2914E-8 -1.6577E-8 -3.7781E-8 -5.7212E-8 -1.2098E-8
 7.2858E-8 7.2399E-8 2.1177E-8 -3.2552E-8 -6.9201E-8
 -7.677E-8 -6.0118E-8 -3.1374E-8 -8.462E-9 6.2326E-9
 8.877E-9 6.4594E-9 4.3224E-9 5.4054E-9 2.9523E-9
 -4.9784E-9 -2.5995E-9 1.3807E-8 3.1764E-8 3.0836E-8
 1.151E-8 2.8653E-9 6.3074E-9 7.6449E-9 4.8118E-9
 -1.094E-8 -2.9775E-8 -2.7371E-8 -2.4034E-8 -1.7427E-8
 -2.9057E-9 1.4432E-8 2.3254E-8 2.7182E-8 2.4879E-8
 1.4003E-8 -6.9721E-9 -3.4547E-8 -4.4913E-8 -2.1933E-8
 -7.732E-10 4.0006E-9 -5.2191E-9 -7.0613E-9 -1.93E-8
 -3.5129E-8 -3.7845E-8 -4.7613E-9 4.6911E-8 7.6453E-8
 4.4912E-8 1.6666E-8 1.5033E-8 5.5304E-8 7.9208E-8
 9.3281E-8 9.6484E-8 7.3879E-8 2.9135E-8 2.0324E-8
 4.3901E-8 7.586E-8 6.0712E-8 1.9139E-8 -4.6632E-8
 -8.4049E-8 -7.4597E-8 -2.917E-8 4.9048E-9 1.902E-8
 -6.9244E-11 -2.223E-8 -3.1534E-8 -3.9888E-8 -3.9831E-8
 -2.2584E-8 -1.4336E-9 9.8851E-9 1.3273E-9 -2.5831E-9
 3.0212E-8 5.3311E-8 1.5413E-8 -3.2638E-8 -7.7882E-8
 -1.0439E-7 -1.0103E-7 -5.5843E-8 -7.7642E-9 2.3237E-8
 4.6539E-8 4.9427E-8 3.8747E-8 1.1804E-8 -1.0485E-8
 -1.2534E-8 7.4047E-9 2.6735E-8 2.5977E-8 1.8706E-8
 2.4787E-8 1.3819E-8 -2.6352E-8 -5.1636E-8 -2.3588E-8
 3.936E-8 6.9527E-8 6.4223E-8 7.2758E-8 6.0966E-8
 2.6744E-8 -2.3245E-9 1.3452E-8 5.6798E-8
 -4.3801E-8 -4.3908E-8 -1.8566E-8 -2.7698E-10 8.5195E-9
 1.231E-8 1.6486E-8 1.6946E-8 6.0659E-9 9.4935E-9
 2.3127E-8 3.9134E-8 3.7343E-8 1.7818E-8 2.7894E-9
 -1.8254E-9 -5.7803E-9 -1.8824E-8 -3.2506E-8 -2.8619E-8
 2.1513E-8 4.7463E-8 4.2767E-8 3.249E-8 7.4085E-8
 9.0293E-8 3.7359E-8 6.3024E-9 -1.1095E-8 -2.8027E-9
 -3.7779E-9 3.95E-9 9.7395E-9 1.4976E-8 2.0555E-8
 2.0603E-8 1.2097E-8 -3.0654E-9 -1.3596E-8 -1.3264E-8
 -1.6547E-8 -2.0867E-8 -8.1407E-9 8.1964E-9 -1.7871E-9
 -2.7128E-8 -3.6667E-8 -3.0071E-8 -2.4118E-8 -3.0501E-8
 -2.1489E-8 -6.2106E-9 -4.3598E-9 -1.5256E-8 -3.9005E-10
 4.4704E-8 4.6724E-8 2.3403E-8 4.9899E-9 -3.6581E-8
 -4.8932E-8 -2.8333E-8 -8.0128E-9 -3.2646E-10 -3.5588E-9
 -1.6189E-8 -1.8686E-8 -1.6672E-8 -1.2103E-8 -1.0959E-8
 -1.0753E-8 -1.3444E-9 1.3034E-8 2.5805E-8 2.6181E-8
 7.7875E-9 -2.8545E-9 -7.1102E-10 -7.0697E-10 -9.2903E-9
 -2.3557E-8 -2.7174E-8 -1.7566E-8 -1.3798E-8 -9.4979E-9
 1.3217E-9 1.418E-8 1.5594E-8 1.3015E-8 1.1531E-8
 7.7877E-9 -1.3088E-9 -2.2005E-8 -2.8499E-8 -9.8427E-9
 4.4411E-9 9.1006E-9 8.8169E-9 1.1777E-8 -6.1322E-9
 -2.7373E-8 -2.5187E-8 -5.7318E-9 1.9435E-8 2.7008E-8
 7.9947E-9 3.6877E-9 8.0577E-9 3.7742E-8 5.6536E-8
 7.0161E-8 7.4099E-8 6.1149E-8 3.103E-8 2.7525E-8
 4.7115E-8 7.1275E-8 5.5762E-8 1.7809E-8 -3.1881E-8
 -4.6655E-8 -3.2652E-8 -1.411E-8 -1.059E-8 -1.1812E-8
 -1.8868E-8 -2.3974E-8 -2.3684E-8 -2.9709E-8 -2.8857E-8
 -1.2309E-8 3.5513E-9 1.0646E-8 4.1424E-9 6.2028E-9
 3.581E-8 3.9662E-8 -1.109E-8 -6.7399E-8 -7.8681E-8
 -7.6494E-8 -6.1929E-8 -2.8281E-8 6.8312E-9 3.7281E-8
 5.5613E-8 4.7102E-8 3.5388E-8 2.1008E-8 3.9277E-9
 -6.2717E-9 1.0608E-8 2.0559E-8 1.7292E-8 1.3144E-8
 1.977E-8 1.5911E-8 -2.1358E-8 -4.3099E-8 -1.3545E-8
 4.6674E-8 8.026E-8 8.0982E-8 9.5886E-8 8.5536E-8
 4.9879E-8 1.4819E-8 1.9002E-8 5.2401E-8
 -3.8822E-8 -4.3992E-8 -2.3888E-8 -5.0135E-9 7.6671E-9
 2.0538E-8 2.8294E-8 2.3623E-8 6.0122E-9 8.2274E-9
 2.7138E-8 4.3986E-8 3.8845E-8 1.1223E-8 -1.1437E-8
 -2.3969E-8 -3.4242E-8 -4.4002E-8 -4.661E-8 -3.6016E-8
 7.8207E-9 4.2941E-8 4.8214E-8 3.4894E-8 6.1467E-8
 7.7636E-8 4.1091E-8 -1.8284E-9 -1.8829E-8 -4.5716E-9
 3.2387E-9 1.0239E-8 8.5802E-9 8.0724E-9 1.3374E-8
 1.856E-8 1.7913E-8 1.4892E-8 1.0814E-8 1.0863E-9
 -1.7383E-8 -2.1929E-8 -1.7955E-9 1.2513E-8 1.0625E-9
 -1.9111E-8 -1.8887E-8 -1.4926E-8 -1.8835E-8 -2.1818E-8
 -1.2479E-8 1.5315E-9 7.8166E-9 -2.3618E-9 -4.4354E-9
 2.1889E-8 3.2355E-8 2.8106E-8 4.0137E-8 2.0286E-8
 -2.7677E-9 -8.0468E-9 -1.2873E-8 -1.6928E-8 -2.2637E-8
 -2.7219E-8 -1.7074E-8 -1.1579E-8 -1.1313E-8 -1.1357E-8
 -4.4206E-9 8.5644E-9 1.6234E-8 1.9542E-8 1.7658E-8
 2.5158E-9 -8.9984E-9 -8.2439E-9 -7.2952E-9 -1.6574E-8
 -2.4134E-8 -1.4814E-8 -7.5341E-10 1.1033E-9 8.3722E-11
 5.4397E-9 1.4152E-8 1.0402E-8 5.0408E-9 6.0134E-9
 9.5619E-9 5.5338E-9 -1.2434E-8 -1.6618E-8 -9.4933E-10
 1.2213E-8 2.0062E-8 2.3659E-8 2.5418E-8 4.8633E-9
 -1.8427E-8 -1.7835E-8 -6.0435E-9 5.4814E-9 -8.2655E-10
 -1.1758E-8 -7.5462E-9 -5.1714E-9 9.4874E-9 2.3929E-8
 4.1178E-8 5.0359E-8 4.6243E-8 2.7385E-8 2.6453E-8
 4.1829E-8 5.8825E-8 4.29E-8 1.0464E-8 -2.5453E-8
 -2.7846E-8 -1.564E-8 -1.2346E-8 -2.5039E-8 -3.0508E-8
 -2.2353E-8 -9.6355E-9 -7.8872E-9 -2.3628E-8 -3.0143E-8
 -1.1401E-8 5.7314E-9 1.342E-8 1.0356E-8 1.4644E-8
 3.8136E-8 2.982E-8 -1.7785E-8 -5.8798E-8 -5.2057E-8
 -4.2509E-8 -2.6258E-8 -4.3659E-9 1.4866E-8 4.2067E-8
 5.8539E-8 5.3959E-8 4.3977E-8 1.9895E-8 3.3193E-9
 -5.2707E-9 1.4956E-8 1.7946E-8 1.1415E-8 3.9251E-9
 1.021E-8 1.6423E-8 -1.0224E-8 -2.7544E-8 -7.609E-9
 3.4112E-8 5.2177E-8 5.3317E-8 6.9603E-8 6.8905E-8
 4.4422E-8 1.3383E-8 1.3411E-8 3.6767E-8
 -3.0447E-8 -3.8316E-8 -2.6984E-8 -1.1584E-8 7.3172E-10
 1.7163E-8 2.8034E-8 2.6996E-8 9.2265E-9 7.5195E-9
 2.5981E-8 3.808E-8 2.8707E-8 -3.7005E-9 -2.7281E-8
 -3.9885E-8 -4.8177E-8 -4.8617E-8 -4.026E-8 -2.5922E-8
 3.2365E-9 3.4226E-8 4.5752E-8 4.7744E-8 8.9489E-8
 1.1115E-7 7.0302E-8 -8.4373E-10 -2.7935E-8 -1.3909E-8
 -6.0808E-10 3.8969E-9 -7.6965E-10 2.0106E-9 7.7491E-9
 9.9141E-9 7.5372E-9 9.9397E-9 1.0476E-8 -5.7011E-9
 -2.5148E-8 -2.3786E-8 -5.4871E-9 -6.4861E-10 -1.1782E-8
 -2.2013E-8 -1.4832E-8 -9.6756E-9 -1.0572E-8 -9.3472E-9
 -3.4681E-9 2.7876E-9 5.1917E-9 -1.9436E-9 -5.8209E-9
 8.8693E-9 2.3865E-8 3.4672E-8 6.281E-8 6.0856E-8
 2.583E-8 -1.1617E-8 -3.1682E-8 -3.1814E-8 -3.2009E-8
 -2.7394E-8 -1.2935E-8 -6.7881E-9 -6.309E-9 -2.2065E-9
 9.5094E-9 2.1045E-8 2.0112E-8 1.7649E-8 1.4266E-8
 -5.7571E-10 -1.3912E-8 -1.3503E-8 -1.1247E-8 -1.5929E-8
 -1.8203E-8 -3.7369E-9 1.0215E-8 8.0439E-9 -1.5385E-10
 1.1072E-9 8.3077E-9 3.3085E-9 -1.6346E-9 1.2999E-9
 1.0413E-8 9.5489E-9 -7.8859E-9 -9.442E-9 5.5713E-9
 1.8152E-8 2.5916E-8 3.1695E-8 3.4419E-8 1.5477E-8
 -4.9543E-9 -5.189E-9 -1.9694E-9 -1.5199E-9 -9.7299E-9
 -1.4895E-8 -1.1509E-8 -1.203E-8 -5.5686E-9 5.4634E-9
 2.719E-8 4.1654E-8 3.7503E-8 1.9842E-8 2.0127E-8
 3.5243E-8 4.7781E-8 3.2312E-8 8.4972E-9 -1.4311E-8
 -1.2964E-8 -1.1627E-8 -2.5141E-8 -4.5796E-8 -5.1274E-8
 -2.7276E-8 -6.7084E-9 -7.3707E-9 -2.4757E-8 -2.8545E-8
 -7.8952E-9 4.9706E-9 1.2048E-8 1.4186E-8 2.0443E-8
 3.4669E-8 2.1735E-8 -1.405E-8 -3.9157E-8 -2.8058E-8
 -1.2991E-8 3.7985E-9 1.6066E-8 2.8059E-8 4.388E-8
 3.9795E-8 3.8539E-8 4.2593E-8 1.3909E-8 8.3202E-10
 -8.6514E-10 1.4656E-8 8.7459E-9 2.3833E-9 -4.5998E-9
 1.5882E-9 1.6141E-8 2.6836E-9 -1.0071E-8 -3.6255E-9
 1.8101E-8 2.5513E-8 2.7273E-8 3.9284E-8 4.0095E-8
 2.6624E-8 8.8399E-9 1.1527E-8 2.6524E-8
 -1.8448E-8 -2.5748E-8 -1.8909E-8 -1.0493E-8 -2.2214E-9
 8.6216E-9 1.6894E-8 1.9525E-8 6.6208E-9 3.1122E-9
 1.424E-8 2.2205E-8 1.6695E-8 -7.3989E-9 -2.5077E-8
 -3.6145E-8 -4.0762E-8 -3.6223E-8 -2.4753E-8 -1.4332E-8
 7.3618E-10 2.0007E-8 3.155E-8 4.9387E-8 9.1402E-8
 1.0744E-7 7.2095E-8 -5.2481E-9 -3.8404E-8 -2.7673E-8
 -1.2082E-8 -9.3777E-9 -1.1679E-8 -5.1319E-9 1.3134E-10
 -3.2936E-9 -1.098E-8 -7.0614E-9 -3.1584E-9 -1.4186E-8
 -1.8263E-8 -7.7024E-9 4.047E-9 1.9331E-9 -6.796E-9
 -1.1709E-8 -6.3652E-9 -2.3123E-9 -1.5321E-9 -1.8605E-9
 1.812E-10 3.1767E-9 2.6307E-9 -3.9144E-9 -7.8261E-9
 -1.0663E-9 1.2818E-8 2.9208E-8 5.7976E-8 5.7456E-8
 1.668E-8 -3.1195E-8 -4.5057E-8 -3.1746E-8 -2.3423E-8
 -1.1151E-8 1.2668E-9 6.1924E-9 7.1333E-9 8.7786E-9
 1.2312E-8 1.7161E-8 1.3573E-8 1.4879E-8 1.313E-8
 -2.257E-9 -1.7641E-8 -1.6907E-8 -1.436E-8 -1.2791E-8
 -1.1763E-8 3.8233E-9 1.473E-8 9.4626E-9 -1.578E-9
 -4.4752E-10 5.8715E-9 1.908E-9 -2.7554E-9 -1.9476E-9
 8.1339E-9 1.1061E-8 -3.897E-9 -5.4113E-9 5.7562E-9
 1.5739E-8 2.3057E-8 3.1913E-8 3.579E-8 1.9649E-8
 3.3819E-9 1.2525E-9 -4.7162E-10 -1.6222E-9 -3.6458E-9
 -6.9522E-9 -6.6827E-9 -1.2767E-8 -1.0448E-8 -2.3931E-9
 1.816E-8 3.342E-8 2.7875E-8 1.1033E-8 1.1452E-8
 2.6028E-8 3.3743E-8 1.8507E-8 -1.6945E-9 -1.0308E-8
 -4.8807E-9 -9.5645E-9 -3.0805E-8 -5.557E-8 -6.2195E-8
 -3.1235E-8 -6.4286E-9 -7.0645E-9 -2.1303E-8 -2.0484E-8
 -3.0028E-9 2.9353E-9 7.807E-9 1.2778E-8 1.8965E-8
 2.5913E-8 1.6087E-8 -2.9726E-9 -1.5886E-8 -9.6254E-9
 1.2994E-9 1.4805E-8 2.5942E-8 3.3078E-8 3.0882E-8
 4.7923E-9 3.6633E-10 1.8845E-8 6.0913E-9 4.4236E-9
 6.8852E-9 1.3745E-8 1.9984E-9 -3.9431E-9 -8.7405E-9
 -2.9941E-9 1.2656E-8 1.0856E-8 4.4045E-9 8.5411E-11
 8.7723E-9 1.5928E-8 2.2615E-8 3.0231E-8 2.6323E-8
 1.7633E-8 1.1504E-8 1.2855E-8 1.6565E-8
 -5.9411E-9 -1.3755E-8 -9.459E-9 -7.1882E-9 -4.3936E-9
 1.0334E-9 5.8485E-9 1.0711E-8 4.9289E-9 1.3637E-9
 3.4229E-9 7.7475E-9 7.0199E-9 -5.0393E-9 -1.5917E-8
 -2.3688E-8 -2.5516E-8 -2.0762E-8 -1.1995E-8 -7.3129E-9
 1.6514E-10 9.1377E-9 1.9204E-8 3.7589E-8 6.1131E-8
 6.5301E-8 4.3767E-8 -1.4816E-8 -3.9786E-8 -3.1657E-8
 -1.7432E-8 -1.5632E-8 -1.2015E-8 -2.5545E-9 2.3375E-9
 -2.3604E-9 -1.3548E-8 -1.3332E-8 -8.863E-9 -8.7243E-9
 -4.8535E-9 3.1097E-10 4.3567E-9 1.344E-9 -2.4804E-9
 -4.1604E-9 -1.9671E-9 -1.9327E-10 1.2109E-10 -1.0071E-10
 1.0417E-9 3.0568E-9 8.3369E-10 -4.0308E-9 -5.0233E-9
 -3.3446E-9 3.532E-9 1.6375E-8 4.2288E-8 4.1512E-8
 7.6134E-9 -3.0554E-8 -3.6415E-8 -1.8645E-8 -8.3951E-9
 -1.6514E-10 4.6783E-9 7.4727E-9 1.0561E-8 9.7105E-9
 7.4974E-9 9.5325E-9 9.1634E-9 1.3472E-8 1.0039E-8
 -4.994E-9 -1.7768E-8 -1.5819E-8 -1.4913E-8 -1.2164E-8
 -1.207E-8 1.4914E-9 8.7046E-9 5.3125E-9 -1.535E-9
 1.3498E-9 5.5751E-9 2.4957E-9 -1.2008E-9 -2.9237E-9
 4.736E-9 8.9605E-9 -8.7205E-10 -2.6664E-9 2.9095E-9
 8.6814E-9 1.4167E-8 2.2635E-8 2.7164E-8 1.8215E-8
 8.2911E-9 5.9542E-9 2.1715E-9 -1.7298E-10 -9.9195E-10
 -4.2064E-9 -3.4414E-9 -1.1159E-8 -8.782E-9 1.3522E-9
 2.0669E-8 3.3322E-8 2.4821E-8 6.2793E-9 4.7651E-9
 1.6558E-8 2.1153E-8 9.4044E-9 -9.4079E-9 -1.2531E-8
 -3.887E-9 -6.8302E-9 -2.2282E-8 -4.2548E-8 -5.273E-8
 -3.1285E-8 -1.064E-8 -9.1704E-9 -1.3773E-8 -9.058E-9
 1.006E-9 2.4889E-9 4.6627E-9 8.2051E-9 1.169E-8
 1.3494E-8 9.0257E-9 4.948E-9 2.3737E-9 2.8943E-9
 5.7242E-9 1.3334E-8 2.4607E-8 2.7205E-8 1.7423E-8
 -5.1105E-9 -6.5573E-9 1.254E-8 1.0514E-8 1.2008E-8
 1.1089E-8 1.1824E-8 -2.3488E-9 -6.028E-9 -5.8946E-9
 -5.6907E-10 1.1236E-8 1.3274E-8 1.1071E-8 3.3835E-9
 6.0623E-9 1.3407E-8 2.3216E-8 3.0155E-8 2.2574E-8
 1.5669E-8 1.4896E-8 1.4171E-8 1.3002E-8
 -1.0767E-9 -7.5518E-9 -3.8602E-9 -4.6882E-9 -6.389E-9
 -2.2982E-9 1.0709E-9 6.3592E-9 6.6832E-9 5.0982E-9
 4.0422E-9 3.9784E-9 2.4015E-9 -3.2425E-9 -9.9312E-9
 -1.6725E-8 -1.9866E-8 -1.5558E-8 -7.4217E-9 -3.7238E-9
 -2.4782E-10 2.4247E-9 7.3046E-9 1.4499E-8 1.9247E-8
 1.9839E-8 1.8062E-8 -1.4433E-8 -2.773E-8 -2.3102E-8
 -1.2021E-8 -1.0412E-8 -4.6367E-9 -5.5437E-10 9.497E-10
 -4.988E-10 -6.8718E-9 -7.3457E-9 -3.8874E-9 -1.303E-9
 -4.315E-10 1.6607E-9 2.4563E-9 -1.0702E-10 -1.2672E-9
 -1.5667E-9 2.8643E-10 6.8286E-10 8.644E-10 8.2492E-10
 1.6915E-9 2.6055E-9 1.2825E-9 -1.4916E-9 -6.14E-10
 -8.0251E-10 1.4369E-9 8.4304E-9 2.7518E-8 2.9815E-8
 6.7723E-9 -2.1107E-8 -2.5951E-8 -1.2096E-8 -1.9523E-9
 2.8495E-9 5.0437E-9 7.3524E-9 9.7766E-9 6.7991E-9
 2.7353E-9 3.3372E-9 5.5608E-9 1.2132E-8 7.8373E-9
 -6.7326E-9 -1.6251E-8 -1.3879E-8 -1.3537E-8 -1.1415E-8
 -1.1899E-8 -1.3811E-9 4.1379E-9 3.761E-9 1.2292E-9
 3.0234E-9 4.7485E-9 2.2635E-9 -1.4467E-9 -3.8635E-9
 7.1859E-10 4.564E-9 -2.168E-10 -1.4842E-9 3.4443E-10
 3.2166E-9 6.6002E-9 1.3053E-8 1.8094E-8 1.4818E-8
 7.7314E-9 4.0728E-9 4.0945E-10 2.535E-10 -7.2E-10
 -2.9662E-9 -9.3393E-10 -6.6342E-9 -5.4698E-9 1.6703E-9
 1.4382E-8 2.4901E-8 2.0E-8 4.3148E-9 8.6311E-10
 6.5971E-9 7.2832E-9 -1.1263E-10 -1.2917E-8 -1.4119E-8
 -5.5206E-9 -3.0483E-9 -8.8339E-9 -2.3422E-8 -3.5231E-8
 -2.5294E-8 -7.4514E-9 -3.4307E-9 -5.0494E-9 -2.7482E-9
 6.6163E-10 5.1384E-10 9.0346E-10 2.3573E-9 3.7232E-9
 5.3384E-9 4.9883E-9 6.6758E-9 7.5572E-9 5.9643E-9
 3.9594E-9 6.776E-9 1.5585E-8 1.6683E-8 8.8391E-9
 -4.6244E-9 -5.5827E-9 6.1971E-9 8.6883E-9 1.4453E-8
 1.5143E-8 1.0963E-8 -4.384E-9 -5.7604E-9 -3.1362E-9
 8.6275E-10 9.658E-9 1.3694E-8 1.4264E-8 6.6737E-9
 5.9226E-9 1.0495E-8 1.8397E-8 2.5027E-8 1.7287E-8
 1.1933E-8 1.2425E-8 1.0474E-8 6.669E-9
 -6.2347E-10 -4.194E-9 -1.6442E-9 -2.0283E-9 -3.724E-9
 -4.7865E-10 5.9162E-10 4.8986E-9 6.7495E-9 6.7215E-9
 6.1381E-9 2.2032E-9 -1.9954E-9 -5.6849E-9 -9.6116E-9
 -1.3778E-8 -1.5531E-8 -1.0513E-8 -3.6465E-9 -3.6601E-10
 1.1282E-9 1.1686E-9 1.6534E-9 1.6573E-9 2.5304E-9
 4.8876E-9 4.9948E-9 -1.4018E-8 -1.7427E-8 -1.1721E-8
 -4.3084E-9 -3.0031E-9 -2.2298E-10 5.6904E-10 1.2094E-9
 1.7963E-10 -2.0444E-9 -1.9652E-9 -9.4098E-10 -4.0693E-10
 -2.9398E-10 1.3418E-9 2.8668E-9 1.5152E-9 6.8774E-10
 1.865E-10 1.1972E-9 7.902E-10 5.0529E-10 1.0952E-9
 1.8875E-9 1.8285E-9 1.6855E-9 1.3422E-9 3.5269E-9
 2.2297E-9 3.288E-10 2.4035E-9 1.7453E-8 2.6719E-8
 1.3721E-8 -1.0723E-8 -1.8412E-8 -1.0099E-8 -1.0938E-9
 2.1811E-9 4.3073E-9 5.8263E-9 5.5513E-9 1.8905E-9
 -4.2657E-10 1.0853E-9 5.6513E-9 1.2059E-8 7.713E-9
 -5.5192E-9 -1.187E-8 -1.091E-8 -1.1721E-8 -1.0151E-8
 -9.8205E-9 -1.4659E-9 3.3554E-9 4.3695E-9 2.9917E-9
 2.941E-9 3.284E-9 1.2295E-9 -2.3542E-9 -4.426E-9
 -1.0117E-9 2.2288E-9 8.0393E-10 1.3307E-10 4.3023E-10
 1.9415E-9 4.4802E-9 9.7458E-9 1.5034E-8 1.4109E-8
 7.9358E-9 4.2538E-9 1.2211E-9 3.3555E-10 -2.5826E-9
 -3.0846E-9 -1.9462E-12 -1.5775E-9 -1.8192E-9 1.4944E-9
 9.1285E-9 1.6703E-8 1.5495E-8 5.4413E-9 1.1366E-9
 2.1363E-9 1.3286E-9 -1.9525E-9 -7.8178E-9 -1.0567E-8
 -5.8324E-9 -3.0343E-9 -4.0537E-9 -1.1178E-8 -1.7673E-8
 -1.3832E-8 -4.3106E-9 -2.3434E-9 -2.7152E-9 -1.361E-9
 -1.5291E-10 -4.7234E-10 -5.089E-10 1.2647E-10 7.0024E-10
 1.3697E-9 2.0124E-9 4.1911E-9 5.0607E-9 3.426E-9
 1.445E-9 2.711E-9 7.8576E-9 8.7222E-9 4.5447E-9
 -2.7391E-9 -1.9266E-9 4.0515E-9 6.509E-9 1.4283E-8
 1.6487E-8 8.492E-9 -5.0689E-9 -5.1022E-9 -1.7772E-9
 7.3363E-10 6.9398E-9 1.1774E-8 1.3123E-8 6.1903E-9
 4.1271E-9 6.9514E-9 1.2673E-8 1.8536E-8 1.4325E-8
 1.1144E-8 9.8929E-9 6.3174E-9 1.6627E-9
 -2.0151E-9 -2.9164E-9 -1.6292E-9 -1.3222E-9 -1.026E-9
 1.5443E-9 5.4251E-10 1.8601E-9 2.6844E-9 3.6073E-9
 3.5033E-9 -5.0275E-10 -4.7365E-9 -6.9897E-9 -8.2158E-9
 -8.655E-9 -8.7951E-9 -6.0204E-9 -2.0858E-9 4.7286E-10
 1.204E-9 1.3124E-9 6.1233E-10 1.5392E-9 5.9514E-9
 1.1372E-8 7.8872E-9 -8.3455E-9 -9.9669E-9 -4.5885E-9
 -3.9372E-10 -2.2214E-10 -3.9616E-10 1.9292E-10 5.8594E-10
 -1.0214E-10 -1.0124E-9 -6.1263E-10 -3.1785E-10 -3.3939E-11
 -1.0351E-10 8.0115E-10 2.2178E-9 1.8026E-9 1.4255E-9
 9.3584E-10 1.2272E-9 7.2426E-10 4.0037E-10 1.034E-9
 1.8687E-9 1.6085E-9 1.6804E-9 1.8639E-9 2.925E-9
 9.9352E-10 -8.0222E-10 1.8837E-9 1.3835E-8 2.3664E-8
 1.7365E-8 -1.2117E-9 -1.0324E-8 -7.6122E-9 -1.9066E-9
 1.3121E-9 2.6084E-9 2.7001E-9 1.0951E-9 -1.2956E-9
 -1.8071E-9 4.8286E-10 5.7359E-9 1.0141E-8 7.0176E-9
 -3.9752E-9 -8.5151E-9 -7.9611E-9 -7.9513E-9 -6.1324E-9
 -5.0762E-9 6.8858E-10 3.6681E-9 4.0041E-9 2.3504E-9
 1.3461E-9 1.2723E-9 3.1804E-10 -1.7978E-9 -3.2114E-9
 -1.2132E-9 8.7918E-10 5.6912E-10 9.26E-11 -1.6974E-10
 1.2874E-9 3.6711E-9 7.2113E-9 1.0229E-8 1.0025E-8
 6.2769E-9 3.3427E-9 9.7288E-10 -3.5607E-10 -2.7651E-9
 -1.2196E-9 1.7474E-9 1.8976E-9 6.4161E-10 8.4222E-10
 3.9843E-9 7.9509E-9 9.6126E-9 6.2945E-9 3.1239E-9
 1.6191E-9 -1.1834E-10 -1.9073E-9 -4.0146E-9 -5.9986E-9
 -4.1269E-9 -2.4934E-9 -2.3956E-9 -5.2962E-9 -7.9574E-9
 -6.4586E-9 -2.5889E-9 -1.9533E-9 -1.8623E-9 -9.7277E-10
 -3.7796E-10 -5.4935E-10 -4.8417E-10 -1.3725E-11 3.3359E-10
 7.0806E-10 7.4539E-10 2.0772E-9 2.8896E-9 2.4443E-9
 1.2426E-9 1.2617E-9 3.5801E-9 4.4024E-9 2.897E-9
 -8.7168E-11 5.6713E-10 2.1182E-9 3.2888E-9 9.2397E-9
 1.0576E-8 3.2481E-9 -4.0462E-9 -3.3371E-9 -1.0118E-9
 5.8432E-11 2.4165E-9 5.0203E-9 5.7614E-9 1.9085E-9
 1.2128E-9 4.1773E-9 8.8067E-9 1.2991E-8 1.0715E-8
 9.6866E-9 6.9788E-9 2.6568E-9 -1.28E-9
 -1.2447E-9 -1.0718E-9 -3.8195E-10 -2.3885E-10 4.2713E-10
 1.4472E-9 -4.6767E-10 -6.105E-10 -7.8653E-10 1.2009E-10
 6.2638E-11 -1.4001E-9 -3.1581E-9 -3.978E-9 -4.096E-9
 -3.8136E-9 -3.7533E-9 -2.8051E-9 -9.8346E-10 5.4904E-10
 9.1507E-10 1.3803E-9 9.9643E-10 2.5632E-9 6.0607E-9
 8.3089E-9 3.612E-9 -4.931E-9 -4.2101E-9 -1.36E-9
 5.3784E-11 -1.0881E-10 -1.9722E-10 9.7165E-11 4.2547E-10
 1.696E-10 -3.4095E-10 -1.7207E-10 -6.3783E-11 1.3937E-10
 9.9777E-11 6.582E-10 1.4883E-9 1.3714E-9 1.2587E-9
 9.1504E-10 8.4453E-10 4.1089E-10 1.7974E-10 6.6355E-10
 1.3236E-9 1.5082E-9 1.765E-9 1.9187E-9 2.1488E-9
 2.5056E-10 -1.4935E-9 -3.6539E-10 5.7842E-9 1.1311E-8
 9.9301E-9 9.8304E-10 -5.0359E-9 -4.451E-9 -1.6707E-9
 9.4222E-10 1.3688E-9 9.5043E-10 -2.9963E-10 -1.3986E-9
 -1.2811E-9 6.4876E-10 4.504E-9 7.3309E-9 5.8702E-9
 -9.5451E-10 -3.7809E-9 -3.775E-9 -3.6986E-9 -2.5924E-9
 -1.8385E-9 1.037E-9 2.0835E-9 1.7179E-9 6.223E-10
 3.2286E-11 1.3926E-10 6.3983E-11 -4.9528E-10 -8.4701E-10
 1.4771E-10 1.1921E-9 6.8294E-10 -2.2041E-11 -5.1383E-10
 5.3279E-10 1.9595E-9 3.7603E-9 4.6593E-9 4.4118E-9
 3.0642E-9 1.7824E-9 6.8434E-10 -2.1685E-10 -1.3125E-9
 -6.9912E-11 1.4767E-9 1.8217E-9 6.4045E-10 -2.3752E-10
 1.2268E-9 3.4347E-9 5.7052E-9 5.0598E-9 3.0535E-9
 1.5421E-9 2.8424E-10 -9.4468E-10 -2.2696E-9 -3.5037E-9
 -2.7812E-9 -1.973E-9 -1.5756E-9 -2.2054E-9 -3.0174E-9
 -2.415E-9 -1.1268E-9 -1.2607E-9 -1.1609E-9 -5.8117E-10
 -2.2689E-10 -2.6864E-10 -2.7072E-10 3.4287E-11 1.9822E-10
 4.5682E-10 1.193E-10 5.7896E-10 9.9255E-10 1.2926E-9
 8.9947E-10 6.5192E-10 1.5156E-9 2.0359E-9 1.8339E-9
 1.0239E-9 6.5946E-10 6.3514E-10 1.2694E-9 4.1759E-9
 4.3351E-9 6.5744E-10 -1.9559E-9 -1.3945E-9 7.058E-11
 2.4172E-10 -3.2426E-10 -7.6169E-11 2.3945E-10 -1.511E-10
 2.7558E-10 2.4111E-9 5.0467E-9 7.2614E-9 6.5562E-9
 6.1628E-9 3.8035E-9 1.0253E-9 -8.9919E-10
 -4.0283E-10 -2.76E-10 -5.4546E-11 7.8953E-11 4.1708E-10
 6.3864E-10 -7.4902E-10 -1.1031E-9 -1.3467E-9 -6.5902E-10
 -5.0021E-10 -6.5046E-10 -1.0788E-9 -1.3836E-9 -1.4133E-9
 -1.1501E-9 -1.1589E-9 -9.4523E-10 -4.8927E-10 1.2838E-10
 2.4008E-10 5.5861E-10 3.1992E-10 7.3471E-10 1.7461E-9
 1.9334E-9 2.9765E-10 -2.0582E-9 -9.7816E-10 -1.8826E-10
 -3.6048E-11 -1.3301E-10 -9.6577E-11 1.2442E-10 3.6936E-10
 2.415E-10 1.1175E-11 -6.8426E-11 6.9546E-12 8.7772E-11
 1.5003E-10 2.8647E-10 5.0457E-10 4.2582E-10 4.5055E-10
 3.7662E-10 3.2593E-10 1.1722E-10 5.3311E-11 3.2866E-10
 5.8906E-10 7.3044E-10 8.1496E-10 7.6351E-10 7.4709E-10
 1.109E-11 -4.4812E-10 2.3089E-10 2.5347E-9 4.2328E-9
 3.5999E-9 8.2803E-10 -1.2602E-9 -1.0816E-9 -3.9428E-10
 7.3956E-10 4.3096E-10 1.9796E-10 -2.8664E-10 -4.3856E-10
 -3.471E-10 6.1472E-10 2.1914E-9 3.2604E-9 2.7435E-9
 2.9595E-10 -7.4098E-10 -1.1298E-9 -1.3051E-9 -8.9501E-10
 -4.4202E-10 6.8806E-10 8.6536E-10 4.7788E-10 1.1238E-11
 -2.5032E-10 -1.2577E-10 2.7985E-11 8.072E-11 1.632E-10
 4.9078E-10 7.1321E-10 2.2409E-10 -2.2623E-10 -4.892E-10
 -5.1121E-11 4.7168E-10 9.1674E-10 1.0157E-9 9.6908E-10
 8.136E-10 5.958E-10 2.942E-10 4.7318E-11 -1.1149E-10
 3.3275E-10 6.322E-10 5.4227E-10 7.0391E-12 -3.9758E-10
 2.9625E-10 1.3203E-9 2.4726E-9 2.0663E-9 1.0948E-9
 4.3656E-10 -9.0092E-11 -6.5505E-10 -1.1223E-9 -1.2737E-9
 -9.3738E-10 -6.7533E-10 -5.883E-10 -8.3148E-10 -1.0588E-9
 -8.8283E-10 -4.5893E-10 -4.8399E-10 -3.9312E-10 -2.1831E-10
 -1.4317E-10 -1.3476E-10 -1.1776E-10 8.3557E-11 8.3598E-11
 1.3773E-10 -1.6243E-10 -8.8065E-11 5.9292E-11 4.5954E-10
 4.8885E-10 3.211E-10 4.5891E-10 7.5587E-10 9.6806E-10
 8.1858E-10 2.3183E-10 -5.5595E-11 1.6772E-10 8.62E-10
 7.747E-10 -1.0574E-10 -5.7137E-10 -3.4886E-10 1.7226E-10
 1.3565E-10 -5.6158E-10 -6.9323E-10 -5.5449E-10 -3.6744E-10
 -8.9386E-11 6.0159E-10 1.2649E-9 1.8788E-9 1.7923E-9
 1.8003E-9 1.0474E-9 2.2279E-10 -2.9971E-10
 -6.2638E-11 -7.738E-12 4.2576E-11 6.4629E-11 7.2985E-11
 8.3059E-11 -2.2236E-10 -2.8859E-10 -3.3676E-10 -1.2344E-10
 -2.2595E-11 -3.3712E-11 -1.1675E-10 -1.7832E-10 -1.7272E-10
 -9.9759E-11 -9.8706E-11 -9.1163E-11 -4.7177E-11 2.2736E-11
 4.5173E-11 8.8918E-11 3.658E-11 2.2603E-12 7.5349E-11
 -4.3159E-11 -2.1096E-10 -4.5264E-10 -1.0501E-10 1.4483E-11
 3.0621E-11 -1.2935E-11 -6.8063E-12 2.7987E-11 8.5213E-11
 4.663E-11 2.3956E-11 -2.038E-11 6.9078E-12 2.0665E-11
 6.6818E-11 1.178E-10 1.3409E-10 9.8441E-11 7.8131E-11
 6.1533E-11 5.0834E-11 2.2172E-11 1.3921E-11 4.4564E-11
 7.2195E-11 8.469E-11 9.1717E-11 1.0383E-10 1.4401E-10
 2.9503E-11 -9.4928E-11 -7.2899E-11 3.0749E-10 7.0399E-10
 7.4703E-10 3.6098E-10 -1.1154E-11 8.0476E-11 1.0253E-10
 2.7542E-10 1.1649E-10 1.7486E-10 9.9449E-11 7.1333E-11
 -6.4543E-12 3.0845E-10 7.0445E-10 1.1199E-9 9.8181E-10
 4.5569E-10 1.1253E-10 -1.0565E-10 -2.0196E-10 -1.1253E-10
 4.4083E-11 2.5745E-10 2.1038E-10 9.5416E-11 3.4043E-12
 -4.7898E-11 -4.0053E-11 2.7464E-11 9.2359E-11 1.7838E-10
 2.2031E-10 2.2117E-10 5.8891E-11 -3.8589E-11 -1.0271E-10
 -1.0266E-11 8.754E-11 1.1328E-10 6.7531E-11 5.3694E-11
 5.8652E-11 6.5785E-11 3.7544E-11 1.9293E-11 2.8305E-12
 4.3522E-11 3.3568E-11 1.0488E-11 -7.3936E-11 -1.3326E-10
 -2.3136E-11 1.5727E-10 3.9766E-10 3.4582E-10 1.7096E-10
 4.0611E-11 -8.0393E-11 -2.0534E-10 -3.0273E-10 -3.0971E-10
 -2.4992E-10 -2.0651E-10 -1.7461E-10 -2.3014E-10 -2.8936E-10
 -2.4596E-10 -1.443E-10 -1.3093E-10 -1.0656E-10 -7.344E-11
 -6.3468E-11 -5.2899E-11 -4.1999E-11 -2.1907E-12 -1.959E-11
 -1.1531E-11 -5.4991E-11 -5.9788E-11 -7.1765E-11 -1.6758E-11
 1.4869E-11 9.344E-12 4.0273E-11 1.3966E-10 2.3611E-10
 2.455E-10 5.5317E-11 -4.5801E-11 -1.7269E-12 8.1199E-11
 5.5466E-11 -4.9216E-11 -9.1797E-11 -7.3278E-11 -1.0767E-12
 1.0259E-11 -1.1352E-10 -1.3523E-10 -1.3452E-10 -9.7555E-11
 -4.2998E-11 5.8797E-11 1.2176E-10 1.7955E-10 1.5171E-10
 1.7199E-10 9.7713E-11 1.4293E-11 -3.4372E-11
 -1.1792E-11 -8.8493E-12 -3.8098E-12 8.0297E-12 8.961E-12
 7.3822E-12 -2.4948E-11 -3.3716E-11 -3.7294E-11 -9.1665E-12
 1.0577E-11 4.035E-12 -7.3514E-12 -1.8262E-11 -1.3253E-11
 5.0862E-12 5.8782E-12 1.9172E-12 -8.0756E-13 1.496E-12
 6.126E-12 2.3949E-12 -1.7051E-12 -3.2267E-11 -4.5283E-11
 -8.0296E-11 -6.2679E-11 -7.5236E-11 -6.1811E-12 1.022E-11
 2.3948E-11 1.3643E-11 9.5906E-12 6.8828E-12 1.7087E-11
 1.3612E-11 1.2781E-11 1.6545E-12 4.477E-12 7.8984E-12
 2.2989E-11 4.038E-11 3.5339E-11 2.5166E-11 1.6606E-11
 1.3945E-11 1.3695E-11 9.5242E-12 1.0466E-11 1.2314E-11
 1.7787E-11 1.3484E-11 6.0445E-12 5.1114E-12 1.948E-11
 4.3302E-12 -2.21E-11 -2.6168E-11 6.0696E-11 1.619E-10
 1.888E-10 1.0293E-10 2.365E-11 4.0661E-11 3.9682E-11
 4.3994E-11 3.7838E-11 6.0805E-11 4.3608E-11 3.4562E-11
 -1.4835E-11 7.7786E-11 1.7996E-10 3.2332E-10 2.7187E-10
 1.5657E-10 6.0248E-11 1.2651E-11 -2.391E-11 -1.308E-11
 2.18E-11 5.8205E-11 4.3709E-11 2.3046E-11 8.1775E-12
 -6.3465E-13 -3.8442E-12 3.6153E-12 9.63E-12 2.3787E-11
 2.4479E-11 2.9481E-11 9.4802E-12 2.9813E-13 -8.9779E-12
 -4.9044E-12 -1.3781E-12 -6.1396E-12 -3.7136E-12 2.7643E-12
 6.7272E-12 5.3524E-12 -6.6119E-12 -7.352E-12 -7.097E-12
 -5.2938E-13 -1.215E-11 -1.465E-11 -1.7825E-11 -1.3695E-11
 -2.2502E-12 1.5141E-11 3.522E-11 2.6623E-11 7.099E-12
 -6.5536E-12 -2.6314E-11 -5.9648E-11 -7.0421E-11 -5.3901E-11
 -2.6473E-11 -2.8653E-11 -2.3485E-11 -3.9084E-11 -4.6444E-11
 -3.5101E-11 -6.2879E-12 8.311E-13 2.0731E-12 4.2694E-12
 5.7959E-12 4.3328E-12 1.4227E-12 9.819E-14 -6.0348E-12
 -5.369E-12 -1.1293E-11 -9.8152E-12 -8.1978E-12 -4.6028E-12
 -2.5837E-12 -1.591E-12 2.4277E-12 1.6235E-11 3.8357E-11
 5.1427E-11 2.7647E-11 8.7066E-12 7.7247E-12 7.8354E-12
 6.0629E-12 3.167E-12 1.3544E-12 -1.4616E-12 1.94E-12
 2.6223E-12 -7.223E-12 -7.518E-12 -1.139E-11 -1.2877E-11
 -9.0157E-12 -1.236E-12 2.6674E-12 7.6473E-12 5.2632E-12
 1.4716E-11 2.0409E-11 1.7088E-11 1.7767E-11
