! $Id: lba_model.in,v 1.8 2008-04-17 00:04:37 dschanen Exp $
! Parameter file for the 23 Feb 1999 TRMM-LBA case

&model_setting

runtype = "lba"

nzmax   = 300
deltaz  = 75.0
zm_init = 0.0

day = 23, month = 2, year = 1999,
rlat = -10.8667, rlon = -61.9500

time_initial = 0.0
time_final   = 21600.0
time_spinup  = 100000.0

dtmain    = 60.0
dtclosure = 60.0

sfctype = 1
Tsfc = 300.0
psfc = 99129.99988

fcor = 0.376e-4
T0   = 300.

ts_nudge = 7200.

cloud_sed     = .false.
kk_rain       = .false.
lcoamps_micro = .true.
licedfs       = .false.
lbugsrad      = .false.
lKhm_aniso    = .true.
luv_nudge     = .true.
lrestart      = .false.
restart_path_case  = "restart/lba"
time_restart  = 0.0

/

&stats_setting
lstats       = .true.
fname_prefix = "lba"
stats_tsamp  = 60.
stats_tout   = 60.
stats_fmt    = "grads"
/

&sounding

 nlevels = 47

 z = 0.0 334.0 443.0 970.0 1523.0 2086.0 2630.0 3166.9997 3693.9997 4197.0
 4657.0 5112.0 5556.0 6001.0 6448.0 6865.9995 7301.0 7751.0 8170.0 8588.0 9019.0
 9481.0 9954.0 10443.0 10878.0 11330.0 11835.999 12342.0 12841.0 13348.0 13841.0
 14313.0 14826.0 15328.0 15888.999 16361.0 16831.002 17312.0 17804.0 18267.0
 18721.0 19201.0 19679.0 20191.0 20683.0 21199.002 29870.0

 theta = 297.5924 300.4496 300.8142 303.2788 305.7706 308.5074 311.0645 313.7156
 316.1895 318.2611 319.9731 322.3978 324.89 327.6849 329.3629 331.6133 333.1885
 334.2248 336.2921 337.9 339.5067 341.3365 342.595 343.5854 344.655 345.6043
 347.0636 347.6107 348.0988 348.9892 350.1689 352.8745 355.242 358.9141 362.8484
 371.5976 381.916 388.507 398.8011 414.3179 431.6455 442.4644 457.3408 472.7966
 488.2108 506.0144 762.8471

 rt = 0.0185469 0.0165131 0.0164649 0.0146163 0.012772101 0.0109566 9.1329E-3
 8.561701E-3 7.4557E-3 6.7084003E-3 6.0460004E-3 5.2372E-3 4.3251E-3 3.5266E-3
 3.0717002E-3 2.2173E-3 1.999E-3 1.5877001E-3 9.643E-4 8.2470005E-4 6.192E-4
 4.209E-4 2.915E-4 2.2300001E-4 2.0560001E-4 1.231E-4 7.8100005E-5 5.0000002E-5
 3.26E-5 1.75E-5 9.200001E-6 5.5E-6 3.0E-6 1.7000001E-6 1.1000001E-6 1.1000001E-6
 1.2000002E-6 1.1000001E-6 1.1000001E-6 1.6E-6 2.8E-6 2.5000001E-6 2.9E-6
 3.1000001E-6 3.2E-6 3.3000001E-6 1.38000004E-5

 u = 0.0E+0 0.81 1.17 3.44 3.53 3.88 4.09 3.97 1.22 0.16 -1.22 -1.72 -2.77 -2.65
 -0.64 -0.07 -1.9 -2.7 -2.99 -3.66 -5.05 -6.64 -4.74 -5.3 -6.07 -4.26 -7.52 -8.88
 -9.0 -7.77 -5.37 -3.88 -1.15 -2.36 -9.2 -8.01 -5.68 -8.83 -14.51 -15.55 -15.36
 -17.67 -17.82 -18.94 -15.92 -15.32 -15.32

 v = -0.4 -3.51 -3.88 -4.77 -5.28 -5.85 -5.6 -2.67 -1.47 0.57 0.89 -0.08 1.11
 2.15 3.12 3.22 3.34 1.91 1.15 1.01 -0.57 -0.67 0.31 2.97 2.32 2.66 4.79 3.4 3.14
 3.93 7.57 2.58 2.5 6.44 6.84 0.19 -2.2 -3.6 0.56 6.68 9.41 7.03 5.32 1.14 -0.65
 5.27 5.27

 ug = 0.0E+0 0.81 1.17 3.44 3.53 3.88 4.09 3.97 1.22 0.16 -1.22 -1.72 -2.77 -2.65
 -0.64 -0.07 -1.9 -2.7 -2.99 -3.66 -5.05 -6.64 -4.74 -5.3 -6.07 -4.26 -7.52 -8.88
 -9.0 -7.77 -5.37 -3.88 -1.15 -2.36 -9.2 -8.01 -5.68 -8.83 -14.51 -15.55 -15.36
 -17.67 -17.82 -18.94 -15.92 -15.32 -15.32

 vg = -0.4 -3.51 -3.88 -4.77 -5.28 -5.85 -5.6 -2.67 -1.47 0.57 0.89 -0.08 1.11
 2.15 3.12 3.22 3.34 1.91 1.15 1.01 -0.57 -0.67 0.31 2.97 2.32 2.66 4.79 3.4 3.14
 3.93 7.57 2.58 2.5 6.44 6.84 0.19 -2.2 -3.6 0.56 6.68 9.41 7.03 5.32 1.14 -0.65
 5.27 5.27
 /

&scalar_sounding

/

