! $Id: mpace_model.in,v 1.6 2007-05-25 13:34:18 griffinb Exp $
! Parameter file for GCSS FIRE Sc case

&model_setting

runtype = "mpace"

nzmax = 56
deltaz = 50.0
zm_init = 0.0

day = 9, month = 10, year = 2004,
rlat = 71.75, rlon = -151.0

time_initial = 61200.0
time_final   = 104400.0
!time_final   = 61320.0
time_spinup  = 0.0

dtmain    = 10.0
dtclosure = 10.0

sfctype = 0
Tsfc = 274.01
psfc = 1010.e2
SE = 0.
LE = 0.

fcor = 1.e-4
T0   = 300.

cloud_sed     = .false.
kk_rain       = .false.
lcoamps_micro = .false.
licedfs       = .true.
lbugsrad      = .false.
lKhm_aniso    = .false.

/

&sounding

nlevels = 550
z = 0, 4.98162355134499, 10.0634270117872, 15.1573628814755, 19.9791695127134, 24.7725681515798, 29.5680445539126, 34.4964724857764, 39.7326069788742, 44.8074779183652, 49.7208624481855, 54.6364320607058, 59.6525665589567, 64.9006344548821, 69.9870788457028, 74.9116756616193, 79.9651875350453, 85.0350997851796, 90.1261319873338, 95.3887068501325, 100.061345056039, 104.900598363735, 109.890214503214, 115.327019168036, 120.271896078378, 124.724182356821, 129.920790241321, 135.070323148234, 140.123165223889, 145.079182712836, 149.739873230772, 154.402536964804, 159.364985944994, 164.677284721459, 170.091516268243, 175.061045121413, 180.032819495331, 185.006841827281, 189.983114558741, 194.812251565015, 199.294791867275, 204.626413596449, 210.110217458932, 215.097869515586, 220.010148514934, 224.891336905071, 229.774695612304, 234.660226954582, 239.547933253775, 244.514040056627, 249.660331756242, 254.680291048646, 259.688236650188, 264.698469682859, 269.811266491094, 274.969443257513, 280.130048141695, 285.163978346641, 290.185870379518, 295.210065170279, 300.337118789073, 305.315672918237, 309.843596150493, 314.725788749179, 319.775647844063, 324.957411955756, 330.040803254938, 335.072117661445, 340.004827714818, 344.973418436656, 350.022832101974, 354.995978339274, 359.937687063923, 364.734506440077, 369.517078224736, 374.353283134711, 379.21372804343, 384.218195643845, 389.358194080303, 395.152642723281, 400.048129401533, 404.559073992039, 409.478128820466, 414.45585222978, 419.537504646781, 424.56502402093, 429.538334782206, 434.450575677856, 439.337873755246, 444.512652796454, 449.812217570048, 455.114361917652, 460.419088855492, 465.440557121384, 470.341783665882, 474.933115590697, 479.392573382824, 484.411649000085, 489.991116838614, 495.331487808344, 500.109651764286, 504.889916464711, 509.728194374785, 514.574842031313, 519.423652248869, 524.274627345269, 529.165109911836, 534.095152752868, 539.232995231744, 544.578931851794, 549.824620591243, 554.969915261213, 560.083324591203, 564.890067421087, 569.698941293984, 574.55369470053, 579.429379554436, 584.447998829186, 589.609750543678, 594.739525807432, 599.561662949158, 604.385947559574, 609.519591478737, 614.787396614336, 619.811565298326, 624.591757442176, 629.374061805598, 634.517397346259, 639.703078546175, 644.718267943601, 649.562727563704, 654.464761229664, 659.867881360076, 665.224547748521, 670.141257068111, 675.060204778909, 679.612226402055, 684.125135853862, 689.091625029606, 694.512460729013, 699.727607943069, 704.736739522762, 709.710434472587, 714.64863811936, 719.589310714279, 724.532454854888, 729.494985486034, 734.612298746126, 739.767181862045, 745.006274379373, 749.807722531249, 754.422666521779, 759.235692365256, 764.135074512433, 769.141953669843, 774.396653918567, 779.654151550215, 784.725030332633, 789.777457241655, 794.418781439843, 799.016302353148, 803.938021743506, 809.00029223205, 814.130832588095, 819.292200974743, 824.456269457718, 829.571359898646, 834.223743500772, 838.977078380303, 844.621991777469, 849.96197191293, 854.585442004855, 859.257346703171, 864.348077442327, 869.421841161677, 874.321772464307, 879.224138527045, 884.227062833373, 889.330697325217, 894.543382539176, 899.865290178603, 904.614856042719, 909.302768690661, 913.958017084548, 918.611585057356, 923.99177770837, 929.685562213249, 934.450162592438, 939.113413568763, 944.051090968226, 949.107968904956, 954.016052568411, 958.775118460468, 964.060373522544, 969.34846392441, 974.114939766342, 978.913533900114, 983.744292241079, 989.060862707999, 994.398218335563, 999.654815982281, 1004.43597566917, 1008.7410038247, 1013.47870831163, 1018.6497127505, 1023.98025447099, 1029.47059123015, 1034.72849541276, 1039.43944946237, 1044.18539613704, 1049.22842412546, 1053.62516926397, 1058.49270878435, 1063.90390908491, 1068.73321000638, 1073.49986463109, 1078.74585112445, 1084.04766630516, 1089.35233788278, 1094.48875526048, 1099.22839133898, 1103.97426291959, 1108.75801376499, 1113.5876109378, 1118.81146404992, 1123.99056375909, 1128.74442958302, 1133.5005927236, 1138.68743002929, 1143.9246259795, 1148.77151501335, 1153.5770947644, 1158.86594466614, 1164.15366219984, 1168.92697512647, 1173.70260507562, 1178.83899416382, 1184.01791476764, 1188.89722557842, 1193.64932310901, 1198.62320671841, 1204.11202636148, 1208.83486246265, 1213.23023548828, 1218.50727756109, 1223.82716281764, 1228.62953040592, 1233.43424461517, 1238.79612024932, 1244.22260299658, 1249.42933007608, 1254.11880459058, 1258.81051719695, 1263.53997915546, 1268.59145863266, 1273.64553552183, 1278.63324043019, 1283.46246284453, 1288.30300901245, 1293.22652710017, 1298.2465787811, 1303.48879841875, 1308.73381628092, 1313.98163549228, 1319.23225918282, 1324.12190087594, 1328.97353705619, 1333.87368053948, 1338.80659682457, 1343.69021477134, 1348.5543833353, 1353.55431730465, 1358.86743205885, 1364.14728485759, 1369.099057964, 1374.05892676776, 1379.066980915, 1384.12116069953, 1389.27887794798, 1393.85915708218, 1398.44207680638, 1403.60909715073, 1408.77947701022, 1413.98556660731, 1419.25980118381, 1424.44036640322, 1429.17057670764, 1433.77389042168, 1438.96391411707, 1444.23308529721, 1449.4840843309, 1454.6193355104, 1459.17232571208, 1464.10766938257, 1469.42607518814, 1474.67197899561, 1479.236442075, 1484.33651567176, 1489.61401153636, 1494.77518767536, 1499.35117342944, 1503.92978495464, 1508.51102484558, 1513.42241578482, 1518.6645653625, 1523.91015883777, 1528.69977126662, 1533.35270955444, 1538.52582141654, 1543.70228472737, 1548.88210323298, 1554.00767135979, 1559.1301227232, 1564.25585786467, 1569.3848804195, 1574.51719402954, 1579.39594362723, 1584.02066261559, 1589.00807630891, 1594.15299539563, 1598.83774710485, 1603.53996325297, 1608.84154537159, 1614.0434509837, 1619.20448494323, 1623.90391678537, 1628.60610622571, 1633.77653087685, 1638.95029266832, 1644.12739533238, 1649.04874075738, 1653.71385530652, 1658.74485185616, 1663.93475113589, 1669.12800937389, 1674.27264747589, 1678.95245430155, 1683.81063897754, 1689.08187395475, 1694.3565711574, 1699.57606922051, 1704.27064879798, 1709.12459772856, 1714.34717094785, 1719.31176078073, 1724.07673038086, 1729.3744552602, 1734.38106889811, 1739.09602463946, 1743.81374571423, 1748.71130717554, 1754.0252868536, 1759.29680905306, 1764.55207226806, 1769.33734501634, 1774.07283129043, 1778.81110390499, 1783.55216571876, 1788.66510310905, 1793.93957166478, 1799.27689127317, 1804.26774411518, 1808.42915002964, 1813.48517533199, 1818.72299102377, 1823.48759563338, 1828.67229996277, 1834.03929616141, 1839.40986490348, 1844.48535281352, 1849.26520010883, 1854.0478794791, 1858.83339386008, 1864.05283719565, 1869.32358752358, 1874.16612541687, 1878.96357901365, 1884.24407023653, 1889.52801434055, 1894.33459952976, 1899.14404458732, 1903.95635249615, 1908.77152624424, 1913.58956882469, 1918.41048323568, 1923.23427248052, 1928.4834099511, 1933.8567430471, 1938.68975200227, 1943.8711802012, 1949.33253996335, 1954.17479960412, 1959.01995646335, 1963.86801358777, 1968.71897402937, 1973.63353258433, 1979.09765151652, 1984.26159335757, 1989.12478117739, 1993.99088826943, 1998.85991771836, 2003.73187261418, 2008.81574511516, 2014.39077408592, 2018.79252629364, 2023.24900864764, 2028.13563731479, 2033.51432939329, 2038.89658799515, 2043.79264879657, 2048.69166372459, 2053.59363592418, 2058.49856854576, 2063.89741747324, 2069.11562332835, 2073.41548706925, 2078.14796644854, 2083.06774862873, 2087.99051024897, 2093.49111908014, 2098.47889521351, 2102.85892432338, 2108.61643687442, 2113.63702282622, 2118.57832837011, 2123.52263643995, 2128.46995026516, 2133.42027308084, 2138.37360812777, 2143.32995865241, 2148.37200965351, 2154.16181891545, 2158.65175361688, 2163.3985817338, 2169.08066577726, 2173.6291875811, 2178.10911959538, 2183.08971150233, 2188.07334836367, 2193.06003348358, 2198.04977017207, 2203.042561745, 2208.03841152412, 2213.78742378013, 2219.04006230916, 2223.99008544087, 2228.44210829701, 2233.06365018069, 2238.07791928445, 2243.09527001233, 2248.11570573362, 2253.13922982357, 2258.75248571407, 2263.88738412364, 2268.29129588449, 2273.2642775825, 2278.30329435617, 2283.34541987711, 2288.39065756306, 2293.43901083787, 2298.49048313153, 2303.5450778802, 2308.6027985262, 2313.15742260794, 2317.71458397799, 2322.78107550239, 2328.21294273036, 2333.86591180917, 2338.21700791334, 2343.0784666943, 2348.16068817647, 2353.24606611689, 2357.88923071905, 2362.47137027162, 2368.20265163443, 2373.30049224712, 2377.76370619569, 2382.80368356769, 2387.91061866584, 2393.0207377193, 2398.13404428152, 2403.25054191246, 2408.37023417851, 2413.27350656376, 2417.66698610776, 2422.72239843588, 2427.85426295577, 2432.98933932024, 2438.12763113361, 2443.09770641323, 2447.6705481217, 2452.89977400168, 2458.64861536858, 2463.15852346832, 2467.99331786134, 2473.08904765449, 2477.6068943104, 2482.77319177772, 2488.58916210067, 2493.24490402101, 2643.70148004732, 2911.233873162, 3187.03826055165, 3471.44800144793, 3764.97227484156, 4068.25235277211, 4382.04074138949, 4707.12722739947, 5044.49657982919, 5395.50291197147, 5761.64879462018, 6144.46436312797, 6545.64143914609, 6967.23027134011, 7411.86172107267, 7882.93822076875, 8384.81054020582, 8923.64656479055, 9508.66446487749, 10152.0945019132, 11282.2754136228, 12141.0201393448, 13055.4953471445, 14026.3566311012, 15055.8638418216, 16147.9262452817, 17305.4328035178, 18528.2791854707, 19812.1640746876, 21152.3785818167, 22520.8603798943, 23884.6234283792, 25245.3767379404, 26603.0619083747, 27958.0422324119, 29309.8297731037, 30658.5924108426, 32007.1407954666, 33361.4416042029, 34728.1149033385, 36118.3184348737, 37555.0711555674, 39071.9968613148, 40711.1301519866, 42535.1937709759, 44638.3855510421, 47162.5212087141, 50302.3396827729, 54304.0596890392, 61898.3950415572

theta = 269.201146082537, 269.201073501614, 269.200999447636, 269.200925203212, 269.200854912494, 269.200785023755, 269.200715092602, 269.200643210016, 269.2005668254, 269.200492779485, 269.200421076817, 269.200349329504, 269.200276101191, 269.200199472753, 269.200125190328, 269.200053258486, 269.199979430289, 269.199905348912, 269.199830945236, 269.199754020094, 269.199685705992, 269.199614943773, 269.199541969863, 269.199462440718, 269.199390093833, 269.199324942778, 269.199248886626, 269.1991735053, 269.199099525685, 269.199026950512, 269.198958688145, 269.198890385316, 269.198817678258, 269.198739830866, 269.198660474269, 269.198587621951, 269.198514723544, 269.19844177899, 269.198368788228, 269.198297942987, 269.19823217131, 269.198153927215, 269.198073433935, 269.198000209401, 269.197928078434, 269.197856391216, 269.197784659372, 269.197712882844, 269.19764106158, 269.197568075176, 269.197492426674, 269.197418621536, 269.197344979569, 269.197271290507, 269.197196079084, 269.197120185888, 269.197044242673, 269.196970149816, 269.196896220581, 269.196822243884, 269.196746738692, 269.196673406896, 269.196606701106, 269.196534763822, 269.196460342534, 269.196383963045, 269.196309019518, 269.196234830037, 269.196162081281, 269.19608879008, 269.19601429302, 269.195940907727, 269.195867973108, 269.195797164292, 269.195726553415, 269.195655138114, 269.195583352124, 269.195509425648, 269.195433482989, 269.195347853783, 269.195275495086, 269.195208808695, 269.195136076542, 269.195062463573, 269.19498729979, 269.194912922913, 269.194839334498, 269.19476663653, 269.194694294694, 269.194617683416, 269.194539209632, 269.194460682367, 269.19438210155, 269.194307702637, 269.194235072008, 269.194167021798, 269.194100915161, 269.194026499835, 269.193943759733, 269.19386454939, 269.193793664719, 269.193722736417, 269.193650934624, 269.193578995804, 269.193507012043, 269.193434983283, 269.193362354882, 269.193289125733, 269.193212795848, 269.193133359094, 269.193055396739, 269.192978911816, 269.192902886497, 269.192831407574, 269.192759884284, 269.192687665749, 269.192615122825, 269.19254043962, 269.192463611999, 269.192387245815, 269.192315446205, 269.192243601828, 269.192167136342, 269.192088657455, 269.192013793994, 269.191942553042, 269.191871268017, 269.191794587397, 269.191717260694, 269.19164246219, 269.191570196841, 269.191497059472, 269.191416430624, 269.191336479074, 269.191263080202, 269.191189634544, 269.191121655607, 269.191488290551, 269.202855225638, 269.215250628193, 269.227164431176, 269.238597167606, 269.249938884519, 269.261189647965, 269.272436018493, 269.283677961972, 269.294953855321, 269.306570780206, 269.318262015798, 269.330132919884, 269.341002150806, 269.351440109056, 269.36231658497, 269.373378225226, 269.384672137458, 269.396513687663, 269.408349862701, 269.419754809231, 269.431107394974, 269.441526675335, 269.451838562343, 269.462867587297, 269.474200744479, 269.48567551266, 269.497207797976, 269.508734614987, 269.520140740186, 269.530505231145, 269.541084912228, 269.553636241833, 269.565496766762, 269.575755796481, 269.586112786043, 269.597387349412, 269.608612993148, 269.619443263938, 269.63026830354, 269.641304421866, 269.652551262163, 269.664026467019, 269.675729629632, 269.686163507882, 269.696452054429, 269.7066591703, 269.716852880593, 269.728626135657, 269.741071405424, 269.751474448498, 269.761646260575, 269.772405928434, 269.783413871484, 269.794086791035, 269.804425179234, 269.815894518881, 269.827357223115, 269.837678270189, 269.848058327813, 269.858497264364, 269.869973579378, 269.881481637401, 269.892802693841, 269.903088689638, 269.912341279036, 269.922513842469, 269.933604839, 269.945024964856, 269.956773556404, 269.968011547635, 269.978069504611, 269.988191632681, 269.998935764041, 270.008293218686, 270.018642011973, 270.030133531045, 270.040377592813, 270.050477924896, 270.061581469853, 270.072789882742, 270.083990933185, 270.094823913042, 270.104808875448, 270.114796201974, 270.124852318238, 270.134993668081, 270.145950268123, 270.156800033687, 270.166747588853, 270.176689032856, 270.187518215443, 270.198439322013, 270.208534673821, 270.218532723529, 270.22952324199, 270.24049779209, 270.250392997834, 270.260281874305, 270.270905327972, 270.281603671979, 270.291671068609, 270.301464755364, 270.311703637429, 270.322988399327, 270.33268645163, 270.341702191975, 270.352513795398, 270.363399234652, 270.373213703233, 270.383021523809, 270.393953142052, 270.40500192929, 270.41558949748, 270.425113700694, 270.434631470526, 270.444214693354, 270.454438062563, 270.464653905604, 270.474723040656, 270.484460340357, 270.494208718142, 270.504112107672, 270.514197106752, 270.524714874744, 270.535224383076, 270.545725600208, 270.556218494649, 270.565977451984, 270.575648583887, 272.557155067487, 272.600581527769, 272.643547332533, 272.68631567357, 272.730250350001, 272.776906561452, 272.823239684564, 272.866665696157, 272.910135498757, 272.954000007827, 272.998240422221, 273.043358046389, 273.08339987103, 273.123441632772, 273.168559035339, 273.213676357862, 273.259075582754, 273.3050386904, 273.350155770182, 273.391325035288, 273.431366310992, 273.476483165267, 273.522257891164, 273.56784454781, 273.612397200447, 273.651874168402, 273.694640813594, 273.740697119105, 273.786095394454, 273.825572088612, 273.869654323325, 273.915240347633, 273.959792381496, 273.999268800526, 274.038745156842, 274.078221450372, 274.120517409405, 274.165633019414, 274.210748547125, 274.251916394262, 274.291885796568, 274.336296167544, 274.380706458393, 274.425116669012, 274.469033353852, 274.512895132866, 274.556756833329, 274.600618455141, 274.644479998206, 274.686148391091, 274.72562364495, 274.768169124658, 274.812030366009, 274.851944026795, 274.891982939212, 274.937097127443, 274.981334013676, 275.025194869092, 275.065108178259, 275.105021421351, 275.148882051755, 275.192742602176, 275.236603072515, 275.278270445069, 275.317744731185, 275.36028916666, 275.404149330158, 275.448009413089, 275.491430815727, 275.530904749432, 275.571858886422, 275.616266907005, 275.66067484449, 275.704589278623, 275.744062857756, 275.784852153629, 275.828711532949, 275.870377867764, 275.910344585464, 275.954751969958, 275.996692200486, 276.036165290174, 276.075638313405, 276.11659150468, 276.160998498525, 276.205021644901, 276.248880238636, 276.288791487192, 276.32826408328, 276.367736612344, 276.407209074307, 276.449751541422, 276.493609673148, 276.537961124301, 276.579406902816, 276.61394499472, 276.655884036748, 276.699303199775, 276.738775095022, 276.781700704109, 276.826106422083, 276.870512053986, 276.912450627207, 276.951922155226, 276.991393614986, 277.030865006408, 277.073888745125, 277.117307114529, 277.157172998805, 277.196644102339, 277.240062236817, 277.283480287996, 277.322951171241, 277.362421985477, 277.401892730623, 277.441363406598, 277.480834013321, 277.520304550711, 277.559775018686, 277.602699073724, 277.646609803493, 277.686080048794, 277.72836951992, 277.772914342796, 277.812384364585, 277.851854316354, 277.891324198019, 277.930794009499, 277.97075712203, 278.015160495806, 278.057096933619, 278.096566449411, 278.136035894586, 278.175505269058, 278.214974572744, 278.256135342525, 278.301242946808, 278.336835600311, 278.372851077948, 278.412320026442, 278.45573578744, 278.49915146206, 278.538620182121, 278.578088830615, 278.61755740746, 278.65702591257, 278.700441185233, 278.742376309166, 278.776911056077, 278.814899213934, 278.854367359075, 278.893835431964, 278.937908027861, 278.977845803279, 279.012897013225, 279.058942751591, 279.099068242908, 279.138535865888, 279.178003415986, 279.217470893115, 279.256938297188, 279.296405628114, 279.335872885807, 279.375997855962, 279.422042810175, 279.457727580873, 279.495432622128, 279.540537629858, 279.576621566661, 279.612141631644, 279.651608300261, 279.691074894842, 279.730541415294, 279.770007861528, 279.809474233454, 279.84894053098, 279.894326681041, 279.935766123204, 279.974793670688, 280.009874549838, 280.046270899436, 280.085736748653, 280.12520252283, 280.164668221877, 280.204133845701, 280.24820370329, 280.288491363955, 280.323023581895, 280.361995586908, 280.401460833224, 280.440926003759, 280.48039109842, 280.519856117114, 280.559321059745, 280.59878592622, 280.638250716445, 280.673768962375, 280.709287146397, 280.748751722618, 280.791035112125, 280.835009743793, 280.868836318641, 280.906609260449, 280.946073452666, 280.985537567795, 281.021548505505, 281.057066079672, 281.101462959257, 281.140926769917, 281.175457540622, 281.214427910434, 281.253891498808, 281.293355009339, 281.332818441931, 281.372281796486, 281.411745072903, 281.449516992771, 281.483342531752, 281.522241830356, 281.561704808962, 281.601167708959, 281.640630530248, 281.678777849251, 281.713855778669, 281.753944764431, 281.797987745509, 281.832517373686, 281.869513336506, 281.908482341886, 281.943011775559, 281.982473910866, 282.026868717844, 282.062384490724, 283.198854405944, 284.638802187032, 285.791582265298, 286.842606537246, 287.872154800676, 288.940462570195, 290.055085025458, 291.113003883643, 292.382821220545, 293.996580581494, 295.768215807033, 297.596819425243, 299.474541199635, 301.523704056323, 303.926078402368, 306.872888517712, 310.521102975158, 315.772330760046, 323.548513128816, 333.720271096798, 350.865298573711, 366.276546736211, 381.806891227195, 397.99235798694, 415.999420476811, 436.32556607257, 458.029434683569, 480.296365191983, 504.796112156875, 532.360591304808, 563.362208366231, 597.402944269303, 633.86131006934, 672.495256087371, 713.195425440305, 756.407611078411, 802.655039365586, 854.595018636214, 914.86494414573, 983.640255175648, 1057.79954528906, 1134.41860479313, 1215.67214698048, 1309.58145043015, 1430.12494661507, 1594.86030754044, 1824.25119729287, 2128.03557183719, 2510.49555438687, 3306.26335952531
rt = 0.00195, 0.00195, 0.00195, 0.00195, 0.00195, 0.00195, 0.00195, 0.00195, 0.00195, 0.00195, 0.00195, 0.00195, 0.00195, 0.00195, 0.00195, 0.00195, 0.00195, 0.00195, 0.00195, 0.00195, 0.00195, 0.00195, 0.00195, 0.00195, 0.00195, 0.00195, 0.00195, 0.00195, 0.00195, 0.00195, 0.00195, 0.00195, 0.00195, 0.00195, 0.00195, 0.00195, 0.00195, 0.00195, 0.00195, 0.00195, 0.00195, 0.00195, 0.00195, 0.00195, 0.00195, 0.00195, 0.00195, 0.00195, 0.00195, 0.00195, 0.00195, 0.00195, 0.00195, 0.00195, 0.00195, 0.00195, 0.00195, 0.00195, 0.00195, 0.00195, 0.00195, 0.00195, 0.00195, 0.00195, 0.00195, 0.00195, 0.00195, 0.00195, 0.00195, 0.00195, 0.00195, 0.00195, 0.00195, 0.00195, 0.00195, 0.00195, 0.00195, 0.00195, 0.00195, 0.00195, 0.00195, 0.00195, 0.00195, 0.00195, 0.00195, 0.00195, 0.00195, 0.00195, 0.00195, 0.00195, 0.00195, 0.00195, 0.00195, 0.00195, 0.00195, 0.00195, 0.00195, 0.00195, 0.00195, 0.00195, 0.00195, 0.00195, 0.00195, 0.00195, 0.00195, 0.00195, 0.00195, 0.00195, 0.00195, 0.00195, 0.00195, 0.00195, 0.00195, 0.00195, 0.00195, 0.00195, 0.00195, 0.00195, 0.00195, 0.00195, 0.00195, 0.00195, 0.00195, 0.00195, 0.00195, 0.00195, 0.00195, 0.00195, 0.00195, 0.00195, 0.00195, 0.00195, 0.00195, 0.00195, 0.00195, 0.00195, 0.00195, 0.00195, 0.00195, 0.00195, 0.00195, 0.00195, 0.00195, 0.00195, 0.00195, 0.00195, 0.00195, 0.00195, 0.00195, 0.00195, 0.00195, 0.00195, 0.00195, 0.00195, 0.00195, 0.00195, 0.00195, 0.00195, 0.00195, 0.00195, 0.00195, 0.00195, 0.00195, 0.00195, 0.00195, 0.00195, 0.00195, 0.00195, 0.00195, 0.00195, 0.00195, 0.00195, 0.00195, 0.00195, 0.00195, 0.00195, 0.00195, 0.00195, 0.00195, 0.00195, 0.00195, 0.00195, 0.00195, 0.00195, 0.00195, 0.00195, 0.00195, 0.00195, 0.00195, 0.00195, 0.00195, 0.00195000000000001, 0.00195, 0.00195, 0.00195, 0.00195, 0.00195, 0.00195, 0.00195, 0.00195, 0.00195, 0.00195, 0.00195, 0.00194999999999999, 0.00195, 0.00195, 0.00195, 0.00195, 0.00195, 0.00195, 0.00195, 0.00195, 0.00195, 0.00195, 0.00195000000000001, 0.00195000000000001, 0.00195, 0.00194999999999999, 0.00195, 0.00195, 0.00195, 0.00195, 0.00195, 0.00195, 0.00195, 0.00195, 0.00195, 0.00195, 0.00195, 0.00195, 0.00195, 0.00195, 0.00195, 0.00195, 0.00195, 0.00195, 0.00195, 0.00195, 0.00195, 0.00195, 0.00195, 0.00195, 0.00195, 0.00195, 0.00195, 0.00195, 0.00195, 0.00195, 0.00195, 0.00195, 0.00195, 0.00195, 0.00195, 0.00195, 0.00195, 0.00195, 0.00195, 0.00195, 0.00195, 0.00195, 0.00195, 0.00195, 0.00195, 0.00195, 0.00195, 0.00195, 0.00195, 0.0008210226, 0.0008199006, 0.0008187905, 0.0008176855, 0.000816550363636363, 0.000815344909090909, 0.0008141478, 0.0008130258, 0.000811902666666667, 0.000810769333333333, 0.000809626285714286, 0.000808460571428572, 0.000807426, 0.000806391428571429, 0.000805225714285714, 0.00080406, 0.000802887, 0.000801699428571429, 0.000800533714285714, 0.00079947, 0.000798435428571429, 0.000797269714285714, 0.000796087, 0.000794909142857143, 0.000793758, 0.000792738, 0.000791633, 0.000790443, 0.00078927, 0.00078825, 0.000787111, 0.000785933142857143, 0.000784782, 0.000783762, 0.000782742, 0.000781722, 0.000780629142857143, 0.000779463428571429, 0.000778297714285714, 0.000777234, 0.00077620125, 0.00077505375, 0.00077390625, 0.00077275875, 0.000771624, 0.000770490666666667, 0.000769357333333333, 0.000768224, 0.000767090666666667, 0.000766014, 0.000764994, 0.000763894666666667, 0.000762761333333334, 0.00076173, 0.000760695428571429, 0.000759529714285714, 0.000758386666666667, 0.000757253333333334, 0.000756222, 0.000755190666666667, 0.000754057333333333, 0.000752924, 0.000751790666666667, 0.000750714, 0.000749694, 0.000748594666666667, 0.000747461333333334, 0.000746328, 0.000745206, 0.000744186, 0.00074312775, 0.00074198025, 0.00074083275, 0.000739698, 0.000738678, 0.000737624, 0.000736490666666667, 0.000735414, 0.00073438125, 0.00073323375, 0.00073215, 0.00073113, 0.00073011, 0.00072905175, 0.00072790425, 0.000726766666666667, 0.000725633333333333, 0.000724602, 0.000723582, 0.000722562, 0.000721542, 0.000720442666666667, 0.000719309333333333, 0.00071816325, 0.00071709225, 0.00071619975, 0.000715116, 0.000713994, 0.000712974, 0.00071186475, 0.00071071725, 0.00070956975, 0.000708486, 0.000707466, 0.000706446, 0.000705426, 0.0007043142, 0.0007031922, 0.000702162, 0.000701142, 0.00070002, 0.000698898, 0.000697878, 0.000696858, 0.000695838, 0.000694818, 0.000693798, 0.000692778, 0.000691758, 0.00069064875, 0.000689514, 0.000688494, 0.000687401142857143, 0.00068625, 0.00068523, 0.00068421, 0.00068319, 0.00068217, 0.00068113725, 0.00067998975, 0.000678906, 0.000677886, 0.000676866, 0.000675846, 0.000674826, 0.000673762285714286, 0.000672596571428571, 0.00067167675, 0.000670746, 0.000669726, 0.000668604, 0.000667482, 0.000666462, 0.000665442, 0.000664422, 0.000663402, 0.00066228, 0.00066119625, 0.00066030375, 0.000659322, 0.000658302, 0.000657282, 0.000656143, 0.000655110857142857, 0.000654205, 0.000653015, 0.000651978, 0.000650958, 0.000649938, 0.000648918, 0.000647898, 0.000646878, 0.000645858, 0.000644821, 0.000643631, 0.00064270875, 0.000641734285714286, 0.000640568571428572, 0.000639636, 0.000638718, 0.000637698, 0.000636678, 0.000635658, 0.000634638, 0.000633618, 0.000632598, 0.000631425, 0.000630354, 0.000629345333333334, 0.000628438666666667, 0.000627498, 0.000626478, 0.000625458, 0.000624438, 0.000623418, 0.000622279, 0.00062123775, 0.00062034525, 0.000619338, 0.000618318, 0.000617298, 0.000616278, 0.000615258, 0.000614238, 0.000613218, 0.000612198, 0.00061128, 0.000610362, 0.000609342, 0.000608249142857143, 0.000607112571428571, 0.000606238285714286, 0.000605262, 0.000604242, 0.000603222, 0.00060229125, 0.00060137325, 0.00060022575, 0.00059920575, 0.00059831325, 0.000597306, 0.000596286, 0.000595266, 0.000594246, 0.000593226, 0.000592206, 0.000591229714285714, 0.000590355428571429, 0.00058935, 0.00058833, 0.00058731, 0.00058629, 0.000585304, 0.000584397333333333, 0.000583361142857143, 0.00058222275, 0.00058133025, 0.000580374, 0.00057936675, 0.00057847425, 0.00057745425, 0.00057630675, 0.00057538875, 0.000546, 0.000495, 0.000444, 0.000393, 0.000342, 0.000305036, 0.000232178, 0.00018755, 0.000135616, 7.32589e-05, 4.66535e-05, 4.01219e-05, 3.53025e-05, 3.06918e-05, 3.04626e-05, 2.55239e-05, 2.11795e-05, 2.04447e-05, 1.38302e-05, 7.65176e-06, 6.1661e-06, 3.1852e-06, 2.302e-06, 2.1825e-06, 2.1807e-06, 2.1881e-06, 2.1876e-06, 2.1868e-06, 2.1989e-06, 2.2476e-06, 2.3292e-06, 2.4272e-06, 2.5379e-06, 2.6345e-06, 2.7363e-06, 2.8456e-06, 2.9855e-06, 3.1293e-06, 3.2682e-06, 3.4056e-06, 3.5385e-06, 3.6499e-06, 3.7588e-06, 3.8831e-06, 3.9639e-06, 4.0049e-06, 4.0137e-06, 3.9958e-06, 3.9633e-06, 0.0039349

u = -13, -13, -13, -13, -13, -13, -13, -13, -13, -13, -13, -13, -13, -13, -13, -13, -13, -13, -13, -13, -13, -13, -13, -13, -13, -13, -13, -13, -13, -13, -13, -13, -13, -13, -13, -13, -13, -13, -13, -13, -13, -13, -13, -13, -13, -13, -13, -13, -13, -13, -13, -13, -13, -13, -13, -13, -13, -13, -13, -13, -13, -13, -13, -13, -13, -13, -13, -13, -13, -13, -13, -13, -13, -13, -13, -13, -13, -13, -13, -13, -13, -13, -13, -13, -13, -13, -13, -13, -13, -13, -13, -13, -13, -13, -13, -13, -13, -13, -13, -13, -13, -13, -13, -13, -13, -13, -13, -13, -13, -13, -13, -13, -13, -13, -13, -13, -13, -13, -13, -13, -13, -13, -13, -13, -13, -13, -13, -13, -13, -13, -13, -13, -13, -13, -13, -13, -13, -13, -13, -13, -13, -13, -13, -13, -13, -13, -13, -13, -13, -13, -13, -13, -13, -13, -13, -13, -13, -13, -13, -13, -13, -13, -13, -13, -13, -13, -13, -13, -13, -13, -13, -13, -13, -13, -13, -13, -13, -13, -13, -13, -13, -13, -13, -13, -13, -13, -13, -13, -13, -13, -13, -13, -13, -13, -13, -13, -13, -13, -13, -13, -13, -13, -13, -13, -13, -13, -13, -13, -13, -13, -13, -13, -13, -13, -13, -13, -13, -13, -13, -13, -13, -13, -13, -13, -13, -13, -13, -13, -13, -13, -13, -13, -13, -13, -13, -13, -13, -13, -13, -13, -13, -13, -13, -13, -13, -13, -13, -13, -13, -13, -13, -13, -13, -13, -13, -13, -13, -13, -13, -13, -13, -13, -13, -13, -13, -13, -13, -13, -13, -13, -13, -13, -13, -13, -13, -13, -13, -13, -13, -13, -13, -13, -13, -13, -13, -13, -13, -13, -13, -13, -13, -13, -13, -13, -13, -13, -13, -13, -13, -13, -13, -13, -13, -13, -13, -13, -13, -13, -13, -13, -13, -13, -13, -13, -13, -13, -13, -13, -13, -13, -13, -13, -13, -13, -13, -13, -13, -13, -13, -13, -13, -13, -13, -13, -13, -13, -13, -13, -13, -13, -13, -13, -13, -13, -13, -13, -13, -13, -13, -13, -13, -13, -13, -13, -13, -13, -13, -13, -13, -13, -13, -13, -13, -13, -13, -13, -13, -13, -13, -13, -13, -13, -13, -13, -13, -13, -13, -13, -13, -13, -13, -13, -13, -13, -13, -13, -13, -13, -13, -13, -13, -13, -13, -13, -13, -13, -13, -13, -13, -13, -13, -13, -13, -13, -13, -13, -13, -13, -13, -13, -13, -13, -13, -13, -13, -13, -13, -13, -13, -13, -13, -13, -13, -13, -13, -13, -13, -13, -13, -13, -13, -13, -13, -13, -13, -13, -13, -13, -13, -13, -13, -13, -13, -13, -13, -13, -13, -13, -13, -13, -13, -13, -13, -13, -13, -13, -13, -13, -13, -13, -13, -13, -13, -13, -13, -13, -13, -13, -13, -13, -13, -13, -13, -13, -13, -13, -13, -13, -13, -13, -13, -13, -13, -13, -13, -13, -13, -13, -13, -13, -13, -13, -13, -13, -13, -13, -13, -13, -13, -13, -8.72298, -7.7438, -6.80042, -5.41849, -3.9616, -2.76633, -1.92539, -0.237805, 2.16313, 1.91719, 2.58362, 3.92601, 5.3918, 6.56384, 7.62107, 8.78444, 9.95788, 10.8944, 11.4044, 11.1024, 11.1024, 11.1024, 11.1024, 11.1024, 11.1024, 11.1024, 11.1024, 11.1024, 11.1024, 11.1024, 11.1024, 11.1024, 11.1024, 11.1024, 11.1024, 11.1024, 11.1024, 11.1024, 11.1024, 11.1024, 11.1024, 11.1024, 11.1024, 11.1024, 11.1024, 11.1024, 11.1024, 11.1024, 11.1024, 11.1024
v = -3, -3, -3, -3, -3, -3, -3, -3, -3, -3, -3, -3, -3, -3, -3, -3, -3, -3, -3, -3, -3, -3, -3, -3, -3, -3, -3, -3, -3, -3, -3, -3, -3, -3, -3, -3, -3, -3, -3, -3, -3, -3, -3, -3, -3, -3, -3, -3, -3, -3, -3, -3, -3, -3, -3, -3, -3, -3, -3, -3, -3, -3, -3, -3, -3, -3, -3, -3, -3, -3, -3, -3, -3, -3, -3, -3, -3, -3, -3, -3, -3, -3, -3, -3, -3, -3, -3, -3, -3, -3, -3, -3, -3, -3, -3, -3, -3, -3, -3, -3, -3, -3, -3, -3, -3, -3, -3, -3, -3, -3, -3, -3, -3, -3, -3, -3, -3, -3, -3, -3, -3, -3, -3, -3, -3, -3, -3, -3, -3, -3, -3, -3, -3, -3, -3, -3, -3, -3, -3, -3, -3, -3, -3, -3, -3, -3, -3, -3, -3, -3, -3, -3, -3, -3, -3, -3, -3, -3, -3, -3, -3, -3, -3, -3, -3, -3, -3, -3, -3, -3, -3, -3, -3, -3, -3, -3, -3, -3, -3, -3, -3, -3, -3, -3, -3, -3, -3, -3, -3, -3, -3, -3, -3, -3, -3, -3, -3, -3, -3, -3, -3, -3, -3, -3, -3, -3, -3, -3, -3, -3, -3, -3, -3, -3, -3, -3, -3, -3, -3, -3, -3, -3, -3, -3, -3, -3, -3, -3, -3, -3, -3, -3, -3, -3, -3, -3, -3, -3, -3, -3, -3, -3, -3, -3, -3, -3, -3, -3, -3, -3, -3, -3, -3, -3, -3, -3, -3, -3, -3, -3, -3, -3, -3, -3, -3, -3, -3, -3, -3, -3, -3, -3, -3, -3, -3, -3, -3, -3, -3, -3, -3, -3, -3, -3, -3, -3, -3, -3, -3, -3, -3, -3, -3, -3, -3, -3, -3, -3, -3, -3, -3, -3, -3, -3, -3, -3, -3, -3, -3, -3, -3, -3, -3, -3, -3, -3, -3, -3, -3, -3, -3, -3, -3, -3, -3, -3, -3, -3, -3, -3, -3, -3, -3, -3, -3, -3, -3, -3, -3, -3, -3, -3, -3, -3, -3, -3, -3, -3, -3, -3, -3, -3, -3, -3, -3, -3, -3, -3, -3, -3, -3, -3, -3, -3, -3, -3, -3, -3, -3, -3, -3, -3, -3, -3, -3, -3, -3, -3, -3, -3, -3, -3, -3, -3, -3, -3, -3, -3, -3, -3, -3, -3, -3, -3, -3, -3, -3, -3, -3, -3, -3, -3, -3, -3, -3, -3, -3, -3, -3, -3, -3, -3, -3, -3, -3, -3, -3, -3, -3, -3, -3, -3, -3, -3, -3, -3, -3, -3, -3, -3, -3, -3, -3, -3, -3, -3, -3, -3, -3, -3, -3, -3, -3, -3, -3, -3, -3, -3, -3, -3, -3, -3, -3, -3, -3, -3, -3, -3, -3, -3, -3, -3, -3, -3, -3, -3, -3, -3, -3, -3, -3, -3, -3, -3, -3, -3, -3, -3, -3, -3, -3, -3, -3, -3, -3, -3, -3, -3, -3, -3, -3, -3, -3, -3, -3, -3, -3, -3, -3, -3, -3.61191, -3.47198, -3.72347, -3.76175, -4.43144, -5.06971, -5.18888, -5.4729, -6.00701, -6.58335, -6.81496, -7.34561, -7.957, -8.64861, -9.41147, -10.3541, -11.024, -11.4364, -11.0951, -9.56115, -9.56115, -9.56115, -9.56115, -9.56115, -9.56115, -9.56115, -9.56115, -9.56115, -9.56115, -9.56115, -9.56115, -9.56115, -9.56115, -9.56115, -9.56115, -9.56115, -9.56115, -9.56115, -9.56115, -9.56115, -9.56115, -9.56115, -9.56115, -9.56115, -9.56115, -9.56115, -9.56115, -9.56115, -9.56115, -9.56115

ug = -13, -13, -13, -13, -13, -13, -13, -13, -13, -13, -13, -13, -13, -13, -13, -13, -13, -13, -13, -13, -13, -13, -13, -13, -13, -13, -13, -13, -13, -13, -13, -13, -13, -13, -13, -13, -13, -13, -13, -13, -13, -13, -13, -13, -13, -13, -13, -13, -13, -13, -13, -13, -13, -13, -13, -13, -13, -13, -13, -13, -13, -13, -13, -13, -13, -13, -13, -13, -13, -13, -13, -13, -13, -13, -13, -13, -13, -13, -13, -13, -13, -13, -13, -13, -13, -13, -13, -13, -13, -13, -13, -13, -13, -13, -13, -13, -13, -13, -13, -13, -13, -13, -13, -13, -13, -13, -13, -13, -13, -13, -13, -13, -13, -13, -13, -13, -13, -13, -13, -13, -13, -13, -13, -13, -13, -13, -13, -13, -13, -13, -13, -13, -13, -13, -13, -13, -13, -13, -13, -13, -13, -13, -13, -13, -13, -13, -13, -13, -13, -13, -13, -13, -13, -13, -13, -13, -13, -13, -13, -13, -13, -13, -13, -13, -13, -13, -13, -13, -13, -13, -13, -13, -13, -13, -13, -13, -13, -13, -13, -13, -13, -13, -13, -13, -13, -13, -13, -13, -13, -13, -13, -13, -13, -13, -13, -13, -13, -13, -13, -13, -13, -13, -13, -13, -13, -13, -13, -13, -13, -13, -13, -13, -13, -13, -13, -13, -13, -13, -13, -13, -13, -13, -13, -13, -13, -13, -13, -13, -13, -13, -13, -13, -13, -13, -13, -13, -13, -13, -13, -13, -13, -13, -13, -13, -13, -13, -13, -13, -13, -13, -13, -13, -13, -13, -13, -13, -13, -13, -13, -13, -13, -13, -13, -13, -13, -13, -13, -13, -13, -13, -13, -13, -13, -13, -13, -13, -13, -13, -13, -13, -13, -13, -13, -13, -13, -13, -13, -13, -13, -13, -13, -13, -13, -13, -13, -13, -13, -13, -13, -13, -13, -13, -13, -13, -13, -13, -13, -13, -13, -13, -13, -13, -13, -13, -13, -13, -13, -13, -13, -13, -13, -13, -13, -13, -13, -13, -13, -13, -13, -13, -13, -13, -13, -13, -13, -13, -13, -13, -13, -13, -13, -13, -13, -13, -13, -13, -13, -13, -13, -13, -13, -13, -13, -13, -13, -13, -13, -13, -13, -13, -13, -13, -13, -13, -13, -13, -13, -13, -13, -13, -13, -13, -13, -13, -13, -13, -13, -13, -13, -13, -13, -13, -13, -13, -13, -13, -13, -13, -13, -13, -13, -13, -13, -13, -13, -13, -13, -13, -13, -13, -13, -13, -13, -13, -13, -13, -13, -13, -13, -13, -13, -13, -13, -13, -13, -13, -13, -13, -13, -13, -13, -13, -13, -13, -13, -13, -13, -13, -13, -13, -13, -13, -13, -13, -13, -13, -13, -13, -13, -13, -13, -13, -13, -13, -13, -13, -13, -13, -13, -13, -13, -13, -13, -13, -13, -13, -13, -13, -13, -13, -13, -13, -13, -13, -13, -13, -13, -13, -13, -13, -13, -13, -13, -13, -13, -13, -13, -13, -13, -13, -13, -13, -13, -13, -13, -13, -13, -13, -13, -13, -13, -13, -13, -13, -13, -13, -13, -13, -13, -13, -8.72298, -7.7438, -6.80042, -5.41849, -3.9616, -2.76633, -1.92539, -0.237805, 2.16313, 1.91719, 2.58362, 3.92601, 5.3918, 6.56384, 7.62107, 8.78444, 9.95788, 10.8944, 11.4044, 11.1024, 11.1024, 11.1024, 11.1024, 11.1024, 11.1024, 11.1024, 11.1024, 11.1024, 11.1024, 11.1024, 11.1024, 11.1024, 11.1024, 11.1024, 11.1024, 11.1024, 11.1024, 11.1024, 11.1024, 11.1024, 11.1024, 11.1024, 11.1024, 11.1024, 11.1024, 11.1024, 11.1024, 11.1024, 11.1024, 11.1024
vg = -3, -3, -3, -3, -3, -3, -3, -3, -3, -3, -3, -3, -3, -3, -3, -3, -3, -3, -3, -3, -3, -3, -3, -3, -3, -3, -3, -3, -3, -3, -3, -3, -3, -3, -3, -3, -3, -3, -3, -3, -3, -3, -3, -3, -3, -3, -3, -3, -3, -3, -3, -3, -3, -3, -3, -3, -3, -3, -3, -3, -3, -3, -3, -3, -3, -3, -3, -3, -3, -3, -3, -3, -3, -3, -3, -3, -3, -3, -3, -3, -3, -3, -3, -3, -3, -3, -3, -3, -3, -3, -3, -3, -3, -3, -3, -3, -3, -3, -3, -3, -3, -3, -3, -3, -3, -3, -3, -3, -3, -3, -3, -3, -3, -3, -3, -3, -3, -3, -3, -3, -3, -3, -3, -3, -3, -3, -3, -3, -3, -3, -3, -3, -3, -3, -3, -3, -3, -3, -3, -3, -3, -3, -3, -3, -3, -3, -3, -3, -3, -3, -3, -3, -3, -3, -3, -3, -3, -3, -3, -3, -3, -3, -3, -3, -3, -3, -3, -3, -3, -3, -3, -3, -3, -3, -3, -3, -3, -3, -3, -3, -3, -3, -3, -3, -3, -3, -3, -3, -3, -3, -3, -3, -3, -3, -3, -3, -3, -3, -3, -3, -3, -3, -3, -3, -3, -3, -3, -3, -3, -3, -3, -3, -3, -3, -3, -3, -3, -3, -3, -3, -3, -3, -3, -3, -3, -3, -3, -3, -3, -3, -3, -3, -3, -3, -3, -3, -3, -3, -3, -3, -3, -3, -3, -3, -3, -3, -3, -3, -3, -3, -3, -3, -3, -3, -3, -3, -3, -3, -3, -3, -3, -3, -3, -3, -3, -3, -3, -3, -3, -3, -3, -3, -3, -3, -3, -3, -3, -3, -3, -3, -3, -3, -3, -3, -3, -3, -3, -3, -3, -3, -3, -3, -3, -3, -3, -3, -3, -3, -3, -3, -3, -3, -3, -3, -3, -3, -3, -3, -3, -3, -3, -3, -3, -3, -3, -3, -3, -3, -3, -3, -3, -3, -3, -3, -3, -3, -3, -3, -3, -3, -3, -3, -3, -3, -3, -3, -3, -3, -3, -3, -3, -3, -3, -3, -3, -3, -3, -3, -3, -3, -3, -3, -3, -3, -3, -3, -3, -3, -3, -3, -3, -3, -3, -3, -3, -3, -3, -3, -3, -3, -3, -3, -3, -3, -3, -3, -3, -3, -3, -3, -3, -3, -3, -3, -3, -3, -3, -3, -3, -3, -3, -3, -3, -3, -3, -3, -3, -3, -3, -3, -3, -3, -3, -3, -3, -3, -3, -3, -3, -3, -3, -3, -3, -3, -3, -3, -3, -3, -3, -3, -3, -3, -3, -3, -3, -3, -3, -3, -3, -3, -3, -3, -3, -3, -3, -3, -3, -3, -3, -3, -3, -3, -3, -3, -3, -3, -3, -3, -3, -3, -3, -3, -3, -3, -3, -3, -3, -3, -3, -3, -3, -3, -3, -3, -3, -3, -3, -3, -3, -3, -3, -3, -3, -3, -3, -3, -3, -3, -3, -3, -3, -3, -3, -3, -3, -3, -3, -3, -3, -3, -3, -3, -3, -3, -3, -3, -3, -3, -3, -3, -3.61191, -3.47198, -3.72347, -3.76175, -4.43144, -5.06971, -5.18888, -5.4729, -6.00701, -6.58335, -6.81496, -7.34561, -7.957, -8.64861, -9.41147, -10.3541, -11.024, -11.4364, -11.0951, -9.56115, -9.56115, -9.56115, -9.56115, -9.56115, -9.56115, -9.56115, -9.56115, -9.56115, -9.56115, -9.56115, -9.56115, -9.56115, -9.56115, -9.56115, -9.56115, -9.56115, -9.56115, -9.56115, -9.56115, -9.56115, -9.56115, -9.56115, -9.56115, -9.56115, -9.56115, -9.56115, -9.56115, -9.56115, -9.56115, -9.56115
/

&scalar_sounding

sclr(:,1) = 269.201146082537, 269.201073501614, 269.200999447636, 269.200925203212, 269.200854912494, 269.200785023755, 269.200715092602, 269.200643210016, 269.2005668254, 269.200492779485, 269.200421076817, 269.200349329504, 269.200276101191, 269.200199472753, 269.200125190328, 269.200053258486, 269.199979430289, 269.199905348912, 269.199830945236, 269.199754020094, 269.199685705992, 269.199614943773, 269.199541969863, 269.199462440718, 269.199390093833, 269.199324942778, 269.199248886626, 269.1991735053, 269.199099525685, 269.199026950512, 269.198958688145, 269.198890385316, 269.198817678258, 269.198739830866, 269.198660474269, 269.198587621951, 269.198514723544, 269.19844177899, 269.198368788228, 269.198297942987, 269.19823217131, 269.198153927215, 269.198073433935, 269.198000209401, 269.197928078434, 269.197856391216, 269.197784659372, 269.197712882844, 269.19764106158, 269.197568075176, 269.197492426674, 269.197418621536, 269.197344979569, 269.197271290507, 269.197196079084, 269.197120185888, 269.197044242673, 269.196970149816, 269.196896220581, 269.196822243884, 269.196746738692, 269.196673406896, 269.196606701106, 269.196534763822, 269.196460342534, 269.196383963045, 269.196309019518, 269.196234830037, 269.196162081281, 269.19608879008, 269.19601429302, 269.195940907727, 269.195867973108, 269.195797164292, 269.195726553415, 269.195655138114, 269.195583352124, 269.195509425648, 269.195433482989, 269.195347853783, 269.195275495086, 269.195208808695, 269.195136076542, 269.195062463573, 269.19498729979, 269.194912922913, 269.194839334498, 269.19476663653, 269.194694294694, 269.194617683416, 269.194539209632, 269.194460682367, 269.19438210155, 269.194307702637, 269.194235072008, 269.194167021798, 269.194100915161, 269.194026499835, 269.193943759733, 269.19386454939, 269.193793664719, 269.193722736417, 269.193650934624, 269.193578995804, 269.193507012043, 269.193434983283, 269.193362354882, 269.193289125733, 269.193212795848, 269.193133359094, 269.193055396739, 269.192978911816, 269.192902886497, 269.192831407574, 269.192759884284, 269.192687665749, 269.192615122825, 269.19254043962, 269.192463611999, 269.192387245815, 269.192315446205, 269.192243601828, 269.192167136342, 269.192088657455, 269.192013793994, 269.191942553042, 269.191871268017, 269.191794587397, 269.191717260694, 269.19164246219, 269.191570196841, 269.191497059472, 269.191416430624, 269.191336479074, 269.191263080202, 269.191189634544, 269.191121655607, 269.191488290551, 269.202855225638, 269.215250628193, 269.227164431176, 269.238597167606, 269.249938884519, 269.261189647965, 269.272436018493, 269.283677961972, 269.294953855321, 269.306570780206, 269.318262015798, 269.330132919884, 269.341002150806, 269.351440109056, 269.36231658497, 269.373378225226, 269.384672137458, 269.396513687663, 269.408349862701, 269.419754809231, 269.431107394974, 269.441526675335, 269.451838562343, 269.462867587297, 269.474200744479, 269.48567551266, 269.497207797976, 269.508734614987, 269.520140740186, 269.530505231145, 269.541084912228, 269.553636241833, 269.565496766762, 269.575755796481, 269.586112786043, 269.597387349412, 269.608612993148, 269.619443263938, 269.63026830354, 269.641304421866, 269.652551262163, 269.664026467019, 269.675729629632, 269.686163507882, 269.696452054429, 269.7066591703, 269.716852880593, 269.728626135657, 269.741071405424, 269.751474448498, 269.761646260575, 269.772405928434, 269.783413871484, 269.794086791035, 269.804425179234, 269.815894518881, 269.827357223115, 269.837678270189, 269.848058327813, 269.858497264364, 269.869973579378, 269.881481637401, 269.892802693841, 269.903088689638, 269.912341279036, 269.922513842469, 269.933604839, 269.945024964856, 269.956773556404, 269.968011547635, 269.978069504611, 269.988191632681, 269.998935764041, 270.008293218686, 270.018642011973, 270.030133531045, 270.040377592813, 270.050477924896, 270.061581469853, 270.072789882742, 270.083990933185, 270.094823913042, 270.104808875448, 270.114796201974, 270.124852318238, 270.134993668081, 270.145950268123, 270.156800033687, 270.166747588853, 270.176689032856, 270.187518215443, 270.198439322013, 270.208534673821, 270.218532723529, 270.22952324199, 270.24049779209, 270.250392997834, 270.260281874305, 270.270905327972, 270.281603671979, 270.291671068609, 270.301464755364, 270.311703637429, 270.322988399327, 270.33268645163, 270.341702191975, 270.352513795398, 270.363399234652, 270.373213703233, 270.383021523809, 270.393953142052, 270.40500192929, 270.41558949748, 270.425113700694, 270.434631470526, 270.444214693354, 270.454438062563, 270.464653905604, 270.474723040656, 270.484460340357, 270.494208718142, 270.504112107672, 270.514197106752, 270.524714874744, 270.535224383076, 270.545725600208, 270.556218494649, 270.565977451984, 270.575648583887, 272.557155067487, 272.600581527769, 272.643547332533, 272.68631567357, 272.730250350001, 272.776906561452, 272.823239684564, 272.866665696157, 272.910135498757, 272.954000007827, 272.998240422221, 273.043358046389, 273.08339987103, 273.123441632772, 273.168559035339, 273.213676357862, 273.259075582754, 273.3050386904, 273.350155770182, 273.391325035288, 273.431366310992, 273.476483165267, 273.522257891164, 273.56784454781, 273.612397200447, 273.651874168402, 273.694640813594, 273.740697119105, 273.786095394454, 273.825572088612, 273.869654323325, 273.915240347633, 273.959792381496, 273.999268800526, 274.038745156842, 274.078221450372, 274.120517409405, 274.165633019414, 274.210748547125, 274.251916394262, 274.291885796568, 274.336296167544, 274.380706458393, 274.425116669012, 274.469033353852, 274.512895132866, 274.556756833329, 274.600618455141, 274.644479998206, 274.686148391091, 274.72562364495, 274.768169124658, 274.812030366009, 274.851944026795, 274.891982939212, 274.937097127443, 274.981334013676, 275.025194869092, 275.065108178259, 275.105021421351, 275.148882051755, 275.192742602176, 275.236603072515, 275.278270445069, 275.317744731185, 275.36028916666, 275.404149330158, 275.448009413089, 275.491430815727, 275.530904749432, 275.571858886422, 275.616266907005, 275.66067484449, 275.704589278623, 275.744062857756, 275.784852153629, 275.828711532949, 275.870377867764, 275.910344585464, 275.954751969958, 275.996692200486, 276.036165290174, 276.075638313405, 276.11659150468, 276.160998498525, 276.205021644901, 276.248880238636, 276.288791487192, 276.32826408328, 276.367736612344, 276.407209074307, 276.449751541422, 276.493609673148, 276.537961124301, 276.579406902816, 276.61394499472, 276.655884036748, 276.699303199775, 276.738775095022, 276.781700704109, 276.826106422083, 276.870512053986, 276.912450627207, 276.951922155226, 276.991393614986, 277.030865006408, 277.073888745125, 277.117307114529, 277.157172998805, 277.196644102339, 277.240062236817, 277.283480287996, 277.322951171241, 277.362421985477, 277.401892730623, 277.441363406598, 277.480834013321, 277.520304550711, 277.559775018686, 277.602699073724, 277.646609803493, 277.686080048794, 277.72836951992, 277.772914342796, 277.812384364585, 277.851854316354, 277.891324198019, 277.930794009499, 277.97075712203, 278.015160495806, 278.057096933619, 278.096566449411, 278.136035894586, 278.175505269058, 278.214974572744, 278.256135342525, 278.301242946808, 278.336835600311, 278.372851077948, 278.412320026442, 278.45573578744, 278.49915146206, 278.538620182121, 278.578088830615, 278.61755740746, 278.65702591257, 278.700441185233, 278.742376309166, 278.776911056077, 278.814899213934, 278.854367359075, 278.893835431964, 278.937908027861, 278.977845803279, 279.012897013225, 279.058942751591, 279.099068242908, 279.138535865888, 279.178003415986, 279.217470893115, 279.256938297188, 279.296405628114, 279.335872885807, 279.375997855962, 279.422042810175, 279.457727580873, 279.495432622128, 279.540537629858, 279.576621566661, 279.612141631644, 279.651608300261, 279.691074894842, 279.730541415294, 279.770007861528, 279.809474233454, 279.84894053098, 279.894326681041, 279.935766123204, 279.974793670688, 280.009874549838, 280.046270899436, 280.085736748653, 280.12520252283, 280.164668221877, 280.204133845701, 280.24820370329, 280.288491363955, 280.323023581895, 280.361995586908, 280.401460833224, 280.440926003759, 280.48039109842, 280.519856117114, 280.559321059745, 280.59878592622, 280.638250716445, 280.673768962375, 280.709287146397, 280.748751722618, 280.791035112125, 280.835009743793, 280.868836318641, 280.906609260449, 280.946073452666, 280.985537567795, 281.021548505505, 281.057066079672, 281.101462959257, 281.140926769917, 281.175457540622, 281.214427910434, 281.253891498808, 281.293355009339, 281.332818441931, 281.372281796486, 281.411745072903, 281.449516992771, 281.483342531752, 281.522241830356, 281.561704808962, 281.601167708959, 281.640630530248, 281.678777849251, 281.713855778669, 281.753944764431, 281.797987745509, 281.832517373686, 281.869513336506, 281.908482341886, 281.943011775559, 281.982473910866, 282.026868717844, 282.062384490724, 283.198854405944, 284.638802187032, 285.791582265298, 286.842606537246, 287.872154800676, 288.940462570195, 290.055085025458, 291.113003883643, 292.382821220545, 293.996580581494, 295.768215807033, 297.596819425243, 299.474541199635, 301.523704056323, 303.926078402368, 306.872888517712, 310.521102975158, 315.772330760046, 323.548513128816, 333.720271096798, 350.865298573711, 366.276546736211, 381.806891227195, 397.99235798694, 415.999420476811, 436.32556607257, 458.029434683569, 480.296365191983, 504.796112156875, 532.360591304808, 563.362208366231, 597.402944269303, 633.86131006934, 672.495256087371, 713.195425440305, 756.407611078411, 802.655039365586, 854.595018636214, 914.86494414573, 983.640255175648, 1057.79954528906, 1134.41860479313, 1215.67214698048, 1309.58145043015, 1430.12494661507, 1594.86030754044, 1824.25119729287, 2128.03557183719, 2510.49555438687, 3306.26335952531
sclr(:,2) = 0.00195, 0.00195, 0.00195, 0.00195, 0.00195, 0.00195, 0.00195, 0.00195, 0.00195, 0.00195, 0.00195, 0.00195, 0.00195, 0.00195, 0.00195, 0.00195, 0.00195, 0.00195, 0.00195, 0.00195, 0.00195, 0.00195, 0.00195, 0.00195, 0.00195, 0.00195, 0.00195, 0.00195, 0.00195, 0.00195, 0.00195, 0.00195, 0.00195, 0.00195, 0.00195, 0.00195, 0.00195, 0.00195, 0.00195, 0.00195, 0.00195, 0.00195, 0.00195, 0.00195, 0.00195, 0.00195, 0.00195, 0.00195, 0.00195, 0.00195, 0.00195, 0.00195, 0.00195, 0.00195, 0.00195, 0.00195, 0.00195, 0.00195, 0.00195, 0.00195, 0.00195, 0.00195, 0.00195, 0.00195, 0.00195, 0.00195, 0.00195, 0.00195, 0.00195, 0.00195, 0.00195, 0.00195, 0.00195, 0.00195, 0.00195, 0.00195, 0.00195, 0.00195, 0.00195, 0.00195, 0.00195, 0.00195, 0.00195, 0.00195, 0.00195, 0.00195, 0.00195, 0.00195, 0.00195, 0.00195, 0.00195, 0.00195, 0.00195, 0.00195, 0.00195, 0.00195, 0.00195, 0.00195, 0.00195, 0.00195, 0.00195, 0.00195, 0.00195, 0.00195, 0.00195, 0.00195, 0.00195, 0.00195, 0.00195, 0.00195, 0.00195, 0.00195, 0.00195, 0.00195, 0.00195, 0.00195, 0.00195, 0.00195, 0.00195, 0.00195, 0.00195, 0.00195, 0.00195, 0.00195, 0.00195, 0.00195, 0.00195, 0.00195, 0.00195, 0.00195, 0.00195, 0.00195, 0.00195, 0.00195, 0.00195, 0.00195, 0.00195, 0.00195, 0.00195, 0.00195, 0.00195, 0.00195, 0.00195, 0.00195, 0.00195, 0.00195, 0.00195, 0.00195, 0.00195, 0.00195, 0.00195, 0.00195, 0.00195, 0.00195, 0.00195, 0.00195, 0.00195, 0.00195, 0.00195, 0.00195, 0.00195, 0.00195, 0.00195, 0.00195, 0.00195, 0.00195, 0.00195, 0.00195, 0.00195, 0.00195, 0.00195, 0.00195, 0.00195, 0.00195, 0.00195, 0.00195, 0.00195, 0.00195, 0.00195, 0.00195, 0.00195, 0.00195, 0.00195, 0.00195, 0.00195, 0.00195, 0.00195, 0.00195, 0.00195, 0.00195, 0.00195, 0.00195000000000001, 0.00195, 0.00195, 0.00195, 0.00195, 0.00195, 0.00195, 0.00195, 0.00195, 0.00195, 0.00195, 0.00195, 0.00194999999999999, 0.00195, 0.00195, 0.00195, 0.00195, 0.00195, 0.00195, 0.00195, 0.00195, 0.00195, 0.00195, 0.00195000000000001, 0.00195000000000001, 0.00195, 0.00194999999999999, 0.00195, 0.00195, 0.00195, 0.00195, 0.00195, 0.00195, 0.00195, 0.00195, 0.00195, 0.00195, 0.00195, 0.00195, 0.00195, 0.00195, 0.00195, 0.00195, 0.00195, 0.00195, 0.00195, 0.00195, 0.00195, 0.00195, 0.00195, 0.00195, 0.00195, 0.00195, 0.00195, 0.00195, 0.00195, 0.00195, 0.00195, 0.00195, 0.00195, 0.00195, 0.00195, 0.00195, 0.00195, 0.00195, 0.00195, 0.00195, 0.00195, 0.00195, 0.00195, 0.00195, 0.00195, 0.00195, 0.00195, 0.00195, 0.00195, 0.0008210226, 0.0008199006, 0.0008187905, 0.0008176855, 0.000816550363636363, 0.000815344909090909, 0.0008141478, 0.0008130258, 0.000811902666666667, 0.000810769333333333, 0.000809626285714286, 0.000808460571428572, 0.000807426, 0.000806391428571429, 0.000805225714285714, 0.00080406, 0.000802887, 0.000801699428571429, 0.000800533714285714, 0.00079947, 0.000798435428571429, 0.000797269714285714, 0.000796087, 0.000794909142857143, 0.000793758, 0.000792738, 0.000791633, 0.000790443, 0.00078927, 0.00078825, 0.000787111, 0.000785933142857143, 0.000784782, 0.000783762, 0.000782742, 0.000781722, 0.000780629142857143, 0.000779463428571429, 0.000778297714285714, 0.000777234, 0.00077620125, 0.00077505375, 0.00077390625, 0.00077275875, 0.000771624, 0.000770490666666667, 0.000769357333333333, 0.000768224, 0.000767090666666667, 0.000766014, 0.000764994, 0.000763894666666667, 0.000762761333333334, 0.00076173, 0.000760695428571429, 0.000759529714285714, 0.000758386666666667, 0.000757253333333334, 0.000756222, 0.000755190666666667, 0.000754057333333333, 0.000752924, 0.000751790666666667, 0.000750714, 0.000749694, 0.000748594666666667, 0.000747461333333334, 0.000746328, 0.000745206, 0.000744186, 0.00074312775, 0.00074198025, 0.00074083275, 0.000739698, 0.000738678, 0.000737624, 0.000736490666666667, 0.000735414, 0.00073438125, 0.00073323375, 0.00073215, 0.00073113, 0.00073011, 0.00072905175, 0.00072790425, 0.000726766666666667, 0.000725633333333333, 0.000724602, 0.000723582, 0.000722562, 0.000721542, 0.000720442666666667, 0.000719309333333333, 0.00071816325, 0.00071709225, 0.00071619975, 0.000715116, 0.000713994, 0.000712974, 0.00071186475, 0.00071071725, 0.00070956975, 0.000708486, 0.000707466, 0.000706446, 0.000705426, 0.0007043142, 0.0007031922, 0.000702162, 0.000701142, 0.00070002, 0.000698898, 0.000697878, 0.000696858, 0.000695838, 0.000694818, 0.000693798, 0.000692778, 0.000691758, 0.00069064875, 0.000689514, 0.000688494, 0.000687401142857143, 0.00068625, 0.00068523, 0.00068421, 0.00068319, 0.00068217, 0.00068113725, 0.00067998975, 0.000678906, 0.000677886, 0.000676866, 0.000675846, 0.000674826, 0.000673762285714286, 0.000672596571428571, 0.00067167675, 0.000670746, 0.000669726, 0.000668604, 0.000667482, 0.000666462, 0.000665442, 0.000664422, 0.000663402, 0.00066228, 0.00066119625, 0.00066030375, 0.000659322, 0.000658302, 0.000657282, 0.000656143, 0.000655110857142857, 0.000654205, 0.000653015, 0.000651978, 0.000650958, 0.000649938, 0.000648918, 0.000647898, 0.000646878, 0.000645858, 0.000644821, 0.000643631, 0.00064270875, 0.000641734285714286, 0.000640568571428572, 0.000639636, 0.000638718, 0.000637698, 0.000636678, 0.000635658, 0.000634638, 0.000633618, 0.000632598, 0.000631425, 0.000630354, 0.000629345333333334, 0.000628438666666667, 0.000627498, 0.000626478, 0.000625458, 0.000624438, 0.000623418, 0.000622279, 0.00062123775, 0.00062034525, 0.000619338, 0.000618318, 0.000617298, 0.000616278, 0.000615258, 0.000614238, 0.000613218, 0.000612198, 0.00061128, 0.000610362, 0.000609342, 0.000608249142857143, 0.000607112571428571, 0.000606238285714286, 0.000605262, 0.000604242, 0.000603222, 0.00060229125, 0.00060137325, 0.00060022575, 0.00059920575, 0.00059831325, 0.000597306, 0.000596286, 0.000595266, 0.000594246, 0.000593226, 0.000592206, 0.000591229714285714, 0.000590355428571429, 0.00058935, 0.00058833, 0.00058731, 0.00058629, 0.000585304, 0.000584397333333333, 0.000583361142857143, 0.00058222275, 0.00058133025, 0.000580374, 0.00057936675, 0.00057847425, 0.00057745425, 0.00057630675, 0.00057538875, 0.000546, 0.000495, 0.000444, 0.000393, 0.000342, 0.000305036, 0.000232178, 0.00018755, 0.000135616, 7.32589e-05, 4.66535e-05, 4.01219e-05, 3.53025e-05, 3.06918e-05, 3.04626e-05, 2.55239e-05, 2.11795e-05, 2.04447e-05, 1.38302e-05, 7.65176e-06, 6.1661e-06, 3.1852e-06, 2.302e-06, 2.1825e-06, 2.1807e-06, 2.1881e-06, 2.1876e-06, 2.1868e-06, 2.1989e-06, 2.2476e-06, 2.3292e-06, 2.4272e-06, 2.5379e-06, 2.6345e-06, 2.7363e-06, 2.8456e-06, 2.9855e-06, 3.1293e-06, 3.2682e-06, 3.4056e-06, 3.5385e-06, 3.6499e-06, 3.7588e-06, 3.8831e-06, 3.9639e-06, 4.0049e-06, 4.0137e-06, 3.9958e-06, 3.9633e-06, 0.0039349
edsclr(:,1) = 269.201146082537, 269.201073501614, 269.200999447636, 269.200925203212, 269.200854912494, 269.200785023755, 269.200715092602, 269.200643210016, 269.2005668254, 269.200492779485, 269.200421076817, 269.200349329504, 269.200276101191, 269.200199472753, 269.200125190328, 269.200053258486, 269.199979430289, 269.199905348912, 269.199830945236, 269.199754020094, 269.199685705992, 269.199614943773, 269.199541969863, 269.199462440718, 269.199390093833, 269.199324942778, 269.199248886626, 269.1991735053, 269.199099525685, 269.199026950512, 269.198958688145, 269.198890385316, 269.198817678258, 269.198739830866, 269.198660474269, 269.198587621951, 269.198514723544, 269.19844177899, 269.198368788228, 269.198297942987, 269.19823217131, 269.198153927215, 269.198073433935, 269.198000209401, 269.197928078434, 269.197856391216, 269.197784659372, 269.197712882844, 269.19764106158, 269.197568075176, 269.197492426674, 269.197418621536, 269.197344979569, 269.197271290507, 269.197196079084, 269.197120185888, 269.197044242673, 269.196970149816, 269.196896220581, 269.196822243884, 269.196746738692, 269.196673406896, 269.196606701106, 269.196534763822, 269.196460342534, 269.196383963045, 269.196309019518, 269.196234830037, 269.196162081281, 269.19608879008, 269.19601429302, 269.195940907727, 269.195867973108, 269.195797164292, 269.195726553415, 269.195655138114, 269.195583352124, 269.195509425648, 269.195433482989, 269.195347853783, 269.195275495086, 269.195208808695, 269.195136076542, 269.195062463573, 269.19498729979, 269.194912922913, 269.194839334498, 269.19476663653, 269.194694294694, 269.194617683416, 269.194539209632, 269.194460682367, 269.19438210155, 269.194307702637, 269.194235072008, 269.194167021798, 269.194100915161, 269.194026499835, 269.193943759733, 269.19386454939, 269.193793664719, 269.193722736417, 269.193650934624, 269.193578995804, 269.193507012043, 269.193434983283, 269.193362354882, 269.193289125733, 269.193212795848, 269.193133359094, 269.193055396739, 269.192978911816, 269.192902886497, 269.192831407574, 269.192759884284, 269.192687665749, 269.192615122825, 269.19254043962, 269.192463611999, 269.192387245815, 269.192315446205, 269.192243601828, 269.192167136342, 269.192088657455, 269.192013793994, 269.191942553042, 269.191871268017, 269.191794587397, 269.191717260694, 269.19164246219, 269.191570196841, 269.191497059472, 269.191416430624, 269.191336479074, 269.191263080202, 269.191189634544, 269.191121655607, 269.191488290551, 269.202855225638, 269.215250628193, 269.227164431176, 269.238597167606, 269.249938884519, 269.261189647965, 269.272436018493, 269.283677961972, 269.294953855321, 269.306570780206, 269.318262015798, 269.330132919884, 269.341002150806, 269.351440109056, 269.36231658497, 269.373378225226, 269.384672137458, 269.396513687663, 269.408349862701, 269.419754809231, 269.431107394974, 269.441526675335, 269.451838562343, 269.462867587297, 269.474200744479, 269.48567551266, 269.497207797976, 269.508734614987, 269.520140740186, 269.530505231145, 269.541084912228, 269.553636241833, 269.565496766762, 269.575755796481, 269.586112786043, 269.597387349412, 269.608612993148, 269.619443263938, 269.63026830354, 269.641304421866, 269.652551262163, 269.664026467019, 269.675729629632, 269.686163507882, 269.696452054429, 269.7066591703, 269.716852880593, 269.728626135657, 269.741071405424, 269.751474448498, 269.761646260575, 269.772405928434, 269.783413871484, 269.794086791035, 269.804425179234, 269.815894518881, 269.827357223115, 269.837678270189, 269.848058327813, 269.858497264364, 269.869973579378, 269.881481637401, 269.892802693841, 269.903088689638, 269.912341279036, 269.922513842469, 269.933604839, 269.945024964856, 269.956773556404, 269.968011547635, 269.978069504611, 269.988191632681, 269.998935764041, 270.008293218686, 270.018642011973, 270.030133531045, 270.040377592813, 270.050477924896, 270.061581469853, 270.072789882742, 270.083990933185, 270.094823913042, 270.104808875448, 270.114796201974, 270.124852318238, 270.134993668081, 270.145950268123, 270.156800033687, 270.166747588853, 270.176689032856, 270.187518215443, 270.198439322013, 270.208534673821, 270.218532723529, 270.22952324199, 270.24049779209, 270.250392997834, 270.260281874305, 270.270905327972, 270.281603671979, 270.291671068609, 270.301464755364, 270.311703637429, 270.322988399327, 270.33268645163, 270.341702191975, 270.352513795398, 270.363399234652, 270.373213703233, 270.383021523809, 270.393953142052, 270.40500192929, 270.41558949748, 270.425113700694, 270.434631470526, 270.444214693354, 270.454438062563, 270.464653905604, 270.474723040656, 270.484460340357, 270.494208718142, 270.504112107672, 270.514197106752, 270.524714874744, 270.535224383076, 270.545725600208, 270.556218494649, 270.565977451984, 270.575648583887, 272.557155067487, 272.600581527769, 272.643547332533, 272.68631567357, 272.730250350001, 272.776906561452, 272.823239684564, 272.866665696157, 272.910135498757, 272.954000007827, 272.998240422221, 273.043358046389, 273.08339987103, 273.123441632772, 273.168559035339, 273.213676357862, 273.259075582754, 273.3050386904, 273.350155770182, 273.391325035288, 273.431366310992, 273.476483165267, 273.522257891164, 273.56784454781, 273.612397200447, 273.651874168402, 273.694640813594, 273.740697119105, 273.786095394454, 273.825572088612, 273.869654323325, 273.915240347633, 273.959792381496, 273.999268800526, 274.038745156842, 274.078221450372, 274.120517409405, 274.165633019414, 274.210748547125, 274.251916394262, 274.291885796568, 274.336296167544, 274.380706458393, 274.425116669012, 274.469033353852, 274.512895132866, 274.556756833329, 274.600618455141, 274.644479998206, 274.686148391091, 274.72562364495, 274.768169124658, 274.812030366009, 274.851944026795, 274.891982939212, 274.937097127443, 274.981334013676, 275.025194869092, 275.065108178259, 275.105021421351, 275.148882051755, 275.192742602176, 275.236603072515, 275.278270445069, 275.317744731185, 275.36028916666, 275.404149330158, 275.448009413089, 275.491430815727, 275.530904749432, 275.571858886422, 275.616266907005, 275.66067484449, 275.704589278623, 275.744062857756, 275.784852153629, 275.828711532949, 275.870377867764, 275.910344585464, 275.954751969958, 275.996692200486, 276.036165290174, 276.075638313405, 276.11659150468, 276.160998498525, 276.205021644901, 276.248880238636, 276.288791487192, 276.32826408328, 276.367736612344, 276.407209074307, 276.449751541422, 276.493609673148, 276.537961124301, 276.579406902816, 276.61394499472, 276.655884036748, 276.699303199775, 276.738775095022, 276.781700704109, 276.826106422083, 276.870512053986, 276.912450627207, 276.951922155226, 276.991393614986, 277.030865006408, 277.073888745125, 277.117307114529, 277.157172998805, 277.196644102339, 277.240062236817, 277.283480287996, 277.322951171241, 277.362421985477, 277.401892730623, 277.441363406598, 277.480834013321, 277.520304550711, 277.559775018686, 277.602699073724, 277.646609803493, 277.686080048794, 277.72836951992, 277.772914342796, 277.812384364585, 277.851854316354, 277.891324198019, 277.930794009499, 277.97075712203, 278.015160495806, 278.057096933619, 278.096566449411, 278.136035894586, 278.175505269058, 278.214974572744, 278.256135342525, 278.301242946808, 278.336835600311, 278.372851077948, 278.412320026442, 278.45573578744, 278.49915146206, 278.538620182121, 278.578088830615, 278.61755740746, 278.65702591257, 278.700441185233, 278.742376309166, 278.776911056077, 278.814899213934, 278.854367359075, 278.893835431964, 278.937908027861, 278.977845803279, 279.012897013225, 279.058942751591, 279.099068242908, 279.138535865888, 279.178003415986, 279.217470893115, 279.256938297188, 279.296405628114, 279.335872885807, 279.375997855962, 279.422042810175, 279.457727580873, 279.495432622128, 279.540537629858, 279.576621566661, 279.612141631644, 279.651608300261, 279.691074894842, 279.730541415294, 279.770007861528, 279.809474233454, 279.84894053098, 279.894326681041, 279.935766123204, 279.974793670688, 280.009874549838, 280.046270899436, 280.085736748653, 280.12520252283, 280.164668221877, 280.204133845701, 280.24820370329, 280.288491363955, 280.323023581895, 280.361995586908, 280.401460833224, 280.440926003759, 280.48039109842, 280.519856117114, 280.559321059745, 280.59878592622, 280.638250716445, 280.673768962375, 280.709287146397, 280.748751722618, 280.791035112125, 280.835009743793, 280.868836318641, 280.906609260449, 280.946073452666, 280.985537567795, 281.021548505505, 281.057066079672, 281.101462959257, 281.140926769917, 281.175457540622, 281.214427910434, 281.253891498808, 281.293355009339, 281.332818441931, 281.372281796486, 281.411745072903, 281.449516992771, 281.483342531752, 281.522241830356, 281.561704808962, 281.601167708959, 281.640630530248, 281.678777849251, 281.713855778669, 281.753944764431, 281.797987745509, 281.832517373686, 281.869513336506, 281.908482341886, 281.943011775559, 281.982473910866, 282.026868717844, 282.062384490724, 283.198854405944, 284.638802187032, 285.791582265298, 286.842606537246, 287.872154800676, 288.940462570195, 290.055085025458, 291.113003883643, 292.382821220545, 293.996580581494, 295.768215807033, 297.596819425243, 299.474541199635, 301.523704056323, 303.926078402368, 306.872888517712, 310.521102975158, 315.772330760046, 323.548513128816, 333.720271096798, 350.865298573711, 366.276546736211, 381.806891227195, 397.99235798694, 415.999420476811, 436.32556607257, 458.029434683569, 480.296365191983, 504.796112156875, 532.360591304808, 563.362208366231, 597.402944269303, 633.86131006934, 672.495256087371, 713.195425440305, 756.407611078411, 802.655039365586, 854.595018636214, 914.86494414573, 983.640255175648, 1057.79954528906, 1134.41860479313, 1215.67214698048, 1309.58145043015, 1430.12494661507, 1594.86030754044, 1824.25119729287, 2128.03557183719, 2510.49555438687, 3306.26335952531
edsclr(:,2) = 0.00195, 0.00195, 0.00195, 0.00195, 0.00195, 0.00195, 0.00195, 0.00195, 0.00195, 0.00195, 0.00195, 0.00195, 0.00195, 0.00195, 0.00195, 0.00195, 0.00195, 0.00195, 0.00195, 0.00195, 0.00195, 0.00195, 0.00195, 0.00195, 0.00195, 0.00195, 0.00195, 0.00195, 0.00195, 0.00195, 0.00195, 0.00195, 0.00195, 0.00195, 0.00195, 0.00195, 0.00195, 0.00195, 0.00195, 0.00195, 0.00195, 0.00195, 0.00195, 0.00195, 0.00195, 0.00195, 0.00195, 0.00195, 0.00195, 0.00195, 0.00195, 0.00195, 0.00195, 0.00195, 0.00195, 0.00195, 0.00195, 0.00195, 0.00195, 0.00195, 0.00195, 0.00195, 0.00195, 0.00195, 0.00195, 0.00195, 0.00195, 0.00195, 0.00195, 0.00195, 0.00195, 0.00195, 0.00195, 0.00195, 0.00195, 0.00195, 0.00195, 0.00195, 0.00195, 0.00195, 0.00195, 0.00195, 0.00195, 0.00195, 0.00195, 0.00195, 0.00195, 0.00195, 0.00195, 0.00195, 0.00195, 0.00195, 0.00195, 0.00195, 0.00195, 0.00195, 0.00195, 0.00195, 0.00195, 0.00195, 0.00195, 0.00195, 0.00195, 0.00195, 0.00195, 0.00195, 0.00195, 0.00195, 0.00195, 0.00195, 0.00195, 0.00195, 0.00195, 0.00195, 0.00195, 0.00195, 0.00195, 0.00195, 0.00195, 0.00195, 0.00195, 0.00195, 0.00195, 0.00195, 0.00195, 0.00195, 0.00195, 0.00195, 0.00195, 0.00195, 0.00195, 0.00195, 0.00195, 0.00195, 0.00195, 0.00195, 0.00195, 0.00195, 0.00195, 0.00195, 0.00195, 0.00195, 0.00195, 0.00195, 0.00195, 0.00195, 0.00195, 0.00195, 0.00195, 0.00195, 0.00195, 0.00195, 0.00195, 0.00195, 0.00195, 0.00195, 0.00195, 0.00195, 0.00195, 0.00195, 0.00195, 0.00195, 0.00195, 0.00195, 0.00195, 0.00195, 0.00195, 0.00195, 0.00195, 0.00195, 0.00195, 0.00195, 0.00195, 0.00195, 0.00195, 0.00195, 0.00195, 0.00195, 0.00195, 0.00195, 0.00195, 0.00195, 0.00195, 0.00195, 0.00195, 0.00195, 0.00195, 0.00195, 0.00195, 0.00195, 0.00195, 0.00195000000000001, 0.00195, 0.00195, 0.00195, 0.00195, 0.00195, 0.00195, 0.00195, 0.00195, 0.00195, 0.00195, 0.00195, 0.00194999999999999, 0.00195, 0.00195, 0.00195, 0.00195, 0.00195, 0.00195, 0.00195, 0.00195, 0.00195, 0.00195, 0.00195000000000001, 0.00195000000000001, 0.00195, 0.00194999999999999, 0.00195, 0.00195, 0.00195, 0.00195, 0.00195, 0.00195, 0.00195, 0.00195, 0.00195, 0.00195, 0.00195, 0.00195, 0.00195, 0.00195, 0.00195, 0.00195, 0.00195, 0.00195, 0.00195, 0.00195, 0.00195, 0.00195, 0.00195, 0.00195, 0.00195, 0.00195, 0.00195, 0.00195, 0.00195, 0.00195, 0.00195, 0.00195, 0.00195, 0.00195, 0.00195, 0.00195, 0.00195, 0.00195, 0.00195, 0.00195, 0.00195, 0.00195, 0.00195, 0.00195, 0.00195, 0.00195, 0.00195, 0.00195, 0.00195, 0.0008210226, 0.0008199006, 0.0008187905, 0.0008176855, 0.000816550363636363, 0.000815344909090909, 0.0008141478, 0.0008130258, 0.000811902666666667, 0.000810769333333333, 0.000809626285714286, 0.000808460571428572, 0.000807426, 0.000806391428571429, 0.000805225714285714, 0.00080406, 0.000802887, 0.000801699428571429, 0.000800533714285714, 0.00079947, 0.000798435428571429, 0.000797269714285714, 0.000796087, 0.000794909142857143, 0.000793758, 0.000792738, 0.000791633, 0.000790443, 0.00078927, 0.00078825, 0.000787111, 0.000785933142857143, 0.000784782, 0.000783762, 0.000782742, 0.000781722, 0.000780629142857143, 0.000779463428571429, 0.000778297714285714, 0.000777234, 0.00077620125, 0.00077505375, 0.00077390625, 0.00077275875, 0.000771624, 0.000770490666666667, 0.000769357333333333, 0.000768224, 0.000767090666666667, 0.000766014, 0.000764994, 0.000763894666666667, 0.000762761333333334, 0.00076173, 0.000760695428571429, 0.000759529714285714, 0.000758386666666667, 0.000757253333333334, 0.000756222, 0.000755190666666667, 0.000754057333333333, 0.000752924, 0.000751790666666667, 0.000750714, 0.000749694, 0.000748594666666667, 0.000747461333333334, 0.000746328, 0.000745206, 0.000744186, 0.00074312775, 0.00074198025, 0.00074083275, 0.000739698, 0.000738678, 0.000737624, 0.000736490666666667, 0.000735414, 0.00073438125, 0.00073323375, 0.00073215, 0.00073113, 0.00073011, 0.00072905175, 0.00072790425, 0.000726766666666667, 0.000725633333333333, 0.000724602, 0.000723582, 0.000722562, 0.000721542, 0.000720442666666667, 0.000719309333333333, 0.00071816325, 0.00071709225, 0.00071619975, 0.000715116, 0.000713994, 0.000712974, 0.00071186475, 0.00071071725, 0.00070956975, 0.000708486, 0.000707466, 0.000706446, 0.000705426, 0.0007043142, 0.0007031922, 0.000702162, 0.000701142, 0.00070002, 0.000698898, 0.000697878, 0.000696858, 0.000695838, 0.000694818, 0.000693798, 0.000692778, 0.000691758, 0.00069064875, 0.000689514, 0.000688494, 0.000687401142857143, 0.00068625, 0.00068523, 0.00068421, 0.00068319, 0.00068217, 0.00068113725, 0.00067998975, 0.000678906, 0.000677886, 0.000676866, 0.000675846, 0.000674826, 0.000673762285714286, 0.000672596571428571, 0.00067167675, 0.000670746, 0.000669726, 0.000668604, 0.000667482, 0.000666462, 0.000665442, 0.000664422, 0.000663402, 0.00066228, 0.00066119625, 0.00066030375, 0.000659322, 0.000658302, 0.000657282, 0.000656143, 0.000655110857142857, 0.000654205, 0.000653015, 0.000651978, 0.000650958, 0.000649938, 0.000648918, 0.000647898, 0.000646878, 0.000645858, 0.000644821, 0.000643631, 0.00064270875, 0.000641734285714286, 0.000640568571428572, 0.000639636, 0.000638718, 0.000637698, 0.000636678, 0.000635658, 0.000634638, 0.000633618, 0.000632598, 0.000631425, 0.000630354, 0.000629345333333334, 0.000628438666666667, 0.000627498, 0.000626478, 0.000625458, 0.000624438, 0.000623418, 0.000622279, 0.00062123775, 0.00062034525, 0.000619338, 0.000618318, 0.000617298, 0.000616278, 0.000615258, 0.000614238, 0.000613218, 0.000612198, 0.00061128, 0.000610362, 0.000609342, 0.000608249142857143, 0.000607112571428571, 0.000606238285714286, 0.000605262, 0.000604242, 0.000603222, 0.00060229125, 0.00060137325, 0.00060022575, 0.00059920575, 0.00059831325, 0.000597306, 0.000596286, 0.000595266, 0.000594246, 0.000593226, 0.000592206, 0.000591229714285714, 0.000590355428571429, 0.00058935, 0.00058833, 0.00058731, 0.00058629, 0.000585304, 0.000584397333333333, 0.000583361142857143, 0.00058222275, 0.00058133025, 0.000580374, 0.00057936675, 0.00057847425, 0.00057745425, 0.00057630675, 0.00057538875, 0.000546, 0.000495, 0.000444, 0.000393, 0.000342, 0.000305036, 0.000232178, 0.00018755, 0.000135616, 7.32589e-05, 4.66535e-05, 4.01219e-05, 3.53025e-05, 3.06918e-05, 3.04626e-05, 2.55239e-05, 2.11795e-05, 2.04447e-05, 1.38302e-05, 7.65176e-06, 6.1661e-06, 3.1852e-06, 2.302e-06, 2.1825e-06, 2.1807e-06, 2.1881e-06, 2.1876e-06, 2.1868e-06, 2.1989e-06, 2.2476e-06, 2.3292e-06, 2.4272e-06, 2.5379e-06, 2.6345e-06, 2.7363e-06, 2.8456e-06, 2.9855e-06, 3.1293e-06, 3.2682e-06, 3.4056e-06, 3.5385e-06, 3.6499e-06, 3.7588e-06, 3.8831e-06, 3.9639e-06, 4.0049e-06, 4.0137e-06, 3.9958e-06, 3.9633e-06, 0.0039349

/
