! $Id: wangara_model.in,v 1.5 2007-02-07 22:42:21 mjfalk Exp $
! Parameter file for Wangara day 33 dry convective boundary layer
! Observed soundings

&model_setting

runtype = "wangara"

nzmax = 50
deltaz = 40.0
day = 15, month = 8, year = 1967, 
! Note: this is the isocenter of Hay, Toogimbie, & Burrabogie
rlat = -34.6, rlon = 145.072222

time_initial = 82800.0
time_final = 111600.0
time_spinup = 82800.0

dtmain    = 60.0
dtclosure = 60.0

sfctype = 1

Tsfc = 276.88
psfc = 1023.e2
SE = 0.0
LE = 0.0

fcor = -8.21e-5

cloud_sed     = .false.
kk_rain       = .false.
lcoamps_micro = .false.
licedfs       = .false.
lbugsrad      = .false.
bottom_at_sfc = .true.
lKhm_aniso    = .false.

/

&sounding

nlevels = 31

z =    0,   50,  100,  150,  200,  250,  300,  350,  400,  450,
     500,  550,  600,  650,  700,  750,  800,  850,  900,  950,
    1000, 1100, 1200, 1300, 1400, 1500, 1600, 1700, 1800, 1900,
    2000

theta = 276.85,  276.91,  277.68,  279.83,  280.81,  281.40,  281.68,  281.97,
        282.07,  282.06,  281.97,  281.97,  281.87,  281.87,  281.98,  282.29,
        282.62,  282.84,  283.06,  283.19,  283.62,  284.72,  285.42,  285.92,
        287.17,  288.34,  288.89,  289.56,  290.57,  290.95,  291.02

rt = 0.0042, 0.0037, 0.0035, 0.0038, 0.0038, 0.0038, 0.0037, 0.0036, 
     0.0035, 0.0034, 0.0033, 0.0032, 0.0032, 0.0031, 0.0029, 0.0027, 
     0.0025, 0.0023, 0.0022, 0.0021, 0.0020, 0.0018, 0.0015, 0.0012, 
     0.0008, 0.0010, 0.0008, 0.0007, 0.0007, 0.0007, 0.0006

u =  0.00, -2.84, -2.92, -2.90, -2.79, -2.79, -3.12, -3.39, -3.20, -2.87
    -2.49, -2.66, -2.79, -2.68, -2.43, -2.42, -2.45, -2.41, -2.28, -2.29
    -2.55, -2.29, -1.93, -2.10, -1.45, -1.20, -1.19, -1.49, -0.70,  0.05
     0.50

v =  0.00,  0.03, -0.38, -0.62, -0.57, -0.51, -0.51, -0.53, -0.47, -0.44
    -0.37, -0.30, -0.26, -0.24, -0.35, -0.44, -0.48, -0.62, -0.76, -0.91
    -1.16, -1.41, -0.90, -0.28,  0.07,  0.09,  0.26,  1.15,  1.72,  1.47
     1.10

ug = -5.50, -5.36, -5.21, -5.07, -4.92, -4.78, -4.63, -4.49, -4.34,
     -4.19, -4.05, -3.90, -3.76, -3.61, -3.47, -3.32, -3.18, -3.03,
     -2.89, -2.74, -2.60, -2.46, -2.32, -2.18, -2.04, -1.90, -1.76,
     -1.62, -1.48, -1.34, -1.20

vg = 0.00,  0.00,  0.00,  0.00,  0.00,  0.00,  0.00,  0.00,  0.00,
     0.00,  0.00,  0.00,  0.00,  0.00,  0.00,  0.00,  0.00,  0.00,
     0.00,  0.00,  0.00,  0.00,  0.00,  0.00,  0.00,  0.00,  0.00,
     0.00,  0.00,  0.00,  0.00

/

&scalar_sounding

! sclra is set to thlm in the example below.
sclr(:,1) = 276.85, 276.91, 277.68, 279.83, 280.81, 281.40, 281.68, 281.97,
            282.07, 282.06, 281.97, 281.97, 281.87, 281.87, 281.98, 282.29,
            282.62, 282.84, 283.06, 283.19, 283.62, 284.72, 285.42, 285.92,
            287.17, 288.34, 288.89, 289.56, 290.57, 290.95, 291.02
! sclrb is set to rtm in the example below.
sclr(:,2) = 0.0042, 0.0037, 0.0035, 0.0038, 0.0038, 0.0038, 0.0037, 0.0036, 
     0.0035, 0.0034, 0.0033, 0.0032, 0.0032, 0.0031, 0.0029, 0.0027, 
     0.0025, 0.0023, 0.0022, 0.0021, 0.0020, 0.0018, 0.0015, 0.0012, 
     0.0008, 0.0010, 0.0008, 0.0007, 0.0007, 0.0007, 0.0006
edsclr(:,1) = 276.85, 276.91, 277.68, 279.83, 280.81, 281.40, 281.68, 281.97,
            282.07, 282.06, 281.97, 281.97, 281.87, 281.87, 281.98, 282.29,
            282.62, 282.84, 283.06, 283.19, 283.62, 284.72, 285.42, 285.92,
            287.17, 288.34, 288.89, 289.56, 290.57, 290.95, 291.02
edsclr(:,2) = 0.0042, 0.0037, 0.0035, 0.0038, 0.0038, 0.0038, 0.0037, 0.0036, 
     0.0035, 0.0034, 0.0033, 0.0032, 0.0032, 0.0031, 0.0029, 0.0027, 
     0.0025, 0.0023, 0.0022, 0.0021, 0.0020, 0.0018, 0.0015, 0.0012, 
     0.0008, 0.0010, 0.0008, 0.0007, 0.0007, 0.0007, 0.0006
/
