!-------------------------------------------------------------------------------!
! Reference:                                                                    !
!   McClatchey, et al., (1972) _Environmental Research Papers_, No. 411, p.94   !
!-------------------------------------------------------------------------------!
z[m]    T[K]       'sp_hmdty[kg/kg]'   Press[mb]  'o3[kg/kg]'      
1000    281.60000   3.78038000E-003   898.60000   4.86049E-008   
2000    275.10000   2.87984000E-003   795.00000   5.36246E-008   
3000    268.70000   1.97954000E-003   701.20000   5.49874E-008   
4000    262.20000   1.34261000E-003   616.60000   5.61455E-008   
5000    255.70000   8.69093000E-004   540.50000   6.11081E-008   
6000    249.20000   5.75670000E-004   472.20000   6.81715E-008   
7000    242.70000   3.55932000E-004   411.10000   8.13559E-008   
8000    236.20000   2.28224000E-004   356.50000   9.88969E-008   
9000    229.70000   9.84800000E-005   308.00000   1.52002E-007   
10000   223.20000   4.35308000E-005   265.00000   2.17654E-007   
11000   216.80000   2.24781000E-005   227.00000   3.56360E-007   
12000   216.60000   1.18628000E-005   194.00000   5.12985E-007   
13000   216.60000   6.75169000E-006   165.80000   6.37659E-007   
14000   216.60000   3.68583000E-006   141.70000   8.33699E-007   
15000   216.60000   3.69610000E-006   121.10000   1.07803E-006   
16000   216.60000   3.66366000E-006   103.50000   1.38138E-006   
17000   216.60000   3.65425000E-006   88.50000    1.96767E-006   
18000   216.60000   3.61842000E-006   75.65000    2.63158E-006   
19000   216.60000   4.23077000E-006   64.67000    3.36538E-006   
20000   216.60000   4.94882000E-006   55.29000    4.27398E-006   
21000   217.60000   6.33914000E-006   47.29000    5.01849E-006   
22000   218.60000   8.06077000E-006   40.47000    6.04557E-006   
23000   219.60000   1.03636000E-005   34.67000    6.90909E-006   
24000   220.60000   1.29953000E-005   29.72000    7.66937E-006   
25000   221.60000   1.64671000E-005   25.46000    8.48303E-006   
26000   222.58000   1.73018000E-005   22.76200    8.95916E-006   
27000   223.56000   1.81366000E-005   20.06400    9.43528E-006   
28000   224.54000   1.89714000E-005   17.36600    9.91141E-006   
29000   225.52000   1.98062000E-005   14.66800    1.03875E-005   
30000   226.50000   2.06410000E-005   11.97000    1.08637E-005   
31000   228.50000   2.02939000E-005   10.72520    1.12905E-005   
32000   230.50000   1.99469000E-005   9.48040     1.17173E-005   
33000   232.50000   1.95999000E-005   8.23560     1.21441E-005   
34000   234.50000   1.92529000E-005   6.99080     1.25709E-005   
35000   236.50000   1.89058000E-005   5.74600     1.29978E-005   
36000   239.28000   1.84780000E-005   5.17100     1.28507E-005   
37000   242.06000   1.80502000E-005   4.59600     1.27036E-005   
38000   244.84000   1.76224000E-005   4.02100     1.25565E-005   
39000   247.62000   1.71946000E-005   3.44600     1.24094E-005   
40000   250.40000   1.67668000E-005   2.87100     1.22623E-005   
41000   253.16000   1.66688000E-005   2.59500     1.15392E-005   
42000   255.92000   1.65707000E-005   2.31900     1.08162E-005   
43000   258.68000   1.64727000E-005   2.04300     1.00931E-005   
44000   261.44000   1.63747000E-005   1.76700     9.37005E-006   
45000   264.20000   1.62767000E-005   1.49100     8.64700E-006   
46000   265.48000   1.53583000E-005   1.35236     7.69657E-006   
47000   266.76000   1.44398000E-005   1.21372     6.74614E-006   
48000   268.04000   1.35214000E-005   1.07508     5.79570E-006   
49000   269.32000   1.26030000E-005   0.93644     4.84527E-006   
50000   270.60000   1.16845000E-005   0.79780     3.89484E-006   
