 63003.0 73803.0 84603.0 95403.0 106203.0
 117003.0 127803.0 138603.0 149403.0 160203.0
 171003.0 181803.0 192603.0 203403.0 214203.0
 225003.0 235803.0 246603.0 257403.0 268204.0
 279004.0 289804.0 300604.0 311404.0 322204.0
 333004.0 343804.0 354604.0 365404.0 376204.0
 387004.0 397804.0 408604.0 419404.0 430204.0
 441004.0 451804.0 462604.0 473404.0 484204.0
 495004.0 505804.0 516604.0 527404.0 538204.0
 549004.0 559804.0 570604.0 581404.0 592204.0
 603004.0 613804.0 624604.0 635404.0 646204.0
 657004.0 667804.0 678604.0 689404.0 700204.0
 711004.0 721804.0 732604.0 743404.0 754204.0
 765004.0 775804.0 786604.0 797404.0 808204.0
 819004.0 829804.0 840604.0 851404.0 862204.0
 873004.0 883804.0 894604.0 905404.0 916204.0
 927004.0 937804.0 948604.0 959404.0 970204.0
 981004.0 991804.0 1002604.0 1013404.0 1024204.0
 1035004.0 1045804.0 1056604.0 1067404.0 1078204.0
 1089004.0 1099804.0 1110604.0 1121404.0 1132204.0
 1143004.0 1153804.0 1164604.0 1175404.0 1186204.0
 1197004.0 1207804.0 1218604.0 1229404.0 1240204.0
 1251004.0 1261804.0 1272604.0 1283404.0 1294204.0
 1305004.0 1315804.0 1326604.0 1337404.0 1348204.0
 1359004.0 1369804.0 1380604.0 1391404.0 1402204.0
 1413004.0 1423804.0 1434604.0 1445404.0 1456204.0
 1467004.0 1477804.0 1488604.0 1499404.0 1510204.0
 1521004.0 1531804.0 1542604.0 1553404.0 1564204.0
 1575004.0 1585804.0 1596604.0 1607404.0 1618204.0
 1629004.0 1639804.0 1650604.0 1661404.0 1672204.0
 1683004.0 1693804.0 1704604.0 1715404.0 1726204.0
 1737004.0 1747804.0 1758604.0 1769404.0 1780204.0
 1791004.0 1801804.0 1812604.0 1823404.0 1834204.0
 1845004.0 1931404.0
