  2.4609838e-02  2.6926767e-02  1.6634414e-02  7.7874186e-03 -2.2152052e-03
 -1.0642779e-02 -4.0533319e-03  1.1688330e-02  1.9715548e-02  1.9083224e-02
  1.5806369e-02  9.1318171e-03 -4.1103689e-03 -1.7870255e-02 -2.5364487e-02
 -2.7494092e-02 -2.5421234e-02 -1.9913584e-02 -2.0979762e-02 -3.7588410e-02
 -5.2632600e-02 -4.5236956e-02 -1.6126730e-02  2.1262340e-02  4.1588932e-02
  3.1911679e-02  1.0386173e-02 -5.7378798e-03 -1.3799102e-02 -1.1369908e-02
 -1.0404978e-02 -1.7526444e-02 -2.6638836e-02 -3.5079669e-02 -3.7617363e-02
 -3.6113709e-02 -3.5616156e-02 -3.7515596e-02 -4.0660132e-02 -4.2510200e-02
 -3.6161482e-02 -2.1580676e-02 -1.4874242e-03  1.5456335e-02  7.6087662e-03
 -8.9210272e-03 -8.4441211e-03 -8.0981078e-03 -1.5256127e-02 -1.7502701e-02
 -1.0871636e-02 -7.3526376e-03 -3.0380373e-03 -1.1034566e-03 -3.8619267e-03
 -4.3124720e-03  5.4760906e-04 -9.7846110e-05 -7.2487271e-03 -1.2900313e-02
 -1.5342840e-02 -8.3823511e-03  6.7088190e-03  1.6494140e-02  1.8101875e-02
  1.7056689e-02  1.4759157e-02  8.5789394e-03  2.0722807e-03  3.8971039e-03
  1.2865149e-02  1.9814856e-02  1.6947970e-02  2.7245826e-03 -1.3619945e-02
 -2.3778174e-02 -2.5756791e-02 -1.6592577e-02  3.8890841e-03  3.1413257e-02
  5.6769781e-02  7.0477523e-02  6.6945605e-02  3.6692761e-02 -2.2436656e-02
 -6.5695435e-02 -7.2036326e-02 -4.7275648e-02 -1.8276315e-02 -3.8617384e-03
  6.7059239e-03  3.2721769e-02  6.6683434e-02  8.8202000e-02  8.9980997e-02
  6.9048718e-02  3.2160379e-02 -5.6077526e-03 -4.5123897e-02 -7.5031906e-02
 -8.1754699e-02 -5.9123047e-02 -2.6061663e-02 -2.6868427e-02 -3.2483205e-02
 -2.0856278e-02 -3.4222091e-04  6.8782642e-03 -7.2774626e-03 -3.5469223e-02
 -5.2475821e-02 -3.8158484e-02 -6.0253646e-03  2.5697583e-02  5.5893533e-02
  8.6814016e-02  9.9763639e-02  6.6879876e-02 -3.4249891e-02 -6.1598059e-02
 -1.8928181e-02 -1.1525805e-02  2.3777013e-04  4.1448944e-03 -8.7390607e-03
 -3.0567409e-02 -3.7773561e-02 -1.7620973e-02  9.4407545e-03  2.0561395e-02
  1.4057735e-02 -2.9449984e-03 -1.5938537e-02 -1.4859476e-02 -1.0355975e-02
 -1.4873953e-02 -2.4207108e-02 -2.6166761e-02 -1.6276561e-02
  2.4609838e-02  2.6926767e-02  1.6634414e-02  7.7874186e-03 -2.2152052e-03
 -1.0642779e-02 -4.0533319e-03  1.1688330e-02  1.9715548e-02  1.9083224e-02
  1.5806369e-02  9.1318171e-03 -4.1103689e-03 -1.7870255e-02 -2.5364487e-02
 -2.7494092e-02 -2.5421234e-02 -1.9913584e-02 -2.0979762e-02 -3.7588410e-02
 -5.2632600e-02 -4.5236956e-02 -1.6126730e-02  2.1262340e-02  4.1588932e-02
  3.1911679e-02  1.0386173e-02 -5.7378798e-03 -1.3799102e-02 -1.1369908e-02
 -1.0404978e-02 -1.7526444e-02 -2.6638836e-02 -3.5079669e-02 -3.7617363e-02
 -3.6113709e-02 -3.5616156e-02 -3.7515596e-02 -4.0660132e-02 -4.2510200e-02
 -3.6161482e-02 -2.1580676e-02 -1.4874242e-03  1.5456335e-02  7.6087662e-03
 -8.9210272e-03 -8.4441211e-03 -8.0981078e-03 -1.5256127e-02 -1.7502701e-02
 -1.3442232e-02 -8.1136283e-03 -3.3705435e-03 -1.1052662e-03  7.6810759e-04
  8.1141340e-03  1.6253978e-02  1.6006287e-02  4.2626737e-03 -1.2248925e-02
 -2.0552857e-02 -1.2468009e-02  5.1112161e-03  1.7132688e-02  2.0803297e-02
  2.0982368e-02  1.3884266e-02 -2.6240880e-03 -1.1257182e-02 -2.2838374e-03
  1.0696183e-02  1.8353762e-02  1.8420644e-02  9.6069425e-03 -2.0407659e-03
 -1.0677956e-02 -1.3012201e-02 -3.2467132e-03  2.1457769e-02  5.9360605e-02
  9.5286116e-02  1.0445975e-01  8.1926249e-02  3.5717349e-02 -2.2436656e-02
 -6.5695435e-02 -7.2036326e-02 -4.7275648e-02 -1.8276315e-02 -3.8617384e-03
  6.7059239e-03  3.2721769e-02  6.6683434e-02  8.8202000e-02  8.9980997e-02
  6.9048718e-02  3.2160379e-02 -5.6077526e-03 -3.9184418e-02 -6.2949993e-02
 -6.4729869e-02 -4.4852030e-02 -2.6061663e-02 -2.6868427e-02 -3.2483205e-02
 -2.0856278e-02 -3.4222091e-04  6.8782642e-03 -7.2774626e-03 -3.5469223e-02
 -5.2475821e-02 -3.8158484e-02 -6.0253646e-03  2.5697583e-02  5.5893533e-02
  8.6814016e-02  9.9763639e-02  6.6879876e-02 -3.4249891e-02 -6.1598059e-02
 -1.8928181e-02 -1.1525805e-02  2.3777013e-04  4.1448944e-03 -8.7390607e-03
 -3.0567409e-02 -3.7773561e-02 -1.7620973e-02  9.4407545e-03  2.0561395e-02
  1.4057735e-02 -2.9449984e-03 -1.5938537e-02 -1.4859476e-02 -1.0355975e-02
 -1.4873953e-02 -2.4207108e-02 -2.6166761e-02 -1.6276561e-02
  1.5893083e-02  2.0069782e-02  1.3170340e-02  5.9589469e-03  8.1573743e-03
  1.9964829e-02  2.7889008e-02  2.1773931e-02  1.0096314e-02  5.3367126e-03
  5.9186020e-03  1.4066059e-03 -9.8259691e-03 -2.0324854e-02 -2.5019951e-02
 -2.4650369e-02 -2.0651730e-02 -1.4852238e-02 -1.7120965e-02 -3.5498753e-02
 -5.0057128e-02 -4.1076470e-02 -1.5913930e-02  1.1997787e-02  2.8431864e-02
  2.4014136e-02  7.4080974e-03 -6.2859817e-03 -1.0676452e-02 -4.0178946e-03
 -1.1754356e-03 -9.1737118e-03 -1.9560941e-02 -2.8659871e-02 -3.3123195e-02
 -3.6006581e-02 -3.9614942e-02 -4.2591415e-02 -4.4324517e-02 -4.3387752e-02
 -3.4106281e-02 -1.7642254e-02  4.5168051e-03  2.2749053e-02  1.1309572e-02
 -9.7764609e-03 -9.8529244e-03 -1.0169766e-02 -1.9194547e-02 -2.0829644e-02
 -1.5080964e-02 -9.5573766e-03 -4.9045524e-03 -1.9813408e-03  3.1817867e-03
  1.5598202e-02  2.4450742e-02  2.0205282e-02  4.2961864e-03 -1.5148425e-02
 -2.5224498e-02 -1.7455222e-02  1.3551052e-03  1.5079226e-02  1.9311948e-02
  1.7506465e-02  9.6925702e-03 -6.2381226e-04 -3.5944050e-03  2.4354185e-03
  9.6317856e-03  1.4237764e-02  1.5503817e-02  1.3948889e-02  1.4069333e-02
  1.6226184e-02  1.6989229e-02  2.2269020e-02  4.1123949e-02  7.0475355e-02
  9.2124641e-02  8.8562608e-02  6.0438644e-02  1.3383633e-02 -4.1919138e-02
 -7.9304874e-02 -8.2285829e-02 -5.9005644e-02 -2.6445432e-02  4.4992883e-03
  3.3134922e-02  6.0975287e-02  7.7651694e-02  7.6454639e-02  6.3827701e-02
  3.9863791e-02  9.3837483e-03 -1.6347494e-02 -3.8228981e-02 -5.5034947e-02
 -5.5735018e-02 -3.8704239e-02 -2.2034217e-02 -2.3076506e-02 -3.3524048e-02
 -3.3121750e-02 -1.5924210e-02  6.7262203e-03  1.4656952e-02 -2.5120412e-03
 -2.6090907e-02 -3.2870729e-02 -1.9793430e-02  1.2685283e-02  6.1346170e-02
  1.1725156e-01  1.3659754e-01  6.5702371e-02 -3.4249891e-02 -6.1598059e-02
 -3.1243453e-02 -9.8426896e-04  1.3999729e-02  1.3689157e-02 -7.4384967e-04
 -2.1431858e-02 -2.8140459e-02 -4.8628752e-03  2.6899988e-02  3.7780654e-02
  2.1850077e-02 -1.4181728e-02 -4.0734254e-02 -3.5848211e-02 -2.1133065e-02
 -1.9003749e-02 -2.2865733e-02 -1.8983772e-02 -8.2953339e-03
  1.0493283e-02  1.1752576e-02  6.0909851e-03  7.1077852e-04  1.8489407e-03
  1.0983610e-02  1.9471480e-02  1.8413840e-02  1.2116566e-02  9.5018744e-03
  9.7815422e-03  5.2154302e-03 -6.0755974e-03 -1.7900657e-02 -2.4930343e-02
 -2.6824707e-02 -2.3232127e-02 -1.3913103e-02 -9.6994620e-03 -2.3147300e-02
 -3.9336279e-02 -3.5501365e-02 -1.6748052e-02  3.5433467e-03  1.6547989e-02
  1.3931735e-02  2.6038070e-03 -3.0902680e-03 -2.3621395e-03  1.3855548e-03
 -2.1800133e-03 -1.2266932e-02 -1.9482046e-02 -2.3905855e-02 -2.5301658e-02
 -2.8077485e-02 -3.3091493e-02 -3.7505463e-02 -3.9830063e-02 -3.8482897e-02
 -2.9129915e-02 -1.3124262e-02  1.6806538e-03  5.6631383e-03 -6.6362489e-03
 -1.6106321e-02 -1.0130811e-02 -8.1961127e-03 -1.5221965e-02 -1.6440433e-02
 -1.0328080e-02 -5.3027663e-03 -3.7361421e-03 -3.7311625e-03  1.7800191e-03
  1.6379341e-02  2.9165523e-02  2.9524975e-02  1.2860605e-02 -1.4596443e-02
 -3.2592785e-02 -2.5989717e-02 -4.7548674e-03  1.0079956e-02  1.3858166e-02
  1.0934520e-02  4.7569522e-03  8.9552783e-04  2.2178255e-03  6.0428521e-03
  1.0338937e-02  1.4909997e-02  1.6232986e-02  1.2929773e-02  1.2370829e-02
  1.8653568e-02  2.9365731e-02  4.9652223e-02  7.5841852e-02  8.5431531e-02
  7.0950754e-02  4.8174340e-02  3.0178864e-02  1.2696169e-02 -1.5428830e-02
 -4.8763525e-02 -6.7605138e-02 -6.3711450e-02 -4.3713324e-02 -1.4104350e-02
  2.3861991e-02  6.5198459e-02  8.6316317e-02  7.5222567e-02  4.8676375e-02
  1.5821425e-02 -1.7960442e-02 -4.1870207e-02 -5.2701216e-02 -4.9886014e-02
 -3.5177961e-02 -1.5129604e-02 -6.6659687e-04 -1.4267338e-03 -1.2927631e-02
 -2.2895120e-02 -2.3490820e-02 -1.3639314e-02 -2.9429721e-03 -4.9642380e-03
 -1.8946856e-02 -3.6307693e-02 -4.4987965e-02 -1.9090896e-02  5.1339436e-02
  1.4360276e-01  1.7288165e-01  7.7771842e-02 -4.2748194e-02 -7.6602153e-02
 -4.3257464e-02 -2.2345311e-03  1.9707875e-02  1.5557090e-02 -5.1159640e-03
 -2.5750425e-02 -2.8845306e-02 -2.0144191e-03  3.3375956e-02  4.6075568e-02
  2.8633812e-02 -1.2011962e-02 -4.4836540e-02 -4.4742879e-02 -3.0110972e-02
 -2.2257151e-02 -1.9640125e-02 -1.5268430e-02 -7.6272092e-03
  5.7178009e-03  7.3046335e-03  4.6329913e-03 -1.3111059e-03 -4.1714003e-03
  1.5517279e-03  1.0566533e-02  1.4025961e-02  1.2753423e-02  1.3073104e-02
  1.3551051e-02  7.3625538e-03 -5.6101996e-03 -1.8222464e-02 -2.5326846e-02
 -2.6284162e-02 -2.0491766e-02 -8.1998482e-03 -2.2850679e-03 -1.7841157e-02
 -4.0779702e-02 -3.8220730e-02 -1.6318541e-02  3.2716123e-03  1.6528592e-02
  1.6087791e-02  5.5852276e-03 -1.9904464e-03 -3.1867090e-03  5.1844231e-04
 -2.5482900e-03 -1.2532369e-02 -1.9355668e-02 -2.3442034e-02 -2.4138054e-02
 -2.4874028e-02 -2.7681414e-02 -3.1233611e-02 -3.3584267e-02 -3.2911409e-02
 -2.5420221e-02 -1.1549806e-02  5.2786781e-04  2.9190278e-03 -5.6394991e-03
 -1.1304894e-02 -6.7335735e-03 -6.4631710e-03 -1.2608717e-02 -1.2980744e-02
 -7.6195076e-03 -4.1638152e-03 -4.2298124e-03 -5.7139364e-03 -3.0557706e-03
  8.0422889e-03  2.0197174e-02  2.3141362e-02  1.2893697e-02 -1.1331460e-02
 -3.3778250e-02 -3.0280776e-02 -9.9671129e-03  3.4015081e-03  6.6084117e-03
  2.7623072e-03  1.6569851e-03  1.0958522e-02  1.5761785e-02  1.0877976e-02
  1.0194289e-02  1.6609661e-02  2.4193209e-02  2.8106006e-02  2.8695768e-02
  3.1008067e-02  3.8416740e-02  5.8021694e-02  8.4831342e-02  9.1756657e-02
  6.8595320e-02  3.4649286e-02  1.1617687e-02  2.2184046e-03 -1.3800231e-02
 -4.5632593e-02 -6.9787733e-02 -6.8110362e-02 -4.7007695e-02 -1.4633211e-02
  2.4684969e-02  6.1236724e-02  7.3230773e-02  5.4421734e-02  2.9118767e-02
  1.0928599e-02 -6.1857183e-03 -2.5398940e-02 -4.1468050e-02 -4.5391414e-02
 -3.5756432e-02 -1.8531242e-02 -2.4493886e-04  1.0841583e-02  4.6794456e-03
 -1.8259957e-02 -3.6995895e-02 -3.4030426e-02 -1.8996654e-02 -1.1085059e-02
 -1.4994539e-02 -2.7054591e-02 -3.3033881e-02 -5.2744220e-04  7.5737052e-02
  1.5614560e-01  1.5077634e-01  3.5947230e-02 -6.8953030e-02 -8.4188454e-02
 -4.5757961e-02 -6.0697929e-03  1.6124269e-02  1.7174089e-02  3.6335920e-03
 -1.2965298e-02 -1.8797319e-02 -1.1210149e-03  2.4024129e-02  3.0662371e-02
  1.6406413e-02 -1.1209772e-02 -3.3416197e-02 -3.4000318e-02 -2.4720579e-02
 -2.0133624e-02 -1.8631851e-02 -1.3978203e-02 -6.1756428e-03
  5.9078028e-03 -1.7412661e-03 -6.2405397e-03 -1.6471413e-03  5.8014458e-03
  1.4438217e-02  2.0806337e-02  1.9942535e-02  1.2362968e-02  6.2409886e-03
  3.9345110e-03 -6.9651211e-04 -9.2405630e-03 -1.7895589e-02 -2.2976765e-02
 -2.2887157e-02 -1.5184323e-02 -1.0200485e-03  1.0306424e-02 -8.8197086e-03
 -4.4661086e-02 -4.4879533e-02 -2.3233864e-02 -6.0166493e-03  1.0978891e-02
  1.8990286e-02  1.2525118e-02  1.9879856e-03 -3.6833764e-03 -3.2510418e-03
 -6.0230917e-03 -1.3394303e-02 -1.9235225e-02 -2.4090860e-02 -2.5230870e-02
 -2.3861846e-02 -2.4798896e-02 -2.7812136e-02 -2.9129623e-02 -2.8994124e-02
 -2.7167793e-02 -2.0975418e-02 -1.2160127e-02 -4.3628644e-03 -7.8052096e-04
 -6.8321859e-04 -4.5142719e-05 -8.5452374e-04 -3.5278136e-03 -3.2021843e-03
  1.2584224e-04  1.6098792e-03 -1.6056087e-03 -7.7780224e-03 -1.4064468e-02
 -1.5650896e-02 -1.2320452e-02 -1.1539296e-02 -9.3808966e-03 -9.3571404e-03
 -1.7319722e-02 -1.6860388e-02 -7.5937975e-03 -1.2017998e-03  1.3198727e-03
 -1.5539282e-03  1.0344800e-02  4.5870002e-02  5.5951726e-02  3.0795263e-02
  1.7292218e-02  2.3447679e-02  3.2588881e-02  3.6897887e-02  3.6929738e-02
  4.1675936e-02  5.3068921e-02  6.8656266e-02  8.0085583e-02  6.8958096e-02
  3.7415419e-02  8.0208769e-03 -6.0124374e-03 -6.9799307e-03 -1.2220464e-02
 -3.0291634e-02 -4.4358537e-02 -4.3909188e-02 -3.3003047e-02 -1.0900341e-02
  1.8357817e-02  4.1942585e-02  4.8099354e-02  3.6166549e-02  1.9898674e-02
  6.9533950e-03 -5.1707276e-03 -1.8505910e-02 -3.2700781e-02 -4.0598173e-02
 -3.6309715e-02 -2.1663912e-02  6.2606484e-04  2.2695204e-02  2.3721572e-02
 -4.6428069e-03 -3.5675507e-02 -4.4401672e-02 -3.9657362e-02 -3.9838459e-02
 -4.4635609e-02 -4.6823122e-02 -3.4472823e-02  2.0457314e-02  1.0791234e-01
  1.7170326e-01  1.4038497e-01  1.6995307e-02 -8.4107094e-02 -9.0864338e-02
 -4.0936772e-02  3.8882731e-03  2.3193913e-02  2.1613823e-02  9.9005224e-03
 -3.5424782e-03 -1.0192002e-02  8.6109887e-04  1.8347682e-02  2.1010742e-02
  8.0518574e-03 -1.3086710e-02 -3.0152809e-02 -3.1254165e-02 -2.3730837e-02
 -2.0559080e-02 -2.3848237e-02 -2.7295623e-02 -2.0276072e-02
  8.5545313e-03 -1.7015141e-02 -2.9760353e-02 -1.3581770e-02  8.1030307e-03
  2.3773830e-02  2.9755723e-02  2.4212172e-02  5.8437884e-03 -9.8388251e-03
 -1.3611752e-02 -1.6070854e-02 -1.8482313e-02 -1.7858094e-02 -1.5782919e-02
 -1.4534630e-02 -9.7011114e-03 -3.0624880e-03 -5.6940457e-03 -5.0270513e-02
 -1.0318453e-01 -7.9419531e-02 -1.4048877e-02  3.0006021e-02  4.7307644e-02
  3.9739732e-02  2.0958049e-02  5.3087887e-03 -2.8665224e-03 -4.2177103e-03
 -5.9005786e-03 -9.8244632e-03 -1.4840513e-02 -2.3012232e-02 -2.7637696e-02
 -2.4467099e-02 -2.0449786e-02 -2.2730814e-02 -2.7191103e-02 -2.8122509e-02
 -2.5614344e-02 -2.0532446e-02 -1.6039729e-02 -1.1945443e-02 -5.8781547e-03
 -1.0341846e-03  9.7130262e-04  9.1220019e-04  2.0314285e-03  7.9943575e-03
  1.4927515e-02  1.4276864e-02  1.5726462e-03 -1.4918104e-02 -2.6039517e-02
 -2.9214311e-02 -2.6936466e-02 -3.0064648e-02 -2.9870519e-02 -2.0913461e-02
 -1.7987804e-02 -1.4483383e-02 -4.5910832e-03  4.0988312e-03  8.8013960e-03
  8.1073008e-03  2.3445364e-02  6.3252404e-02  7.4870206e-02  4.4927012e-02
  2.4331167e-02  2.6843816e-02  3.4904215e-02  3.7514146e-02  3.7825532e-02
  4.7825314e-02  6.2139329e-02  6.9206223e-02  6.3649498e-02  3.8326409e-02
  5.8283564e-03 -9.2775496e-03 -5.2259839e-03  4.6823272e-03  2.9324186e-03
 -1.5396402e-02 -3.0094469e-02 -2.9571004e-02 -2.1170994e-02 -7.0306123e-03
  9.5888767e-03  2.2398584e-02  3.1017333e-02  3.3606704e-02  2.6841357e-02
  9.2451088e-03 -1.2999245e-02 -3.1680200e-02 -4.5309052e-02 -4.8129030e-02
 -3.6806114e-02 -1.7423952e-02  5.8676451e-03  2.5944840e-02  2.3076074e-02
 -9.1746813e-03 -4.1757148e-02 -4.9176823e-02 -4.1937813e-02 -3.9878413e-02
 -4.3821320e-02 -4.6376381e-02 -3.2004327e-02  3.1265747e-02  1.2404863e-01
  1.7825960e-01  1.3570002e-01  8.0718929e-03 -9.6497931e-02 -1.0005388e-01
 -4.1416667e-02  6.0694884e-03  2.3409750e-02  2.3896009e-02  1.7997647e-02
  8.2093440e-03  7.2183262e-04  7.5513106e-03  1.9374777e-02  1.5814330e-02
 -2.2941732e-03 -2.4020072e-02 -3.7610125e-02 -3.3869598e-02 -2.1261904e-02
 -1.4460553e-02 -1.6876314e-02 -2.2527421e-02 -1.8832639e-02
  8.4482757e-03  1.2693360e-02  2.8202415e-03 -2.1332551e-02 -1.7036567e-02
  3.8802389e-02  8.7803759e-02  7.7167310e-02  3.1060040e-02  6.3150207e-04
 -9.0292674e-03 -1.8368239e-02 -2.3239512e-02 -1.6701296e-02 -7.9298215e-03
 -8.7746726e-03 -1.6078379e-02 -2.3780055e-02 -3.0196957e-02 -6.9152504e-02
 -1.2296014e-01 -9.9528112e-02 -2.2752529e-02  4.0468756e-02  7.1798339e-02
  6.1014235e-02  3.3247404e-02  1.3313684e-02 -4.7069215e-04 -1.1251347e-02
 -1.6351692e-02 -1.4191756e-02 -1.3888813e-02 -2.4293093e-02 -3.3183567e-02
 -3.0686116e-02 -2.4402829e-02 -2.3438416e-02 -2.7280277e-02 -3.2288644e-02
 -3.5628032e-02 -3.4310833e-02 -2.9046383e-02 -1.8339576e-02 -1.6762242e-03
  1.0017651e-02  1.2179496e-02  1.4356570e-02  2.1563882e-02  2.6505215e-02
  2.4244888e-02  1.6698690e-02  1.4018158e-03 -1.7202174e-02 -3.1866223e-02
 -4.0454857e-02 -3.6251672e-02 -2.8707787e-02 -2.7196318e-02 -2.5427459e-02
 -2.3564503e-02 -1.6522080e-02 -2.1142766e-03  1.0451099e-02  1.7198412e-02
  1.8470446e-02  2.5412111e-02  4.4113453e-02  5.0220273e-02  3.5815354e-02
  2.6704267e-02  3.0231992e-02  2.8802896e-02  1.4224517e-02  1.3365350e-02
  4.8400167e-02  8.6511321e-02  9.3407668e-02  7.6027878e-02  4.3552063e-02
  3.5017424e-03 -2.5257219e-02 -2.8719513e-02 -9.7410232e-03  4.9002385e-03
 -2.9000207e-03 -1.4256422e-02 -1.3059059e-02 -5.5149598e-03  3.6832169e-03
  9.5640942e-03  9.9178208e-03  1.3804561e-02  2.2092843e-02  2.3894275e-02
  1.1013908e-02 -1.3199191e-02 -3.9417487e-02 -5.7532251e-02 -5.4153483e-02
 -3.1370841e-02 -5.7985499e-03  1.6112834e-02  3.2135043e-02  2.7782608e-02
 -3.7694518e-03 -4.0504079e-02 -5.9339903e-02 -5.9631452e-02 -5.1848419e-02
 -4.5993775e-02 -4.6387095e-02 -2.9812761e-02  4.8481960e-02  1.5313308e-01
  1.9506510e-01  1.3338612e-01 -2.4952344e-03 -1.0597571e-01 -1.0074963e-01
 -3.5174925e-02  9.9276369e-03  2.2211259e-02  2.2039715e-02  1.8761272e-02
  1.1888001e-02  4.8470814e-03  8.2284827e-03  1.6133243e-02  1.1251681e-02
 -6.5872613e-03 -2.7312849e-02 -4.0099464e-02 -3.6396291e-02 -2.3573047e-02
 -1.5351235e-02 -1.4245813e-02 -1.4807220e-02 -1.0557022e-02
  3.2452226e-02  6.6520721e-02  7.8804433e-02  6.4573079e-02  5.3976439e-02
  6.4794421e-02  7.6850422e-02  6.0302291e-02  2.3566384e-02 -2.1312281e-03
 -1.0485509e-02 -1.2332511e-02 -1.2255482e-02 -1.1268878e-02 -1.2825775e-02
 -2.0398103e-02 -2.9851411e-02 -3.6946677e-02 -4.1342836e-02 -7.2516508e-02
 -1.0978905e-01 -7.4688099e-02 -1.4929108e-03  4.2345028e-02  5.0357651e-02
  3.1535871e-02  9.8064551e-03 -1.7174090e-03 -9.1519533e-03 -1.5579817e-02
 -1.7679892e-02 -1.4100383e-02 -1.3452338e-02 -2.3902381e-02 -3.5496008e-02
 -3.8582351e-02 -3.5901919e-02 -3.2287192e-02 -3.0752847e-02 -3.3849616e-02
 -3.8265612e-02 -3.6703765e-02 -2.3058847e-02  3.4765103e-03  2.6340766e-02
  2.9339528e-02  1.8970454e-02  8.1929862e-03  2.7592531e-03 -5.1119685e-04
 -7.3435022e-03 -1.5422749e-02 -2.0263040e-02 -2.2683909e-02 -1.9778231e-02
 -1.0456932e-02 -8.2148602e-03 -1.8532110e-02 -2.6644479e-02 -2.4860132e-02
 -1.9359285e-02 -1.0510307e-02  2.9787570e-03  1.4143753e-02  1.8776903e-02
  1.9538214e-02  2.8103400e-02  4.6125509e-02  4.7636982e-02  3.0353593e-02
  2.2705190e-02  2.8937669e-02  3.1999689e-02  2.5294274e-02  2.8336322e-02
  5.6784693e-02  8.2960866e-02  7.8664154e-02  5.7745636e-02  3.4583706e-02
  3.5715173e-03 -3.0570157e-02 -4.2883109e-02 -2.0871045e-02  4.1757724e-03
  3.3895653e-03 -6.9742561e-03 -6.7744544e-03  2.4213768e-03  1.4838630e-02
  2.0708766e-02  1.5087622e-02  9.1994656e-03  9.0117510e-03  7.9885805e-03
 -8.9141075e-04 -2.0676341e-02 -4.8840247e-02 -7.0211306e-02 -6.4481877e-02
 -3.6727939e-02 -7.6562488e-03  1.9307172e-02  4.5236085e-02  4.8928842e-02
  1.4967758e-02 -3.0351423e-02 -5.6349393e-02 -6.5314271e-02 -7.0660353e-02
 -7.2954133e-02 -6.4949028e-02 -2.4910364e-02  7.4054763e-02  1.8023703e-01
  2.1132921e-01  1.4078206e-01 -1.5205749e-03 -1.0832796e-01 -9.9747136e-02
 -3.0238070e-02  1.4448554e-02  2.3627188e-02  1.7987370e-02  9.3408693e-03
  2.9058403e-03  2.9500219e-04  5.0615040e-03  1.1088215e-02  4.9877041e-03
 -1.1347210e-02 -2.7157228e-02 -3.4327045e-02 -2.8507724e-02 -1.7587390e-02
 -1.3067658e-02 -1.4636976e-02 -1.5672900e-02 -1.0994887e-02
  4.4042084e-02  6.9871545e-02  6.7076318e-02  4.3522384e-02  2.6385644e-02
  3.9235666e-02  6.5269969e-02  6.1688099e-02  3.2048479e-02  7.3705008e-03
 -4.6381885e-03 -8.2217799e-03 -1.0120302e-02 -1.4228933e-02 -1.9999430e-02
 -2.6847582e-02 -3.3024900e-02 -3.8180057e-02 -4.5619566e-02 -8.5881010e-02
 -1.3304420e-01 -1.0572643e-01 -2.5654880e-02  4.7752943e-02  8.0676205e-02
  5.7236202e-02  1.6626162e-02 -3.3686033e-03 -8.8360086e-03 -1.2800226e-02
 -1.6246304e-02 -1.5999483e-02 -1.7006600e-02 -2.6537646e-02 -3.6390353e-02
 -3.9252315e-02 -3.8338717e-02 -3.6776289e-02 -3.6316812e-02 -3.9540969e-02
 -4.3404836e-02 -4.0349040e-02 -1.7043369e-02  2.4328997e-02  4.5702077e-02
  3.4735136e-02  1.9122163e-02  9.1656921e-03  1.8452058e-03 -4.7842832e-03
 -1.2704535e-02 -1.7766895e-02 -1.7007178e-02 -1.5503092e-02 -1.4307582e-02
 -1.0090393e-02 -1.0354659e-02 -1.8118523e-02 -2.2312159e-02 -2.0375667e-02
 -1.7342739e-02 -1.0060500e-02  1.7086797e-03  9.8371310e-03  1.2627841e-02
  1.4306192e-02  2.3124568e-02  3.7789486e-02  3.5855308e-02  1.7661074e-02
  5.7605500e-03  3.2885352e-03  1.1082931e-02  3.2090172e-02  5.6748062e-02
  7.8467421e-02  9.0449020e-02  8.1932612e-02  5.9951235e-02  3.3468459e-02
 -1.3269185e-03 -3.7150066e-02 -4.8147272e-02 -2.3870965e-02  1.6749790e-03
 -1.2490881e-03 -1.5274077e-02 -1.6162775e-02 -1.0135025e-03  2.3481121e-02
  3.9601341e-02  3.2908514e-02  1.4890313e-02  1.3491119e-03 -6.2562036e-03
 -1.2393411e-02 -2.4287596e-02 -4.6380438e-02 -6.4269073e-02 -5.7441622e-02
 -3.3335563e-02 -1.1880170e-02  7.8922994e-03  3.1210445e-02  3.6446951e-02
  5.1934556e-03 -3.5324894e-02 -5.3324137e-02 -5.5351540e-02 -5.8517065e-02
 -6.2565655e-02 -5.6043219e-02 -1.2122184e-02  9.1541111e-02  1.9123468e-01
  2.0792150e-01  1.2916976e-01 -1.2616072e-02 -1.1404306e-01 -9.6406437e-02
 -2.0139992e-02  2.3530051e-02  2.4982022e-02  6.9024111e-03 -1.1197554e-02
 -1.3719339e-02 -2.3519772e-03  1.3224799e-02  2.2295510e-02  1.5151897e-02
 -3.7700746e-03 -2.2503393e-02 -3.1778786e-02 -2.7166782e-02 -1.7144268e-02
 -1.3871832e-02 -1.8031232e-02 -2.3239076e-02 -1.9051520e-02
  3.7724201e-02  5.3291269e-02  4.6802711e-02  3.0001238e-02  2.4361426e-02
  5.1252145e-02  8.7002061e-02  8.2510360e-02  4.8651911e-02  1.9080762e-02
 -1.9143154e-03 -1.3861713e-02 -1.8787473e-02 -2.0556476e-02 -2.1077042e-02
 -2.1581540e-02 -2.2974163e-02 -2.6984382e-02 -3.4128867e-02 -6.8420872e-02
 -1.1215304e-01 -1.0127148e-01 -4.6455570e-02  1.9731183e-02  6.8879344e-02
  6.4638078e-02  2.7154479e-02 -1.3559520e-03 -1.3813999e-02 -1.8211028e-02
 -1.7680615e-02 -1.4047777e-02 -1.3912727e-02 -2.3770211e-02 -3.6003113e-02
 -4.0852811e-02 -3.6761813e-02 -2.5884185e-02 -1.7448705e-02 -2.1603111e-02
 -3.3844117e-02 -3.9957598e-02 -2.4223899e-02  1.1028428e-02  3.2640703e-02
  2.7477445e-02  1.5550720e-02  4.5456416e-03 -5.9939218e-03 -1.2696025e-02
 -1.6850108e-02 -1.8447571e-02 -1.4538247e-02 -1.0128986e-02 -7.3638996e-03
 -2.1088335e-03 -3.3999011e-03 -1.1801478e-02 -1.3906444e-02 -1.3327480e-02
 -1.5005396e-02 -1.0645920e-02 -1.5616006e-03  2.5340165e-03  2.2600817e-03
  3.4241346e-03  1.1497967e-02  2.3777159e-02  2.3082299e-02  1.1822642e-02
  8.8100825e-03  1.2940993e-02  1.7677285e-02  2.5058601e-02  4.0479612e-02
  6.7425348e-02  8.9143246e-02  8.2789168e-02  5.9197161e-02  3.6686681e-02
  9.6789487e-03 -2.2615872e-02 -3.9011575e-02 -2.6406344e-02 -8.6309947e-03
 -8.8670887e-03 -1.4799690e-02 -9.1644758e-03  7.0487806e-03  2.4294397e-02
  3.0594911e-02  2.1459796e-02  7.7401390e-03 -2.3501823e-03 -9.9582840e-03
 -1.6714178e-02 -2.7672729e-02 -4.7041714e-02 -6.0150567e-02 -4.8084874e-02
 -2.3402946e-02 -8.8772802e-03  2.6092499e-03  2.5936153e-02  3.9699346e-02
  1.6203603e-02 -2.3995031e-02 -4.8936661e-02 -6.0415346e-02 -6.9564506e-02
 -7.2163001e-02 -5.3636100e-02  6.5903887e-03  1.1277883e-01  1.9982491e-01
  2.0257540e-01  1.1298352e-01 -3.3378415e-02 -1.2842569e-01 -9.7209878e-02
 -1.0970798e-02  3.3257827e-02  2.8193440e-02  9.8554432e-05 -2.3285400e-02
 -1.7973760e-02  5.3368867e-03  2.0482646e-02  1.7795993e-02 -6.4802385e-04
 -2.1197196e-02 -2.8698085e-02 -2.4917169e-02 -1.8195394e-02 -1.2079929e-02
 -8.3193500e-03 -8.3774719e-03 -1.1836524e-02 -1.1118383e-02
  7.3130889e-04  7.6174811e-03  8.1744567e-03 -3.2145327e-03  7.0840735e-03
  6.8005554e-02  1.2306482e-01  9.9738449e-02  4.0315598e-02  4.2077797e-03
 -1.0164773e-02 -9.5067397e-03 -7.2155767e-03 -1.3778229e-02 -2.2516711e-02
 -2.3409316e-02 -1.7249657e-02 -1.2839571e-02 -1.8210882e-02 -5.4135676e-02
 -9.8862492e-02 -9.1228120e-02 -4.2521350e-02  1.4969641e-02  5.7902116e-02
  5.6463171e-02  2.6359729e-02 -2.2354575e-04 -1.7489674e-02 -2.8593857e-02
 -2.9827958e-02 -1.9746237e-02 -9.3154926e-03 -1.0274749e-02 -1.8516766e-02
 -2.6317604e-02 -3.0685535e-02 -2.8969802e-02 -2.5230726e-02 -2.7572408e-02
 -3.4872800e-02 -3.8252290e-02 -2.3128623e-02  1.0232406e-02  3.0756326e-02
  2.5922254e-02  1.3589601e-02 -4.1996440e-04 -1.3606844e-02 -1.8660950e-02
 -1.9513169e-02 -1.9712362e-02 -1.4495109e-02 -7.9385657e-03 -2.5229712e-03
  5.2914456e-03  2.5255189e-03 -9.3068779e-03 -1.1774001e-02 -1.0647775e-02
 -1.2687845e-02 -9.1000414e-03 -1.3821005e-03  5.8990158e-04 -1.9753333e-03
 -1.6564637e-03  7.4078934e-03  2.0847304e-02  1.9770268e-02  4.9955794e-03
 -7.8396192e-03 -1.8426578e-02 -1.3316131e-02  2.3614883e-02  6.4641997e-02
  8.1258014e-02  7.9955012e-02  6.7225717e-02  5.1890548e-02  4.1476455e-02
  2.2758754e-02 -7.9511600e-03 -2.7898272e-02 -2.2404373e-02 -1.0143680e-02
 -1.0682764e-02 -1.6971856e-02 -1.4999317e-02  9.0265741e-05  2.2917703e-02
  3.7995193e-02  3.4339353e-02  1.7785568e-02 -2.3045673e-03 -1.9551964e-02
 -2.9301457e-02 -3.5972275e-02 -4.6081502e-02 -4.8855744e-02 -3.0711014e-02
 -9.4530173e-03 -8.3176419e-03 -9.6502993e-03  1.3475630e-02  3.5653073e-02
  1.7486779e-02 -2.1390166e-02 -4.3092292e-02 -4.6630297e-02 -4.5099430e-02
 -4.1652046e-02 -3.0045250e-02  1.1391102e-02  1.0051525e-01  1.8347393e-01
  1.8470877e-01  8.9363299e-02 -5.5028282e-02 -1.3923238e-01 -9.9088177e-02
 -1.0878627e-02  3.1240990e-02  2.4101863e-02 -5.6078392e-03 -3.0511092e-02
 -2.3311602e-02  4.7051706e-03  2.1457480e-02  1.6950287e-02 -3.5086330e-03
 -2.5082776e-02 -3.0608231e-02 -2.0764934e-02 -7.0401523e-03  2.1801870e-03
  3.5671166e-03  2.8170572e-05 -3.3884796e-03 -3.5279731e-03
 -8.3372137e-03  1.5953740e-03  8.2743568e-03 -1.9413573e-03  6.4520827e-03
  6.7038395e-02  1.2135082e-01  9.0972483e-02  2.7495394e-02 -4.8714881e-03
 -1.4705593e-02 -1.0498364e-02 -5.9115952e-03 -1.1764359e-02 -2.2161752e-02
 -2.5565563e-02 -1.9725246e-02 -1.3029370e-02 -1.6537422e-02 -4.9381226e-02
 -9.0137057e-02 -8.5666053e-02 -5.0144423e-02 -7.2498987e-03  3.9009403e-02
  6.3164823e-02  5.3478453e-02  2.3793230e-02 -6.8953033e-03 -2.8117584e-02
 -3.5164066e-02 -2.6235670e-02 -1.2355354e-02 -8.5868128e-03 -1.5173466e-02
 -2.6374061e-02 -3.6419015e-02 -3.8425140e-02 -3.4563880e-02 -3.3410549e-02
 -3.5655968e-02 -3.4807947e-02 -1.6704913e-02  1.6729379e-02  3.3246968e-02
  2.4938013e-02  1.3635187e-02  5.4246276e-03 -7.8086701e-04 -5.4157684e-03
 -1.1749868e-02 -1.5679270e-02 -1.2657924e-02 -7.9685887e-03 -5.7641980e-03
 -4.6250299e-03 -7.6519777e-03 -1.0917366e-02 -8.2051465e-03 -7.2010849e-03
 -9.8414449e-03 -7.1466253e-03 -1.1923525e-03 -1.5345881e-03 -6.0825315e-03
 -6.1603128e-03 -3.4334867e-03 -4.0662740e-03 -5.3566038e-03 -4.3635587e-03
 -5.2576000e-03 -9.3999039e-03 -3.6633988e-03  2.7636539e-02  7.3427498e-02
  1.0850456e-01  1.1082713e-01  6.8936810e-02  1.7227652e-02 -2.7034904e-03
 -2.3079838e-03 -6.6553876e-03 -1.1185727e-02 -5.6691901e-03 -6.8177673e-04
 -5.6502698e-03 -1.2929250e-02 -1.1935180e-02  2.2118466e-03  2.4984628e-02
  4.0443424e-02  3.5138007e-02  1.2010194e-02 -1.7139204e-02 -3.5466477e-02
 -3.0344332e-02 -1.7753579e-02 -2.3001377e-02 -3.4651894e-02 -2.6072666e-02
 -1.1157586e-02 -1.6779467e-02 -2.2564048e-02  3.0571895e-03  3.1211456e-02
  1.9465977e-02 -9.5992414e-03 -1.8425712e-02 -1.4357249e-02 -1.7783253e-02
 -2.8005974e-02 -2.9739076e-02  1.9340323e-03  8.5392155e-02  1.6659604e-01
  1.6474740e-01  6.6920556e-02 -7.1106084e-02 -1.4528984e-01 -1.0203946e-01
 -1.5795225e-02  2.5719590e-02  1.8799923e-02 -1.2779335e-02 -4.0042862e-02
 -2.9989079e-02  6.2432471e-03  3.0009635e-02  2.8849656e-02  9.8627685e-03
 -1.2227079e-02 -2.1527689e-02 -1.7301772e-02 -7.8093791e-03 -4.5383604e-05
  1.9336124e-03  8.9141380e-05 -1.0467067e-03 -5.5859366e-04
 -2.3907449e-02 -2.3251817e-02 -1.2647658e-02 -8.6348308e-03  1.1255040e-02
  7.3037371e-02  1.2248663e-01  8.9326084e-02  2.7436621e-02 -1.6550161e-03
 -1.0522916e-02 -1.0611497e-02 -1.1056758e-02 -1.6430445e-02 -2.1858908e-02
 -2.0089036e-02 -1.1805413e-02 -6.1851395e-03 -1.1218790e-02 -4.1273348e-02
 -8.1056364e-02 -8.9760669e-02 -7.0425980e-02 -2.4904864e-02  3.8417611e-02
  7.0697568e-02  5.5983860e-02  2.3471711e-02 -3.4431857e-03 -2.0882625e-02
 -2.8958946e-02 -2.6589902e-02 -1.9581644e-02 -1.6081564e-02 -1.6474307e-02
 -1.9507235e-02 -2.4396602e-02 -2.7765524e-02 -2.9040018e-02 -3.0117771e-02
 -3.0326379e-02 -2.8451266e-02 -2.2401333e-02 -1.0945378e-02  9.7198295e-04
  7.6220986e-03  1.0989269e-02  1.6449841e-02  2.0480331e-02  1.4697777e-02
  4.3034391e-03 -6.1972701e-04 -2.6049791e-03 -5.2772155e-03 -1.0552564e-02
 -1.9636074e-02 -2.0111185e-02 -7.4045495e-03  8.8522077e-04 -3.0599260e-03
 -8.4518511e-03 -6.4561786e-03 -1.5094137e-03 -2.7398404e-03 -7.8769838e-03
 -8.1461566e-03 -5.0098817e-03 -4.9810163e-03 -5.9568482e-03 -4.4556423e-03
 -2.8831267e-03 -2.3214901e-03  3.0383702e-05  1.1577890e-02  4.1336898e-02
  8.0749750e-02  9.9289969e-02  7.5224005e-02  2.9300299e-02 -2.2888607e-03
 -9.7632436e-03 -1.0068680e-03  9.6780658e-03  8.5685886e-03 -3.7114311e-03
 -1.3002893e-02 -1.0713539e-02  1.2318381e-04  1.4153251e-02  2.5571499e-02
  2.8678833e-02  2.1814175e-02  5.3146509e-03 -1.9793864e-02 -3.8649086e-02
 -3.2004181e-02 -1.2280931e-02 -8.0051273e-03 -1.5348196e-02 -1.0352690e-02
  2.6350175e-03  2.5661103e-03 -2.5838874e-03  6.2540751e-03  1.5424631e-02
  6.6737141e-03 -1.7251828e-03  7.8491019e-03  1.5745280e-02 -2.1495698e-03
 -3.5396408e-02 -5.2804291e-02 -2.8269444e-02  5.2260127e-02  1.3955969e-01
  1.4979631e-01  6.2563337e-02 -6.5153286e-02 -1.3504510e-01 -1.0183027e-01
 -2.8125258e-02  1.3480741e-02  1.4664482e-02 -1.0461724e-02 -3.5993267e-02
 -2.9011643e-02  2.5466112e-03  2.4548601e-02  2.6030686e-02  1.2965762e-02
 -4.2651491e-03 -1.4223836e-02 -1.3591788e-02 -5.3762333e-03  2.8727904e-03
  3.6601562e-03 -1.4394759e-03 -5.4982104e-03 -4.7044465e-03
 -2.1695180e-02 -2.3909763e-02 -1.4477737e-02 -7.9112779e-03  6.0161720e-03
  4.9294084e-02  8.9490972e-02  7.5594746e-02  3.0392535e-02  4.6895209e-04
 -6.4281090e-03 -2.0634939e-04  4.6100901e-03 -1.9969030e-03 -1.0935663e-02
 -1.0220564e-02 -3.7850142e-03 -2.3911791e-03 -1.1517337e-02 -2.7995555e-02
 -4.4517774e-02 -6.0559094e-02 -7.3884808e-02 -6.1103698e-02 -1.0322463e-02
  3.9442386e-02  4.7595289e-02  2.3363428e-02 -3.0968254e-03 -1.9330768e-02
 -2.6494216e-02 -2.5086684e-02 -1.9670093e-02 -1.6412202e-02 -1.4604260e-02
 -1.4027467e-02 -1.6507892e-02 -1.9606255e-02 -2.1411447e-02 -2.2292038e-02
 -2.0754656e-02 -1.7719846e-02 -1.7415700e-02 -1.6684646e-02 -8.7770605e-03
  1.0432990e-03  6.6127107e-03  1.1378232e-02  1.3929897e-02  9.5246164e-03
  3.1500405e-03  3.4951116e-04 -1.8974942e-03 -4.8523797e-03 -8.3492864e-03
 -1.3837308e-02 -1.3616136e-02 -4.5561516e-03  2.6624647e-04 -3.7066105e-03
 -7.1884040e-03 -4.7608605e-03 -3.9000859e-04 -1.0039553e-03 -5.0440743e-03
 -5.2127670e-03 -2.4560906e-03 -2.4533258e-03 -3.8103617e-03 -3.2947746e-03
 -1.2104770e-03 -6.5491746e-05  3.8674567e-03  2.5647497e-02  5.4725438e-02
  6.9989964e-02  6.9694936e-02  4.9494289e-02  1.6539885e-02 -9.5422491e-03
 -1.6029596e-02 -1.2730260e-03  1.8847838e-02  2.4113590e-02  1.3594264e-02
  7.6273107e-05 -8.3036870e-03 -8.2898475e-03  6.9306249e-04  1.2046459e-02
  1.8111287e-02  1.6388172e-02  5.7619968e-03 -1.3685595e-02 -3.0840142e-02
 -3.0779053e-02 -1.8165426e-02 -9.5534530e-03 -5.9694573e-03  4.0502921e-03
  1.5581266e-02  1.1547301e-02 -2.5096529e-03 -4.7895815e-03  9.5798727e-03
  2.7700959e-02  3.5833448e-02  2.6481476e-02  1.0030577e-03 -3.2553993e-02
 -5.8311366e-02 -5.8422104e-02 -2.5199166e-02  4.8085600e-02  1.2713571e-01
  1.3340089e-01  4.4409782e-02 -7.2436318e-02 -1.2630461e-01 -9.1634609e-02
 -2.8806802e-02  5.1176869e-03  8.0343550e-03 -8.4070908e-03 -2.5806881e-02
 -1.9211341e-02  7.2218156e-03  2.8299551e-02  3.1256769e-02  1.7147165e-02
 -2.6323250e-03 -1.4501769e-02 -1.4470773e-02 -5.9348731e-03  2.4520229e-03
  2.7060816e-03 -2.2321134e-03 -3.7835082e-03 -1.3799247e-03
 -1.6530041e-02 -1.9901279e-02 -1.5270169e-02 -1.2347477e-02 -2.6417782e-03
  3.3445582e-02  7.2594970e-02  6.8997316e-02  3.2304995e-02 -4.5050215e-04
 -1.3866822e-02 -8.4831920e-03 -1.0940803e-03 -7.1640546e-03 -1.5046945e-02
 -7.8496523e-03  7.0731444e-03  1.1654425e-02  1.2199285e-03 -1.5512647e-02
 -3.0909047e-02 -4.5751009e-02 -5.6726787e-02 -4.6105530e-02 -1.0861009e-02
  1.8265748e-02  1.7810613e-02 -2.0723096e-03 -1.9448025e-02 -2.4654713e-02
 -2.2764254e-02 -1.8987246e-02 -1.3345199e-02 -6.2652221e-03 -1.2197722e-03
 -3.2768818e-03 -1.1482288e-02 -1.8682376e-02 -2.1838062e-02 -2.1680126e-02
 -1.7826393e-02 -1.2821619e-02 -8.6452691e-03 -3.1088411e-03  1.4792741e-03
  2.3652376e-03  2.8741227e-03  4.1778134e-03  3.6404682e-03  9.8232331e-04
 -1.1736609e-03 -2.0802720e-03 -3.2308181e-03 -4.5160810e-03 -5.4582413e-03
 -7.0149787e-03 -7.8594666e-03 -6.2248479e-03 -5.0438144e-03 -5.8218860e-03
 -5.6577683e-03 -2.6883918e-03  9.0619252e-04  5.3859613e-04 -2.7207024e-03
 -2.8341969e-03 -1.6942905e-04  6.0900737e-05 -1.7124148e-03 -8.8595622e-04
  9.9155353e-04  2.4789488e-03  1.2880598e-02  3.7733465e-02  5.6191888e-02
  5.4485567e-02  4.5232322e-02  3.2304276e-02  1.3464483e-02 -4.9927859e-03
 -9.7222328e-03  6.3696536e-03  2.6129993e-02  2.6508981e-02  1.1510386e-02
  6.5912429e-04 -4.2150612e-04  1.7936558e-03  3.0319868e-03  2.2537266e-03
  2.1756850e-03  4.3079271e-03  2.2066786e-04 -1.6513683e-02 -3.4303445e-02
 -3.6877621e-02 -2.4583200e-02 -8.4521258e-03  5.8366517e-03  1.9483492e-02
  2.5988558e-02  1.4300141e-02 -3.9334977e-03 -5.0971303e-03  1.1405115e-02
  2.8178243e-02  3.2455549e-02  2.1152899e-02 -1.9059047e-03 -3.0537730e-02
 -5.2091621e-02 -5.0617360e-02 -1.7747063e-02  5.6112267e-02  1.3176100e-01
  1.2046458e-01  1.7116476e-02 -8.9372411e-02 -1.2542111e-01 -8.7883525e-02
 -3.3159241e-02 -4.4146026e-03  1.0069375e-03 -7.3720068e-03 -1.8028047e-02
 -1.3466583e-02  6.3920342e-03  2.5647063e-02  3.0875316e-02  1.8814255e-02
  3.3619010e-04 -1.0952558e-02 -1.2218264e-02 -7.2508403e-03 -1.4914777e-03
  5.3124363e-04 -2.1041431e-04  3.7659775e-04  1.5679413e-03
 -1.8350869e-02 -2.0048646e-02 -1.1818443e-02 -7.0317425e-03 -1.4062471e-03
  2.1282896e-02  4.9593307e-02  5.2465405e-02  3.0684667e-02  5.9689502e-03
 -8.3751697e-03 -8.3279200e-03 -4.9305810e-03 -9.6706385e-03 -1.3292043e-02
 -4.0458618e-03  9.3323132e-03  1.1742601e-02  3.1876352e-03 -7.2498410e-03
 -1.8172083e-02 -3.4534205e-02 -4.9070567e-02 -3.9659675e-02 -7.8713223e-03
  1.1986107e-02  5.1601604e-03 -1.2295480e-02 -2.4739977e-02 -2.7043732e-02
 -2.2045651e-02 -1.4327952e-02 -7.0418315e-03 -2.3485173e-03 -8.8801753e-04
 -4.1131917e-03 -1.0776469e-02 -1.5593713e-02 -1.6957959e-02 -1.6032780e-02
 -1.2492517e-02 -8.2963463e-03 -5.0795707e-03 -9.4737177e-04  2.3283951e-03
  2.1912178e-03  1.1349339e-03  2.0601497e-04 -1.7159469e-03 -3.2629410e-03
 -3.2622176e-03 -3.0021074e-03 -3.1348406e-03 -3.3407658e-03 -3.2182529e-03
 -3.0616196e-03 -4.2397724e-03 -5.8886795e-03 -6.3344766e-03 -5.6049875e-03
 -4.1018133e-03 -1.7406000e-03  7.2509848e-04  4.0135946e-04 -1.8031809e-03
 -1.6763399e-03  6.0196465e-04  2.4365040e-03  1.6926256e-03  5.2768248e-04
  9.4858790e-04  2.3407724e-03  1.1549270e-02  3.0616775e-02  4.1931730e-02
  3.6287569e-02  2.7322982e-02  2.2175359e-02  1.5610509e-02  7.4413051e-03
  7.2267517e-03  2.0794757e-02  3.3322245e-02  2.6520129e-02  8.1294654e-03
 -9.2131301e-04  4.1645095e-03  1.2114310e-02  1.3021349e-02  5.9308489e-03
 -2.4771250e-03 -7.0931506e-03 -1.2675583e-02 -2.4677876e-02 -3.6748495e-02
 -3.7780505e-02 -2.5763307e-02 -8.5863359e-03  1.7179591e-03  2.8874553e-03
  7.5798868e-03  2.2314040e-02  3.4401454e-02  3.0702615e-02  2.0236261e-02
  1.8518358e-02  2.1265233e-02  1.6212430e-02  4.6514055e-05 -2.6708754e-02
 -5.5278145e-02 -6.8719380e-02 -4.5549210e-02  4.4389226e-02  1.4549975e-01
  1.2983379e-01  9.3480917e-03 -9.3769588e-02 -1.1898860e-01 -8.1787847e-02
 -3.4364104e-02 -9.7873323e-03 -2.9525985e-03 -5.3874524e-03 -9.7536026e-03
 -5.1976829e-03  8.1876442e-03  2.0326881e-02  2.1807082e-02  1.0393874e-02
 -3.1662248e-03 -6.8281041e-03 -2.7321966e-03  1.1515860e-03  2.2225445e-03
  8.2765578e-04 -1.3566961e-03 -1.4579070e-03 -6.0167371e-05
 -1.4079886e-02 -1.5035509e-02 -7.9659978e-03 -3.1100283e-03  9.6753729e-04
  1.4394151e-02  3.0973468e-02  3.0365605e-02  1.1923251e-02 -8.4232893e-03
 -1.5923774e-02 -5.3720786e-03  5.8309482e-03  1.3184729e-03 -6.4020520e-03
 -1.5303754e-03  8.7169837e-03  1.0213673e-02  2.7032734e-03 -5.5449256e-03
 -1.1755674e-02 -1.9951945e-02 -3.0893993e-02 -3.2647073e-02 -1.7625462e-02
 -2.2530318e-03 -1.6880510e-03 -1.0814670e-02 -1.9848149e-02 -2.3674235e-02
 -2.0715280e-02 -1.2115669e-02 -3.4556061e-03 -4.7677517e-04 -2.7758861e-03
 -8.3341310e-03 -1.3848076e-02 -1.4299084e-02 -1.1093948e-02 -8.6813010e-03
 -6.7470223e-03 -4.7036069e-03 -3.2612474e-03 -8.5668074e-04  2.1102231e-03
  2.4722030e-03  1.0084979e-03 -4.1121349e-04 -2.4694088e-03 -3.8828736e-03
 -3.1487520e-03 -1.9744646e-03 -1.5955477e-03 -1.7437125e-03 -1.8899667e-03
 -1.9454252e-03 -2.7639724e-03 -4.0522753e-03 -4.8809266e-03 -4.5071351e-03
 -2.9183477e-03 -9.3825470e-04  8.6863671e-04  8.2155108e-04 -8.4828009e-04
 -8.2977081e-04  6.1147998e-04  3.3179802e-04 -1.0443745e-03 -4.5240141e-04
  7.6200732e-04  1.5042311e-03  8.5273739e-03  2.3831010e-02  3.4158252e-02
  3.1321768e-02  2.3215191e-02  1.5622668e-02  8.2214326e-03  3.5798850e-03
  7.5472570e-03  2.0249000e-02  2.9256003e-02  2.5194533e-02  1.5758889e-02
  1.2347290e-02  1.5480509e-02  1.7488370e-02  1.3315929e-02  4.2699408e-03
 -4.6077450e-03 -9.7093051e-03 -1.4312549e-02 -2.2820568e-02 -3.1296287e-02
 -3.2532565e-02 -2.5240857e-02 -1.4581243e-02 -1.0145765e-02 -1.2156161e-02
 -2.8182294e-03  2.7304452e-02  5.5339813e-02  5.4310404e-02  3.4168098e-02
  2.0679381e-02  1.5816793e-02  9.4868774e-03 -2.7929395e-03 -2.5331479e-02
 -5.3821541e-02 -7.3966600e-02 -6.3581891e-02  1.8412683e-02  1.2595227e-01
  1.2133388e-01  7.5530764e-03 -9.0049759e-02 -1.1093934e-01 -7.4039415e-02
 -2.8670147e-02 -2.6303562e-03  6.2858369e-03  2.6039660e-03 -5.2007805e-03
 -5.1063080e-03  3.6575794e-03  1.3200957e-02  1.5678981e-02  8.3216652e-03
 -1.0787369e-03 -3.1276313e-03  7.9133769e-04  4.3101129e-03  4.0067760e-03
 -8.3324371e-04 -6.3714921e-03 -6.4844945e-03 -2.4898783e-03
 -8.3422223e-03 -1.0289269e-02 -6.2401495e-03 -6.4638659e-04  4.2469380e-03
  1.1391783e-02  1.7629949e-02  1.2504851e-02 -2.3025551e-03 -1.4670561e-02
 -1.5109483e-02 -2.5882593e-03  7.8851916e-03  4.2122239e-03 -2.7577621e-03
 -1.3744948e-04  7.3645809e-03  9.2353513e-03  4.0698056e-03 -2.9353863e-03
 -9.0732323e-03 -1.5900323e-02 -2.4087822e-02 -2.6490886e-02 -1.6985755e-02
 -5.6752702e-03 -4.8057367e-03 -1.2227036e-02 -1.9132877e-02 -1.9871457e-02
 -1.4118871e-02 -4.6602502e-03  2.2611672e-03  1.3652211e-03 -4.4004731e-03
 -1.0190888e-02 -1.3025722e-02 -1.0596340e-02 -6.0814167e-03 -3.9851051e-03
 -2.9926111e-03 -1.5447937e-03 -2.1406382e-03 -3.8775466e-03 -1.8219569e-03
  1.3007538e-03  1.9086120e-03  3.5676092e-03  5.1389812e-03  3.3642172e-03
  1.6367472e-03  2.1170706e-03  1.9114781e-03  3.8552532e-04 -3.3026063e-03
 -9.3233380e-03 -9.9727158e-03 -3.6679006e-03  9.0721610e-04  1.9811236e-04
 -2.3502109e-03 -2.9415097e-03 -2.2095307e-03 -2.7163019e-03 -3.5898590e-03
 -2.8873393e-03 -1.7112279e-03 -1.7696106e-03 -1.8268932e-03 -8.2937267e-04
  1.7456524e-04  2.6967155e-04  1.2237488e-03  6.4450903e-03  1.3398501e-02
  1.8648066e-02  2.2596039e-02  2.3494584e-02  1.9543858e-02  1.2136111e-02
  6.4361724e-03  6.6006230e-03  1.0976749e-02  1.7980564e-02  2.5040941e-02
  2.6480462e-02  2.4014860e-02  2.2033202e-02  1.6934942e-02  6.3350992e-03
 -3.1075238e-03 -6.9880667e-03 -1.1456941e-02 -2.1164047e-02 -3.0232716e-02
 -3.2247234e-02 -2.7023759e-02 -1.7595351e-02 -1.0398391e-02 -5.9493640e-03
  7.6382686e-03  3.4696188e-02  5.6244146e-02  5.1662836e-02  3.0177563e-02
  1.4927082e-02  9.0727825e-03  3.6086640e-03 -8.8666268e-03 -3.5720680e-02
 -6.7830101e-02 -8.0798104e-02 -5.6072023e-02  2.6731627e-02  1.2247360e-01
  1.1448675e-01  7.6687564e-03 -8.1297830e-02 -9.7333215e-02 -6.2619798e-02
 -2.2946222e-02 -9.2514924e-04  5.9690662e-03  1.7088826e-03 -5.6007602e-03
 -6.1610802e-03 -9.9712098e-04  3.5303324e-03  4.5677754e-03  2.7006965e-03
  1.5625563e-03  3.6029459e-03  6.2277722e-03  6.5959622e-03  4.5739426e-03
  7.1076845e-04 -2.3500519e-03 -1.0342541e-03  1.5421156e-03
  3.6703621e-03 -3.2297906e-03 -9.7861886e-03 -4.6163155e-03  7.0586381e-03
  1.7950309e-02  2.2199389e-02  1.3798235e-02 -1.6386292e-03 -1.2816336e-02
 -1.4218654e-02 -6.1382940e-03  1.7759947e-03  1.4011789e-03 -1.1440597e-03
  1.2183896e-03  4.9032494e-03  3.8396618e-03 -1.0220072e-03 -5.0095199e-03
 -7.6956963e-03 -1.2476101e-02 -1.9769546e-02 -2.1780735e-02 -1.3159611e-02
 -3.8005328e-03 -4.1303025e-03 -1.1389583e-02 -1.7165696e-02 -1.6166832e-02
 -9.0983044e-03 -1.6633257e-05  4.7390740e-03  1.3595450e-03 -5.1470441e-03
 -9.1140987e-03 -9.9541573e-03 -8.3503434e-03 -6.1538853e-03 -4.7081239e-03
 -2.6378694e-03 -2.3471711e-04 -4.3824792e-04 -2.0741629e-03 -4.4565546e-04
  1.9820067e-03  2.0955151e-03  3.7431489e-03  5.5541471e-03  3.8948453e-03
  2.3179434e-03  3.0674534e-03  3.0227073e-03  1.5113971e-03 -2.5141409e-03
 -9.1311075e-03 -9.3483105e-03 -1.0527998e-03  5.0112572e-03  2.8585608e-03
 -2.4341592e-03 -4.1105566e-03 -3.3873215e-03 -3.7017900e-03 -3.9447742e-03
 -2.9459540e-03 -3.3732797e-03 -5.9159240e-03 -5.0262399e-03 -8.2670175e-04
  9.6045260e-04  6.8840984e-04  1.8780959e-03  6.2348363e-03  1.2242032e-02
  1.6680595e-02  1.6274968e-02  1.0532803e-02  5.0187986e-03  4.4879974e-03
  7.1105505e-03  8.7353978e-03  1.0903687e-02  2.0701528e-02  3.2894183e-02
  3.2274019e-02  2.2221828e-02  1.6805522e-02  1.4490765e-02  7.9983091e-03
  1.0541590e-03 -2.5570339e-03 -8.3671072e-03 -1.8377360e-02 -2.6055584e-02
 -2.8140167e-02 -2.5960183e-02 -1.9731615e-02 -1.2055477e-02 -3.2814709e-03
  1.1949830e-02  3.2362759e-02  4.6071079e-02  4.2773090e-02  2.7893491e-02
  1.5240491e-02  8.6435461e-03  3.6015706e-03 -9.1231018e-03 -4.0075436e-02
 -7.5660467e-02 -8.2843460e-02 -4.5429487e-02  4.1280154e-02  1.2829453e-01
  1.1025374e-01  1.1854807e-03 -8.0550566e-02 -8.9599110e-02 -5.5791471e-02
 -1.9568322e-02  1.5499764e-03  7.1986392e-03 -6.8681891e-04 -1.0563884e-02
 -1.0242698e-02 -3.0202027e-03  1.9899542e-03  2.3225036e-03 -5.4438664e-05
 -1.5216316e-03  2.9278008e-04  3.4657249e-03  5.3017959e-03  5.4290136e-03
  4.4430336e-03  3.7008922e-03  4.3517030e-03  3.9879866e-03
 -8.3507355e-03 -1.4532456e-02 -1.2799008e-02 -2.2281613e-03  9.5603876e-03
  1.7036421e-02  1.8350432e-02  1.1944662e-02  9.8734233e-04 -8.7775094e-03
 -1.1880054e-02 -5.5180723e-03  2.4681929e-03  3.6197526e-03  1.5629905e-03
  1.7797439e-03  3.1391254e-03  2.3852724e-03 -8.3400949e-04 -4.4472753e-03
 -7.5242389e-03 -1.1112362e-02 -1.5607757e-02 -1.6758330e-02 -1.1127590e-02
 -4.7891764e-03 -4.6875523e-03 -9.6240100e-03 -1.3964538e-02 -1.3621191e-02
 -8.6530717e-03 -1.3949614e-03  3.3747272e-03  1.8865789e-03 -2.6692830e-03
 -5.8327722e-03 -6.9692913e-03 -6.5242318e-03 -5.4543908e-03 -4.2116740e-03
 -1.8345513e-03  5.8489130e-04  2.8246713e-03  5.9852074e-03  6.3146581e-03
  1.8142408e-03 -2.2565206e-03 -1.6310579e-03  1.1290899e-03  1.6314200e-03
  1.0474320e-03  1.8197709e-03  2.1829810e-03  1.3816924e-03 -1.3175942e-03
 -5.8416463e-03 -6.4290501e-03 -1.5430999e-03  2.8277261e-03  2.2857047e-03
 -1.3527600e-03 -3.1213774e-03 -2.9207219e-03 -3.0976944e-03 -2.9985895e-03
 -2.1372647e-03 -2.4649210e-03 -4.0777968e-03 -3.3280991e-03 -3.6894559e-04
  1.0234433e-03  1.7289032e-03  4.2820866e-03  8.3118221e-03  1.2099515e-02
  1.2714091e-02  8.2438849e-03  1.0924691e-03 -3.1881421e-03 -1.5928115e-03
  3.1786023e-03  6.7727896e-03  1.0948229e-02  2.2735592e-02  3.5795953e-02
  3.3607572e-02  2.0931991e-02  1.5380333e-02  1.5671885e-02  1.0617475e-02
  6.5196573e-04 -8.0891633e-03 -1.4020937e-02 -1.7605919e-02 -1.9861612e-02
 -2.3003837e-02 -2.3894563e-02 -1.5328798e-02 -5.1562805e-05  1.4363953e-02
  2.6076572e-02  3.3148818e-02  3.2739576e-02  2.3972733e-02  1.1415510e-02
  3.4111785e-03  1.3082454e-03  3.4639298e-04 -7.9523036e-03 -3.2939784e-02
 -6.2257309e-02 -6.6833407e-02 -3.2256644e-02  4.7743529e-02  1.2591115e-01
  9.4143368e-02 -2.4181049e-02 -9.4658718e-02 -8.4678769e-02 -4.3425106e-02
 -9.0372134e-03  8.2956087e-03  1.0466111e-02  5.9711945e-04 -9.8533155e-03
 -1.0196563e-02 -4.1050129e-03  1.7029473e-04  9.0862747e-04 -1.3514180e-04
 -8.7991951e-04  5.2919087e-05  1.8998394e-03  3.3258118e-03  4.0426776e-03
  4.2299721e-03  4.3500816e-03  4.4376776e-03  3.2086405e-03
 -1.6111242e-02 -2.1468626e-02 -1.5698086e-02 -5.6121964e-03  3.2644903e-03
  1.0249676e-02  1.4128410e-02  1.1884600e-02  4.0587028e-03 -5.2957451e-03
 -8.5534891e-03 -1.2114410e-03  6.9269910e-03  6.0536508e-03  1.6233566e-03
  1.1159786e-03  2.8546806e-03  2.1981520e-03 -1.0213949e-03 -4.0419102e-03
 -6.2811025e-03 -9.0705678e-03 -1.3021842e-02 -1.5133224e-02 -1.1828374e-02
 -6.7380611e-03 -5.2395049e-03 -6.7689684e-03 -8.0930991e-03 -7.5194766e-03
 -5.2969898e-03 -2.2552465e-03 -4.7498732e-04 -1.8042088e-03 -4.3970277e-03
 -5.7289777e-03 -5.3681121e-03 -3.5560278e-03 -1.4285087e-03 -1.4188864e-04
  8.5090334e-04  1.5567656e-03  2.6485673e-03  4.9491245e-03  5.1597981e-03
  1.5742385e-03 -2.2599660e-03 -3.7420916e-03 -3.3872344e-03 -2.2891355e-03
 -1.0896288e-03 -5.5204750e-05  5.4961833e-04  5.8827002e-04  4.6716721e-04
  5.0904136e-04  8.1123097e-04  2.5717849e-03  4.7077322e-03  3.3268542e-03
 -3.5129467e-04 -2.0754803e-03 -2.2512511e-03 -2.6106976e-03 -2.5409362e-03
 -1.8694102e-03 -2.7576606e-03 -5.0188713e-03 -4.0234532e-03 -3.2090605e-04
  1.5112523e-03  2.2790020e-03  3.9850762e-03  6.0423166e-03  6.7305919e-03
  4.5979302e-03  1.1591687e-03 -8.5799955e-04 -8.7091961e-04  6.8591698e-04
  4.2580268e-03  9.6972464e-03  1.6227052e-02  2.5193518e-02  3.2610592e-02
  2.8784944e-02  1.7553657e-02  1.1874422e-02  1.1352190e-02  7.4502216e-03
 -1.1422227e-03 -1.0257623e-02 -1.6265994e-02 -1.8043971e-02 -1.7968114e-02
 -1.9747831e-02 -2.0273464e-02 -1.1352769e-02  5.5606468e-03  2.2038992e-02
  3.1921230e-02  3.1327415e-02  2.2657853e-02  1.1561445e-02  2.3595195e-03
 -1.0554706e-03  4.2345171e-04  1.7540341e-03 -4.8601246e-03 -2.6911709e-02
 -5.1829170e-02 -5.3043876e-02 -1.9580916e-02  5.0936855e-02  1.1497316e-01
  7.5981706e-02 -3.7038021e-02 -9.4403215e-02 -7.6690167e-02 -3.8927615e-02
 -1.0771226e-02  5.0619240e-03  1.0935621e-02  6.4195683e-03 -2.0087298e-03
 -5.9112338e-03 -4.8314612e-03 -2.1655227e-03 -3.3326444e-04 -2.5953093e-04
 -4.3092438e-04  8.3255890e-04  2.6025616e-03  3.5411459e-03  4.0483382e-03
  4.8317951e-03  5.6334189e-03  5.3218026e-03  3.2023289e-03
 -1.9805444e-02 -2.3699131e-02 -1.3917563e-02 -2.1127565e-03  5.8873044e-03
  1.0248026e-02  1.0650191e-02  6.8469802e-03  1.4932872e-03 -2.1665506e-03
 -1.9946448e-03  1.9065561e-03  4.6226843e-03  2.5880565e-03 -1.9968882e-04
  5.2432396e-04  2.9142941e-03  3.0714199e-03  5.8611023e-04 -2.1261906e-03
 -4.1893655e-03 -6.5194401e-03 -9.6047288e-03 -1.1342983e-02 -9.2225401e-03
 -5.9833978e-03 -5.1318156e-03 -5.6760521e-03 -5.7200310e-03 -4.9826950e-03
 -3.7205946e-03 -2.0861058e-03 -1.1126939e-03 -1.9800088e-03 -3.6394550e-03
 -4.2739362e-03 -3.5634397e-03 -1.8710605e-03 -1.8405588e-06  1.0906002e-03
  1.5198366e-03  1.4661296e-03  1.9958604e-03  3.7343900e-03  3.7561918e-03
  9.4029715e-04 -1.5007715e-03 -1.4385090e-03 -1.1272700e-04  4.5619422e-04
  5.0982449e-04  1.0036642e-03  1.1903635e-03  8.4587856e-04 -3.2208589e-04
 -2.4327547e-03 -2.7804319e-03 -4.0297356e-04  1.8786459e-03  1.8140672e-03
  2.7093821e-04 -5.5223570e-04 -7.3951686e-04 -1.1150000e-03 -1.1992187e-03
 -8.5900712e-04 -2.3062320e-03 -5.5334740e-03 -4.6521584e-03 -3.1266615e-04
  2.0863663e-03  3.1857393e-03  4.3026861e-03  4.9863579e-03  4.9067386e-03
  3.8570045e-03  2.0479604e-03  4.1038112e-04 -4.8847048e-04 -6.5374048e-04
  5.7223905e-04  3.9207009e-03  9.8626809e-03  1.9768097e-02  2.8773796e-02
  2.6264479e-02  1.4313922e-02  5.7764733e-03  4.7562285e-03  6.0133641e-03
  4.2746603e-03 -1.5307084e-03 -8.6786365e-03 -1.4128003e-02 -1.6875299e-02
 -1.8562512e-02 -1.7215060e-02 -6.8813041e-03  9.2399400e-03  2.0919396e-02
  2.3917872e-02  2.0317182e-02  1.3761262e-02  6.5424140e-03  7.2946021e-04
 -8.4437296e-04  6.6052849e-04  6.5369421e-04 -6.1592557e-03 -2.4117788e-02
 -4.1967630e-02 -3.6437549e-02  1.0904076e-03  6.7437500e-02  1.1774985e-01
  6.1073009e-02 -6.0422722e-02 -1.0706244e-01 -7.4010022e-02 -3.1220580e-02
 -5.2502896e-03  6.5380284e-03  9.6849706e-03  5.5838516e-03 -1.1386310e-03
 -4.5938045e-03 -4.1963574e-03 -2.1653199e-03 -4.0644497e-04  9.2437913e-05
  2.2349654e-04  1.1058437e-03  2.2308251e-03  3.0386888e-03  3.8508086e-03
  4.7568940e-03  5.2420963e-03  4.3105036e-03  2.0819656e-03
 -1.0475419e-02 -1.5227609e-02 -1.1900985e-02 -3.9908378e-03  1.8092610e-03
  2.4376332e-03  9.6067687e-04  1.0114553e-03  1.8857250e-03  1.7992868e-03
  1.7536286e-03  2.9102843e-03  3.3949651e-03  1.5878319e-03  1.1084248e-04
  1.7248064e-03  4.3737791e-03  4.0975716e-03  4.4062349e-04 -3.8291814e-03
 -6.6809524e-03 -7.6775006e-03 -7.3308079e-03 -6.1309976e-03 -4.3026428e-03
 -3.2384617e-03 -3.5587789e-03 -4.0887701e-03 -3.9473223e-03 -3.2597273e-03
 -2.4389075e-03 -1.7689738e-03 -1.5407404e-03 -1.9592354e-03 -2.5040214e-03
 -2.3659035e-03 -1.5626431e-03 -4.7666804e-04  5.3826900e-04  1.1544536e-03
  1.3338033e-03  1.0693374e-03  5.1182805e-04  8.2753279e-05  6.4695982e-05
 -1.5938250e-04 -4.8329524e-04  9.4854436e-04  3.1510538e-03  3.0773985e-03
  1.9263308e-03  1.9903451e-03  1.9769110e-03  1.3140808e-03 -8.5462944e-04
 -4.8628030e-03 -5.4539270e-03 -1.8117365e-03  8.1998768e-04  1.1999875e-03
  6.9217221e-04  2.6489439e-04  1.9248399e-05 -3.5838512e-04 -5.4476451e-04
 -3.9894483e-04 -1.1337743e-03 -2.7673021e-03 -2.1681571e-03  4.5206703e-04
  1.9113480e-03  2.5425139e-03  3.4575749e-03  4.2780037e-03  4.5991177e-03
  3.9796336e-03  2.1590660e-03 -2.9187239e-04 -2.1706906e-03 -3.0339409e-03
 -2.9468369e-03 -1.3767341e-03  3.0793964e-03  1.2177932e-02  2.1918694e-02
  2.3612130e-02  1.7645296e-02  1.1619249e-02  8.3342884e-03  6.1506568e-03
  3.0055672e-03 -1.1297804e-03 -6.3700015e-03 -1.3244472e-02 -1.8561788e-02
 -2.0180093e-02 -1.6952459e-02 -6.1416812e-03  7.8501869e-03  1.5517859e-02
  1.5533783e-02  1.3836205e-02  1.2766074e-02  1.0028450e-02  5.5751367e-03
  2.5127798e-03  1.4690249e-03 -1.3193082e-04 -6.0125822e-03 -1.9448750e-02
 -3.0802358e-02 -1.9851336e-02  1.7270938e-02  6.8943471e-02  9.8211639e-02
  4.0342957e-02 -6.1738186e-02 -9.4293624e-02 -6.3148901e-02 -2.8279433e-02
 -7.0696264e-03  3.6581585e-03  7.0638657e-03  3.3880309e-03 -2.3847227e-03
 -4.1574454e-03 -2.6863071e-03 -1.4121170e-03 -9.8468002e-04 -7.7211164e-04
 -3.3106405e-04  5.7386764e-04  1.8015309e-03  3.2788073e-03  4.5333370e-03
  4.6903468e-03  3.8701491e-03  2.4586818e-03  8.9329120e-04
 -5.1314100e-03 -9.6909776e-03 -1.0399346e-02 -6.7753089e-03 -2.4061911e-03
 -4.9530336e-05  1.6746606e-04 -2.7976878e-04  1.8225359e-04  2.0674167e-03
  4.1866293e-03  4.6340339e-03  2.9267441e-03  3.8089868e-04 -5.3194718e-04
  1.2387926e-03  2.8432442e-03  1.3689024e-03 -1.7996054e-03 -3.8730011e-03
 -4.6382900e-03 -5.0318278e-03 -5.2930960e-03 -4.7164182e-03 -2.7495539e-03
 -1.1027415e-03 -1.2084213e-03 -2.1535507e-03 -2.8124535e-03 -2.8221381e-03
 -2.3042776e-03 -1.7698712e-03 -1.5566209e-03 -1.6368630e-03 -1.7094326e-03
 -1.3669177e-03 -6.9734897e-04 -4.4731591e-05  4.8451999e-04  9.1067731e-04
  1.1244734e-03  9.4408129e-04  2.2342704e-04 -7.3960086e-04 -9.4424345e-04
 -7.0678891e-04 -9.8964688e-04 -1.1038678e-03 -6.7162741e-04 -2.5526911e-04
  8.3104904e-05  4.5206558e-04  6.8326929e-04  7.7337690e-04  5.7282677e-04
 -1.9970330e-05 -1.3711290e-04  6.0484686e-04  1.1970965e-03  1.0775266e-03
  7.3698355e-04  5.4952718e-04  3.8066562e-04  8.9609101e-05 -1.4298332e-04
 -1.2938141e-04 -3.0393840e-04 -6.9442764e-04 -1.1586634e-04  1.3332504e-03
  2.5489272e-03  3.5384102e-03  3.9591496e-03  3.5365287e-03  3.2309629e-03
  3.0221567e-03  1.3568525e-03 -1.9448895e-03 -4.6441527e-03 -5.1014158e-03
 -3.9036036e-03 -2.0917514e-03  1.0904989e-03  7.8492910e-03  1.5686072e-02
  1.8018056e-02  1.4287156e-02  8.6098313e-03  3.5430139e-03  4.8929133e-04
  4.0522753e-04  3.2200192e-03  2.7932581e-03 -5.3665773e-03 -1.3888682e-02
 -1.6709112e-02 -1.3982344e-02 -5.5393376e-03  4.7650589e-03  1.0220825e-02
  1.0651784e-02  1.0695546e-02  1.1104965e-02  9.1561079e-03  5.0123432e-03
  2.0485397e-03  1.4190108e-03  7.9727295e-04 -3.4721668e-03 -1.4189123e-02
 -2.2469951e-02 -9.2694582e-03  2.6458167e-02  6.3556992e-02  7.1295291e-02
  1.7115027e-02 -5.9455283e-02 -8.0249742e-02 -5.2348580e-02 -2.1037957e-02
 -2.5612754e-03  4.8325621e-03  6.2110955e-03  3.2137507e-03 -1.3460560e-03
 -3.8442800e-03 -3.9190352e-03 -2.8939114e-03 -1.5938394e-03 -4.4373595e-04
  5.3140719e-04  1.3785538e-03  2.1094412e-03  3.1145157e-03  4.1295206e-03
  4.1776979e-03  3.3357569e-03  2.0792438e-03  7.6394569e-04
 -4.0562707e-03 -7.7558891e-03 -7.9785632e-03 -4.2846338e-03 -5.9792720e-04
  2.0130149e-04 -4.8221965e-04  3.7824659e-05  1.4631908e-03  2.1802594e-03
  2.1943015e-03  1.9732197e-03  1.2578564e-03  3.4491637e-05 -2.8108468e-04
  1.1411094e-03  2.0839635e-03  4.3495608e-04 -2.1751637e-03 -3.1597393e-03
 -2.9148881e-03 -3.0357935e-03 -3.5360362e-03 -3.2303696e-03 -1.7615330e-03
 -7.1213784e-04 -1.0152177e-03 -1.8427448e-03 -2.4239968e-03 -2.4050616e-03
 -1.6872693e-03 -8.6384505e-04 -5.0438003e-04 -5.4365851e-04 -6.8223424e-04
 -6.5151119e-04 -4.0674032e-04  6.8883101e-06  4.8725307e-04  8.6269272e-04
  9.8623044e-04  8.0845435e-04  1.2197214e-04 -9.0845657e-04 -1.1544130e-03
 -7.2981487e-04 -6.9498637e-04 -7.1910821e-04 -4.4018490e-04 -1.7491990e-04
  4.0615399e-05  2.9378617e-04  5.3293013e-04  7.4284495e-04  6.4858265e-04
  1.5112376e-04 -1.6483573e-06  6.1863993e-04  1.3362642e-03  1.2539593e-03
  5.9860328e-04  2.1487736e-04  1.2949967e-05 -3.4640747e-04 -5.7549326e-04
 -4.7176634e-04 -1.6327083e-04  3.4690544e-04  9.6805266e-04  1.4178512e-03
  1.7113291e-03  2.0471355e-03  2.4800489e-03  2.9133677e-03  3.0360252e-03
  2.4207686e-03  8.9794688e-04 -1.1416855e-03 -2.8324884e-03 -3.5687524e-03
 -3.1435844e-03 -1.4960086e-03  1.5831994e-03  6.6928947e-03  1.1659435e-02
  1.2194174e-02  8.3683226e-03  3.1175991e-03 -1.5608479e-03 -3.9620446e-03
 -1.9758688e-03  5.0613303e-03  8.9174528e-03  2.5150815e-03 -7.2396072e-03
 -1.3248498e-02 -1.3593005e-02 -6.8534664e-03  2.6157929e-03  7.5233704e-03
  7.5968094e-03  7.2800540e-03  7.5705778e-03  6.7002783e-03  4.7616134e-03
  3.4518568e-03  2.7340790e-03  7.7839877e-04 -3.6697686e-03 -1.1094715e-02
 -1.5714012e-02 -3.8893302e-03  2.5280235e-02  5.1259670e-02  5.0285414e-02
  7.4610505e-03 -4.6500593e-02 -6.0983106e-02 -4.1347899e-02 -1.7773120e-02
 -2.6936319e-03  3.8422968e-03  5.4659569e-03  3.6220977e-03  1.4203091e-04
 -2.7335719e-03 -3.9259549e-03 -3.2280968e-03 -1.6391212e-03 -3.8957290e-04
  5.1985512e-04  1.3417567e-03  1.7692633e-03  1.9862626e-03  2.4871570e-03
  3.1883880e-03  3.6363713e-03  3.1221302e-03  1.6247609e-03
 -1.4179741e-03 -2.9417991e-03 -3.5347044e-03 -3.1554839e-03 -2.7789264e-03
 -2.5197428e-03 -1.9195849e-03 -8.8404812e-04 -1.6555230e-05  2.4436120e-04
  4.3692914e-04  8.6952985e-04  8.1243971e-04 -5.9811246e-05 -3.4955749e-04
  1.0319508e-03  2.1449665e-03  6.5714540e-04 -2.0055741e-03 -2.9565070e-03
 -2.2740369e-03 -1.8457125e-03 -2.4175404e-03 -2.8609924e-03 -1.8021965e-03
 -2.8743540e-04 -7.2561670e-05 -9.0829591e-04 -1.6740961e-03 -1.8368962e-03
 -1.1918792e-03 -1.5827941e-04  4.5115789e-04  4.1101658e-04  2.2910175e-05
 -3.1868534e-04 -4.6584263e-04 -3.5202425e-04 -5.2010702e-05  2.3329991e-04
  3.7849564e-04  3.2717572e-04  3.9002163e-05 -3.6752113e-04 -4.9849832e-04
 -4.2933921e-04 -5.5770483e-04 -7.5917575e-04 -7.9239585e-04 -5.6348951e-04
 -2.0822116e-04  2.8601240e-05  2.3594183e-04  5.2780838e-04  6.9927139e-04
  6.8406260e-04  5.9028802e-04  5.3086149e-04  6.4724212e-04  6.6031853e-04
  3.9613064e-04  1.9561374e-04  9.7416589e-05 -9.9052850e-05 -2.4314664e-04
 -9.7603777e-05  2.2531187e-04  5.2682112e-04  8.1863703e-04  1.1122175e-03
  1.3331085e-03  1.4831827e-03  1.6491100e-03  1.7850569e-03  1.6593736e-03
  1.0672804e-03  7.0736802e-05 -9.8322518e-04 -1.7701895e-03 -2.2000195e-03
 -2.0871912e-03 -1.1074998e-03  1.1989219e-03  5.3072101e-03  8.9213038e-03
  8.3192913e-03  4.7423593e-03  1.8170059e-03 -3.4853841e-05 -1.5092544e-03
 -1.0808866e-03  2.8607755e-03  5.5808555e-03  2.1034484e-03 -4.1532037e-03
 -9.0308171e-03 -1.0046097e-02 -4.7516539e-03  2.9095169e-03  5.9896228e-03
  4.7284337e-03  3.6853591e-03  3.8481308e-03  3.7370396e-03  3.1438302e-03
  2.7498438e-03  2.0970497e-03 -1.0691204e-04 -3.5828962e-03 -7.2192242e-03
 -8.3627058e-03  7.6407887e-04  2.1748453e-02  3.9010126e-02  3.4282748e-02
  1.1796554e-03 -3.6104441e-02 -4.4888079e-02 -3.0802358e-02 -1.4081432e-02
 -2.3694355e-03  3.5073007e-03  4.6448912e-03  2.2669870e-03 -9.4590534e-04
 -2.6749722e-03 -2.6191080e-03 -1.3635405e-03  5.8756363e-05  7.2032283e-04
  8.4416301e-04  9.4874843e-04  1.0011628e-03  1.1742847e-03  1.6784534e-03
  2.2540016e-03  2.4714356e-03  1.8582199e-03  7.5136579e-04
 -7.5336063e-04 -2.2503682e-03 -3.0124437e-03 -2.1614116e-03 -9.0895605e-04
 -3.0924683e-04 -1.4724123e-04  1.2406788e-04  4.1902054e-04  3.5631793e-04
  1.5357606e-05 -4.4957566e-04 -1.0086674e-03 -1.4894076e-03 -1.5205459e-03
 -7.6213467e-04  3.2747534e-04  6.0740049e-04  8.1718081e-06 -4.4419919e-04
 -5.0688436e-04 -7.2904333e-04 -1.5001489e-03 -2.2685069e-03 -1.8491144e-03
 -5.8548048e-04  7.1585688e-05 -1.3123249e-04 -4.5953100e-04 -6.0988322e-04
 -4.0195443e-04  1.6195928e-04  5.2660983e-04  3.1979717e-04 -1.9067734e-04
 -4.7508287e-04 -4.9104437e-04 -4.2415378e-04 -3.1473479e-04 -1.9370575e-04
 -5.9985254e-05  1.5678255e-05 -5.4629312e-05 -1.8787473e-04 -1.9750002e-04
 -1.2722082e-04 -1.7924108e-04 -2.2668856e-04 -1.6084025e-04 -6.7325309e-05
  2.7763497e-05  1.3610766e-04  2.6311670e-04  4.2970112e-04  4.0667804e-04
  1.9152276e-04  2.4606797e-04  3.9501453e-04  2.9926252e-04  2.3725478e-04
  2.6092934e-04  2.2806523e-04  1.8978128e-04  1.1410748e-04  6.7785513e-05
  2.3838828e-04  8.8504556e-04  1.7735481e-03  1.8593346e-03  1.3029935e-03
  1.1400223e-03  1.1835176e-03  8.7141473e-04  1.7212308e-04 -5.1547028e-04
 -8.8597788e-04 -1.1030977e-03 -1.2804263e-03 -1.3040270e-03 -1.1253534e-03
 -7.3384080e-04 -2.6128109e-05  1.4421439e-03  4.2587505e-03  6.9582891e-03
  7.0259650e-03  5.0386754e-03  2.8351378e-03  8.4875495e-04 -6.6813431e-04
 -1.3167098e-03 -7.9663453e-04 -2.7050971e-04 -1.3421461e-03 -3.4061840e-03
 -5.5828826e-03 -6.1710826e-03 -2.7189222e-03  2.1918691e-03  3.7915574e-03
  2.6503771e-03  1.8417604e-03  1.9636941e-03  2.2695058e-03  2.4717972e-03
  2.5346966e-03  2.0684302e-03  5.1270961e-04 -1.5454740e-03 -2.9672049e-03
 -2.8639452e-03  3.1421222e-03  1.6628768e-02  2.5913280e-02  1.8217830e-02
 -6.5228711e-03 -2.8816501e-02 -2.9708819e-02 -1.7795414e-02 -7.6190731e-03
 -1.4874387e-03  2.0027366e-03  2.9666114e-03  1.4506399e-03 -6.6366402e-04
 -1.5057077e-03 -1.1480147e-03 -3.7315240e-04  2.5756069e-04  3.7527317e-04
  9.3058072e-05 -2.0743799e-04 -1.6802194e-04  5.2655907e-04  1.5708945e-03
  2.3077810e-03  2.4936420e-03  2.0697040e-03  1.1393056e-03
 -1.6464462e-03 -1.4777108e-03 -3.8259529e-04  1.9144603e-04  2.1707195e-04
  2.2061719e-04  3.6098802e-04  5.8135332e-04  6.1292178e-04  1.1953303e-04
 -5.8540376e-04 -9.4661611e-04 -1.0321406e-03 -1.1582335e-03 -1.0783736e-03
 -3.6888337e-04  6.0611212e-04  9.8709180e-04  6.2010781e-04  4.0285340e-05
 -4.3597803e-04 -8.1493694e-04 -1.3325134e-03 -1.8392705e-03 -1.5420433e-03
 -5.7766470e-04  3.9833394e-05  1.0672455e-04  1.2910346e-04  1.1537342e-04
  1.1960094e-04  3.9463092e-04  6.2033220e-04  3.7554387e-04 -1.4007548e-04
 -4.2147719e-04 -4.9700146e-04 -5.5044208e-04 -5.0824950e-04 -3.8312367e-04
 -2.2221972e-04 -5.7832774e-05  7.3233095e-05  1.4711385e-04  1.0324576e-04
  3.6761380e-06 -7.0043818e-05 -8.7691864e-05 -5.3040698e-05 -2.9875732e-06
  5.3524778e-05  1.1261048e-04  1.5100508e-04  2.3442470e-04  2.3639058e-04
  1.5052012e-04  3.2162113e-04  4.8647713e-04  2.9746749e-04  1.3189811e-04
  1.2092030e-04  8.5749140e-05  6.2792642e-05  3.7022241e-05  5.1048894e-05
  2.4874895e-04  8.6091651e-04  1.6227774e-03  1.5399443e-03  8.8787725e-04
  6.2432187e-04  4.6418948e-04  1.2357454e-04 -2.0950087e-04 -5.0237356e-04
 -7.7676727e-04 -9.9023897e-04 -1.0364415e-03 -8.4945851e-04 -5.1423541e-04
 -1.7658612e-04  2.2521341e-04  1.2711297e-03  3.4968343e-03  5.2336273e-03
  4.0305606e-03  1.2215527e-03 -1.3136059e-04  9.2943286e-05  4.4107230e-04
  4.5244340e-04  2.5052810e-04 -2.2157408e-04 -7.9886103e-04 -1.5154938e-03
 -3.0567267e-03 -4.0675336e-03 -1.9891292e-03  1.2950200e-03  2.2192874e-03
  1.3884759e-03  8.1411895e-04  7.7682955e-04  9.2211494e-04  1.1230791e-03
  1.2799457e-03  9.8568329e-04 -1.8415866e-04 -1.3419606e-03 -9.1765053e-04
  1.3159583e-03  6.5458161e-03  1.4574294e-02  1.7787017e-02  9.7863190e-03
 -6.5043415e-03 -1.9706573e-02 -2.0295177e-02 -1.2978298e-02 -6.3263401e-03
 -2.2619925e-03 -7.2258255e-05  6.8435498e-04  2.2727196e-04 -4.5982481e-04
 -3.3136949e-04  2.4613168e-04  4.9600977e-04  3.9183258e-04  2.2754990e-04
  8.2423350e-05 -1.1444101e-04 -1.7991135e-04  3.1871142e-04  1.3192372e-03
  2.3355177e-03  2.8946933e-03  2.5362605e-03  1.3827244e-03
 -7.8572234e-04 -7.2394044e-04 -1.8763586e-04  1.2560569e-04  1.4028161e-04
  9.1196278e-05  1.4878731e-04  3.8461763e-04  5.3996127e-04  2.1390454e-04
 -4.2932472e-04 -8.8992703e-04 -9.8060933e-04 -7.4765988e-04 -2.0450218e-04
  4.5957876e-04  7.5611105e-04  4.0070945e-04 -2.0695881e-04 -5.4621644e-04
 -6.5537635e-04 -7.2585710e-04 -8.2959415e-04 -8.7188371e-04 -5.4591242e-04
 -1.1289407e-05  2.0287218e-04  4.1823881e-05 -8.8152636e-05 -1.4163891e-04
 -2.2074893e-05  4.3880384e-04  7.5166387e-04  4.1219065e-04 -2.4067264e-04
 -5.2170956e-04 -5.0558295e-04 -5.4883666e-04 -6.0415635e-04 -5.7526020e-04
 -3.9352349e-04 -1.0708386e-04  2.1638142e-04  4.7773053e-04  3.7719420e-04
  8.5172396e-05 -4.4788190e-05 -7.9885671e-05 -1.2552565e-04 -1.3714620e-04
 -1.1743396e-04 -1.0071083e-04 -6.7021458e-05  5.2594241e-05  2.1356002e-04
  3.7848839e-04  5.8346830e-04  6.2079693e-04  3.5218353e-04  9.8175158e-05
  3.0177707e-05  4.1452859e-06 -3.0965798e-06  5.4495122e-06  5.1766052e-05
  2.0622487e-04  4.6044303e-04  6.4254605e-04  5.3918100e-04  3.6580715e-04
  3.1633876e-04  1.4567346e-04 -1.4786082e-04 -3.2536619e-04 -3.5678412e-04
 -3.5352548e-04 -3.8393869e-04 -4.0015939e-04 -2.9667851e-04 -5.5170149e-05
  2.3657440e-04  5.2601768e-04  9.9962391e-04  1.9181661e-03  2.5626216e-03
  1.8875923e-03  6.3966814e-04  1.5512356e-04  2.7866568e-04  3.1465807e-04
  9.5679876e-05 -3.1757215e-04 -6.9751393e-04 -5.8317155e-04 -3.4123074e-04
 -1.1468738e-03 -2.1333420e-03 -1.1124364e-03  8.1035949e-04  1.2713440e-03
  7.2491320e-04  3.4771036e-04  3.5824178e-04  7.1633310e-04  1.1234758e-03
  1.0268466e-03  2.2478928e-04 -9.5162203e-04 -1.6499496e-03 -8.3568582e-04
  1.6761952e-03  6.1610220e-03  1.1295298e-02  1.1661520e-02  4.9870382e-03
 -5.0707404e-03 -1.2990255e-02 -1.3740649e-02 -8.8913944e-03 -4.1293469e-03
 -1.2647051e-03 -1.0290355e-04  4.6343092e-05 -5.3965294e-05 -2.1003938e-04
 -1.0947578e-04  1.8774877e-05  9.2446744e-06 -6.2940293e-05 -1.0843217e-04
 -1.2835866e-04 -1.5260615e-04 -1.1634783e-04  3.9123767e-04  9.7452203e-04
  9.4528584e-04  5.8392721e-04  1.7874165e-04 -6.9321446e-05
 -2.7215859e-04 -2.1975876e-04 -8.5606844e-05 -1.3416582e-04 -2.6571084e-04
 -2.7186185e-04 -6.2720981e-05  3.0570306e-04  5.8649096e-04  4.8079525e-04
  2.6318185e-05 -4.9609377e-04 -8.7954447e-04 -9.8084239e-04 -6.2786270e-04
  1.1279839e-04  7.0463045e-04  6.8140624e-04  2.3008038e-04 -2.0866992e-04
 -4.8888894e-04 -6.0325884e-04 -4.7594134e-04 -1.5255982e-04  7.1108690e-05
  1.4184954e-05 -1.9660103e-04 -4.6769128e-04 -6.5309630e-04 -5.3378561e-04
 -5.7415284e-05  5.4094713e-04  7.6075800e-04  2.9397142e-04 -4.4140810e-04
 -7.9858163e-04 -7.9084985e-04 -7.2252320e-04 -6.4719433e-04 -5.3975859e-04
 -3.7857521e-04 -1.2002639e-04  3.0247195e-04  6.8897579e-04  6.1153783e-04
  2.7652318e-04  1.3281243e-04  1.0146924e-04  3.7654132e-05 -6.2109364e-05
 -1.6591419e-04 -1.8382138e-04 -9.2228292e-05  6.3573199e-05  1.9954696e-04
  2.7447479e-04  3.1938456e-04  3.7582620e-04  4.0857011e-04  2.4575382e-04
 -2.6101474e-05 -1.3832065e-04 -1.5644671e-04 -2.3337951e-04 -3.0938582e-04
 -2.5888236e-04  2.1009873e-04  9.6941920e-04  1.1035478e-03  6.2053622e-04
  3.9885798e-04  5.1166443e-04  5.2889850e-04  1.9745079e-04 -2.8098768e-04
 -5.1236508e-04 -5.3199497e-04 -5.4260466e-04 -5.1626062e-04 -3.7138342e-04
 -1.3648419e-04  1.3961931e-04  5.1445403e-04  1.0540461e-03  1.3544754e-03
  1.0229467e-03  5.7014282e-04  5.3142314e-04  5.9552555e-04  3.4865132e-04
 -2.4942647e-05 -1.5747307e-04 -1.4230178e-04 -2.1453280e-04 -4.0630458e-04
 -8.5037784e-04 -1.0538318e-03 -1.4784635e-04  8.7597332e-04  7.5931021e-04
  1.2504272e-04 -2.7328343e-04 -3.1645314e-04 -5.6803659e-05  2.1742372e-04
  1.2279105e-04 -2.8638731e-04 -8.3264720e-04 -1.4479329e-03 -1.3942376e-03
  4.6658239e-04  4.7920863e-03  9.1830632e-03  8.8046817e-03  3.9971932e-03
 -1.3512443e-03 -6.3237930e-03 -9.2070941e-03 -7.9910271e-03 -4.1109482e-03
 -9.1994071e-04  5.1927027e-06 -2.7270869e-05 -3.9468156e-05  1.0644762e-05
  1.0919755e-04  1.7466510e-04  9.7607830e-05 -6.0291863e-05 -1.5985442e-04
 -1.8613323e-04 -1.9059049e-04 -2.0314143e-04 -2.3391075e-04 -2.0516086e-04
 -1.0488954e-04 -4.9407721e-05 -3.7092017e-05 -1.8348841e-05
  3.4611649e-04  2.8983268e-04 -8.5222207e-05 -4.1433747e-04 -5.0886039e-04
 -3.3644342e-04  3.4538833e-05  3.9083234e-04  4.3982151e-04 -2.1681139e-05
 -7.2944717e-04 -1.1298945e-03 -1.0597889e-03 -7.4263796e-04 -2.8513512e-04
  2.5163119e-04  5.4703583e-04  3.6970855e-04 -4.1260610e-05 -3.2063099e-04
 -3.8367670e-04 -2.9675089e-04 -7.5295233e-05  1.1167661e-04 -1.1467828e-05
 -3.0132977e-04 -4.4002422e-04 -4.9262954e-04 -5.6180311e-04 -4.3620821e-04
 -2.4994471e-05  4.2274961e-04  5.4556213e-04  2.0365100e-04 -2.8388004e-04
 -5.6483876e-04 -6.1849656e-04 -2.8118023e-04  9.3556497e-05  1.4529996e-04
  1.1146699e-04  7.7477525e-06 -9.1722788e-05 -9.7997668e-05 -5.8332644e-05
 -6.2035237e-05 -8.9402958e-05 -7.3910000e-05 -3.2958746e-05 -2.7821839e-05
 -5.9080052e-05 -8.8208377e-05 -5.5257155e-05  7.5952456e-05  2.1386689e-04
  2.1302294e-04  1.0768057e-04 -1.6120219e-05 -8.9596513e-05 -8.3178726e-05
 -7.9456149e-05 -3.7704074e-05  4.5287190e-05  3.3478300e-05 -4.8844446e-05
 -3.5915818e-05  1.5732976e-04  4.3835799e-04  5.6685670e-04  4.7141020e-04
  3.8803837e-04  5.0163234e-04  6.4717693e-04  5.2708748e-04  2.2374842e-04
  1.9423127e-05 -1.2562597e-04 -3.1616216e-04 -4.0679672e-04 -2.9743562e-04
 -8.3604195e-05  1.7041632e-04  5.1872601e-04  9.6720143e-04  1.1998195e-03
  9.6347241e-04  5.8574107e-04  4.5300508e-04  4.8823599e-04  4.1370050e-04
  1.5774522e-04 -1.8867961e-04 -6.6313567e-04 -1.1376409e-03 -1.3198614e-03
 -1.3486732e-03 -1.0007807e-03  3.0023968e-04  1.5324454e-03  1.5366292e-03
  8.3520083e-04  1.1819586e-04 -3.4253506e-04 -4.4024712e-04 -3.2285307e-04
 -2.4452191e-04 -2.7920707e-04 -6.6772755e-04 -1.5307952e-03 -1.6328676e-03
  5.5374706e-04  4.8095738e-03  8.0340793e-03  6.5964973e-03  2.1725146e-03
 -1.6555955e-03 -5.4940702e-03 -7.9602357e-03 -5.3170542e-03 -1.0810791e-03
  2.0737572e-04  9.8623779e-05  2.4414696e-05 -1.4828206e-05  3.8231879e-05
  1.4110877e-04  2.1021745e-04  1.4560542e-04 -1.2056606e-05 -1.5292173e-04
 -2.3059279e-04 -2.4024126e-04 -2.1401310e-04 -2.0179366e-04 -1.9568903e-04
 -1.5102098e-04 -8.0615850e-05 -2.5047601e-05  2.4732160e-06
  3.6107629e-04  3.8131271e-04  7.8110868e-05 -2.7117852e-04 -4.3244296e-04
 -3.2861755e-04 -1.0295796e-04  2.9727205e-06 -6.8956353e-05 -2.3474602e-04
 -4.0097872e-04 -4.6722803e-04 -4.0843693e-04 -2.8907557e-04 -1.2475521e-04
  9.7915450e-05  2.6303128e-04  2.2515551e-04  1.4770301e-05 -2.1474561e-04
 -3.4722826e-04 -3.4075446e-04 -1.6464607e-04  5.8595388e-06  3.5929719e-05
  4.5827441e-05  7.1349874e-05  7.2874078e-05  4.9444054e-05  3.1770247e-05
  1.9553994e-05 -6.7430124e-06 -2.8851098e-05 -1.1689835e-05  3.4687793e-05
  8.1073733e-05  1.2279468e-04  1.5809556e-04  1.7021799e-04  1.4889876e-04
  8.6828630e-05 -1.2010543e-05 -7.6164244e-05 -4.7875117e-05  1.1026560e-05
  1.0874024e-05 -4.1532330e-05 -8.3978259e-05 -1.0127989e-04 -9.9817349e-05
 -8.7103828e-05 -9.2679664e-05 -1.0579025e-04 -8.9705078e-05 -6.5575994e-05
 -6.9702757e-05 -9.4359209e-05 -1.0883535e-04 -8.9474313e-05 -4.0515373e-05
  8.8175220e-06  3.2184846e-05  3.2007221e-05  2.7122633e-05 -1.8256338e-06
 -7.8255347e-05 -1.3286744e-04 -9.6476208e-05 -2.6540247e-05 -7.7556870e-06
  4.1006264e-05  8.6948508e-05  4.3363001e-05  3.0218096e-06 -1.2960304e-05
 -3.0375886e-05 -8.3685400e-06  9.8257959e-05  1.9427037e-04  1.6468370e-04
  1.2030071e-04  2.3586796e-04  4.1462554e-04  4.7561844e-04  4.2442599e-04
  3.6837088e-04  4.0418672e-04  5.1163114e-04  4.9430015e-04  1.7448416e-04
 -2.6966722e-04 -5.3607731e-04 -6.6247414e-04 -7.2859309e-04 -6.8812462e-04
 -6.1657559e-04 -3.2824551e-04  3.8927898e-04  1.0527303e-03  1.1227881e-03
  7.4271043e-04  2.6569347e-04 -1.1080079e-04 -2.4615481e-04 -1.8134882e-04
 -1.6061879e-04 -3.3854973e-04 -7.0197263e-04 -1.1391680e-03 -5.4575031e-04
  1.5448083e-04  1.4099659e-03  3.1518068e-03  2.7598611e-03  1.0685195e-03
 -7.0291653e-04 -2.5802103e-03 -2.2999204e-03 -1.9705124e-04  5.0071027e-04
  2.9888473e-04  9.5772521e-05 -5.1917188e-05 -5.2395051e-05  5.6505443e-05
  1.4661731e-04  1.5766706e-04  1.1436066e-04  3.8882878e-05 -7.1894465e-05
 -1.8036299e-04 -2.2519894e-04 -2.0813574e-04 -1.7366192e-04 -1.4387463e-04
 -1.1397500e-04 -8.5484506e-05 -6.2506442e-05 -3.4977613e-05
 -1.3588082e-05 -2.3600694e-05 -5.5593723e-06  4.1194307e-05  8.4572792e-05
  9.1399954e-05  6.5373039e-05  4.1602394e-05  3.4166937e-05  3.6414815e-05
  4.3030916e-05  4.7125963e-05  4.2748914e-05  2.1442715e-05 -9.1745660e-06
 -2.1183445e-05 -1.6422773e-05 -1.4959506e-05 -1.0435392e-05  6.0979050e-06
  3.4821409e-05  6.9695510e-05  7.6917015e-05  3.4194443e-05 -1.1991825e-05
  2.0843543e-06  5.4235850e-05  6.5497967e-05  3.4099045e-05  1.9813842e-05
  2.1706182e-05 -1.8153412e-06 -3.4166795e-05 -2.6451366e-05  1.6137734e-05
  6.4531385e-05  1.1787665e-04  1.6874287e-04  1.8176863e-04  1.3759278e-04
  5.4315908e-05 -2.5698455e-05 -4.8283346e-05 -8.3281948e-06  3.9312243e-05
  4.4009510e-05 -1.7889943e-06 -6.9425536e-05 -1.3061275e-04 -1.5212553e-04
 -1.2546455e-04 -9.7144017e-05 -7.9147234e-05 -5.0794690e-05 -4.2063319e-05
 -7.9955156e-05 -1.4054248e-04 -1.7364310e-04 -1.4168277e-04 -6.4726381e-05
  1.2657936e-05  6.0402315e-05  6.6789973e-05  4.7768855e-05  1.3544640e-05
 -3.8499114e-05 -7.4680574e-05 -5.5689270e-05 -1.1078168e-05 -2.8487167e-07
 -9.0251406e-06  2.3996186e-05  7.7096374e-05  7.6183067e-05  3.6626745e-05
  1.9977280e-05  9.3935187e-06 -3.2599015e-05 -6.3135878e-05 -3.2264175e-05
  3.5911041e-06 -4.2052030e-05 -1.2335261e-04 -1.3672667e-04 -8.5829910e-05
 -2.9295230e-05  8.3023542e-06  3.1575248e-05  4.4302800e-05  3.7232872e-05
  3.1783271e-05  7.5650918e-05  1.4809823e-04  1.7722600e-04  1.4913474e-04
  9.2284026e-05 -2.5859429e-06 -1.5368896e-04 -2.8239912e-04 -2.9702595e-04
 -1.0073095e-04  7.4245261e-05  2.0536497e-06 -1.5250916e-04 -1.1575285e-04
  6.4902844e-05  1.5905533e-04  2.2986320e-04  2.6831657e-04  1.6501812e-04
 -2.6144469e-05 -1.3511907e-04  2.3071586e-04  3.5062878e-04 -1.5201406e-04
  8.0401165e-05  7.1178027e-04  8.6518261e-04  7.8866538e-04  6.4008945e-04
  4.2948688e-04  1.2954237e-04 -9.8435288e-05 -6.5572960e-05  1.2109300e-04
  1.9326569e-04  1.0951501e-04  3.2936310e-05  1.7046845e-05 -6.7727610e-06
 -5.8252161e-05 -1.1915303e-04 -1.6132666e-04 -1.4529272e-04 -9.3222683e-05
 -6.5400112e-05 -7.3523333e-05 -8.8585039e-05 -6.8910762e-05
 -4.1826774e-05 -5.8037473e-05 -2.5147343e-05  3.2385487e-05  6.8474590e-05
  6.1404215e-05  3.2667482e-05  2.2565207e-05  2.3687988e-05  5.0467961e-06
 -1.2548090e-05  9.5113710e-06  4.2802913e-05  2.3802206e-05 -2.4370687e-05
 -2.9041754e-05 -7.7950181e-06 -7.8875210e-06 -1.4533616e-05 -1.1384878e-05
  6.5109721e-06  4.0836600e-05  5.2052681e-05  9.9459203e-06 -3.7265443e-05
 -2.1008424e-05  3.4697496e-05  4.3861277e-05  6.1402193e-06 -8.4485364e-06
  4.5729298e-06 -7.3415055e-07 -2.0964853e-05 -2.0179079e-05  4.4902840e-06
  4.5538356e-05  1.0734313e-04  1.7080284e-04  1.8644737e-04  1.2623079e-04
  1.9464964e-05 -6.2937695e-05 -6.0036065e-05  7.4761933e-06  6.9974041e-05
  8.3291503e-05  3.9138533e-05 -3.7552363e-05 -1.2511003e-04 -1.8808029e-04
 -1.7302494e-04 -1.0215570e-04 -4.0846440e-05 -1.4836894e-05 -3.0408315e-05
 -7.5885000e-05 -1.2599843e-04 -1.5486011e-04 -1.4054841e-04 -9.3305760e-05
 -3.2547621e-05  3.0515441e-05  6.7827066e-05  5.9366823e-05  1.9663723e-05
 -2.2625862e-05 -4.1348194e-05 -2.3433349e-05  1.6780627e-05  4.3259639e-05
  4.4276308e-05  4.7856727e-05  6.0398990e-05  5.9910271e-05  5.1756069e-05
  5.2070485e-05  3.7402391e-05 -1.7076520e-05 -6.4685126e-05 -4.6962094e-05
 -1.0966817e-05 -4.5513749e-05 -1.1446372e-04 -1.1578107e-04 -4.9169004e-05
  2.7032154e-05  8.7600070e-05  1.3477571e-04  1.5144660e-04  9.7429911e-05
  1.3721786e-05 -2.6449918e-06  4.1188083e-05  7.1847709e-05  6.7431138e-05
  3.5175497e-05 -3.4969504e-05 -1.4873374e-04 -2.3890653e-04 -2.2389462e-04
 -1.3641674e-04 -5.8219008e-05 -1.1113621e-05  2.4606506e-05  5.7823512e-05
  8.4878680e-05  1.0254236e-04  1.0220347e-04  5.6616471e-05 -6.2194049e-05
 -2.0260291e-04 -2.7830090e-04 -2.4083044e-04 -7.7778648e-05  1.6372105e-04
  4.5447153e-04  7.5218797e-04  9.1894611e-04  8.9710869e-04  7.3817634e-04
  4.8457499e-04  2.0809087e-04  4.2008454e-05  8.4050203e-05  2.2272640e-04
  2.3545540e-04  1.1529292e-04  3.6961879e-05  4.6537651e-05  6.6309658e-05
  5.2128245e-05 -1.7879231e-05 -1.0427705e-04 -1.1522693e-04 -6.9238355e-05
 -5.8099136e-05 -9.5330433e-05 -1.2605432e-04 -9.4903655e-05
 -4.6879006e-05 -7.0120834e-05 -4.6903468e-05 -1.5419563e-06  2.1953292e-05
  1.4432339e-05  4.7481940e-06  2.2218064e-05  3.7907179e-05  3.7982013e-06
 -3.7670925e-05 -1.1115735e-05  4.1972988e-05  2.4710735e-05 -3.3877561e-05
 -4.1448944e-05 -2.0249869e-05 -2.6308338e-05 -3.5849662e-05 -2.4920644e-05
 -2.7733240e-06  1.9104647e-05  1.8425275e-05 -1.5199814e-05 -4.8095444e-05
 -3.6508041e-05  3.6626315e-07  2.5880565e-06 -2.6155469e-05 -3.2253607e-05
 -1.1754386e-05 -3.1025004e-06 -1.2697761e-05 -2.0473815e-05 -1.3848483e-05
  2.0708911e-05  8.5025044e-05  1.5037101e-04  1.6865022e-04  1.1048898e-04
  2.9171315e-06 -7.8181954e-05 -5.8795595e-05  3.9799950e-05  1.1391290e-04
  1.1124782e-04  5.7001253e-05 -1.2449972e-05 -9.6560034e-05 -1.8084938e-04
 -1.8683822e-04 -9.6970005e-05 -9.6342010e-06  3.5392939e-06 -3.0546707e-05
 -6.7348483e-05 -9.8069620e-05 -1.1672261e-04 -1.1744933e-04 -1.1299091e-04
 -9.5707961e-05 -3.7368518e-05  3.2638964e-05  5.4304321e-05  2.8557377e-05
 -2.5373749e-06 -1.1884339e-05  3.0481999e-06  3.5385699e-05  7.2735973e-05
  8.7286528e-05  6.2523810e-05  2.6467291e-05  1.8624904e-05  3.8844228e-05
  5.8501002e-05  4.6221488e-05 -1.4089163e-05 -7.3870615e-05 -6.3850719e-05
 -2.1671005e-05 -4.2939861e-05 -1.0109198e-04 -9.3534203e-05 -1.9024448e-05
  6.7102381e-05  1.4494531e-04  2.1031733e-04  2.3658600e-04  1.7671494e-04
  6.8958383e-05  7.8987541e-06 -1.3266131e-05 -4.0737148e-05 -6.1201412e-05
 -6.3953790e-05 -7.8181663e-05 -1.3332590e-04 -1.8547311e-04 -1.4784056e-04
 -4.5931385e-05  2.2895265e-05  5.3960946e-05  8.7298686e-05  1.0496062e-04
  8.6253203e-05  4.1272480e-05 -3.2519823e-05 -1.3391480e-04 -2.4157015e-04
 -3.3192537e-04 -3.8318735e-04 -3.3957179e-04 -1.6338230e-04  9.2479160e-05
  4.0545338e-04  7.4150594e-04  9.1451063e-04  8.3495333e-04  6.2322017e-04
  4.1267701e-04  2.9050294e-04  2.6222496e-04  2.7804609e-04  3.0209843e-04
  3.0130369e-04  2.4829590e-04  1.5395388e-04  8.6084117e-05  1.0847546e-04
  1.5779735e-04  9.9026511e-05 -3.0420617e-05 -7.7858545e-05 -5.5245568e-05
 -7.8670084e-05 -1.5832717e-04 -1.9613780e-04 -1.2894320e-04
 -3.8467409e-05 -6.1298400e-05 -5.4084143e-05 -3.0388333e-05 -8.1801309e-06
  1.6296539e-05  3.9144757e-05  4.8820853e-05  4.0286501e-05  1.0804406e-05
 -1.9744210e-05 -2.7732376e-05 -2.3629647e-05 -2.4566843e-05 -2.4157598e-05
 -1.7194214e-05 -3.0509789e-05 -7.6835509e-05 -1.0867770e-04 -9.0847541e-05
 -5.0766903e-05 -2.4484036e-05 -1.8655015e-05 -2.4859699e-05 -3.7438727e-05
 -4.7169542e-05 -4.9065351e-05 -5.2087573e-05 -5.3940825e-05 -3.8206981e-05
 -1.3114086e-05 -8.5808488e-06 -2.7697775e-05 -4.6526213e-05 -3.6899772e-05
  1.4076555e-05  8.2813494e-05  1.3738404e-04  1.5233255e-04  1.0651378e-04
  2.0126819e-05 -4.7824447e-05 -3.6714475e-05  4.3754873e-05  9.7890988e-05
  8.5801985e-05  4.8684775e-05  5.8132873e-06 -5.8434402e-05 -1.3740749e-04
 -1.5647132e-04 -8.0500613e-05 -4.0079199e-06  1.8428026e-06 -2.4801502e-05
 -5.6291046e-05 -8.7190980e-05 -1.0181059e-04 -1.1597246e-04 -1.3537676e-04
 -1.2788673e-04 -7.1812094e-05  2.3334042e-06  4.5349723e-05  5.6064498e-05
  5.9541129e-05  3.1195825e-05 -4.1160140e-05 -5.7093472e-05  1.9694846e-05
  7.9038517e-05  5.9727139e-05  1.1253303e-05 -5.1232024e-07  2.3312472e-05
  3.8986531e-05  1.6664382e-05 -5.1779520e-05 -1.1145179e-04 -8.1461556e-05
 -1.6967515e-06  8.9006735e-06 -3.3058634e-05 -1.1744903e-05  8.1569109e-05
  1.8873895e-04  2.7498582e-04  3.0593324e-04  2.6406633e-04  1.5580397e-04
  3.6076362e-05 -3.1521831e-05 -6.6283021e-05 -9.7082622e-05 -1.0847199e-04
 -1.0088396e-04 -9.2180089e-05 -1.0156116e-04 -1.1495331e-04 -6.7776542e-05
  2.4861436e-05  8.1724444e-05  1.1882847e-04  1.6117755e-04  1.5242376e-04
  8.1064762e-05 -1.2841192e-05 -1.2558572e-04 -2.4559748e-04 -3.3795770e-04
 -4.0287225e-04 -4.4440760e-04 -4.0107864e-04 -2.2993995e-04  1.8423392e-05
  3.2886074e-04  6.5199035e-04  7.7668624e-04  6.4967701e-04  4.6257972e-04
  3.3882476e-04  2.9787136e-04  3.0620684e-04  3.0669468e-04  3.0906301e-04
  3.3646950e-04  3.2772147e-04  2.2670881e-04  1.2048601e-04  1.2673716e-04
  1.8957136e-04  1.7598248e-04  9.0755471e-05  9.9338040e-06 -5.4473116e-05
 -1.2265354e-04 -2.0063993e-04 -2.3928145e-04 -1.6674225e-04
 -2.6275622e-05 -4.0081082e-05 -2.8088200e-05 -1.3891809e-05  1.2847185e-05
  8.7224129e-05  1.4706751e-04  1.0235532e-04  7.9109877e-06 -1.9913585e-05
 -3.3121025e-06 -3.9286329e-05 -8.8730667e-05 -5.6140936e-05  1.9099581e-07
 -1.0073123e-05 -7.2205563e-05 -1.5230794e-04 -2.0754510e-04 -2.0385074e-04
 -1.6413940e-04 -1.0739091e-04 -4.9329545e-05 -2.6964986e-05 -4.7707621e-05
 -8.2671919e-05 -9.9965437e-05 -8.3725354e-05 -4.1441417e-05  5.5651062e-06
  2.5873618e-05 -2.8065183e-06 -5.6467808e-05 -8.1985301e-05 -5.2654897e-05
  4.7504377e-06  5.6117184e-05  1.0738785e-04  1.4207275e-04  1.1283037e-04
  4.0845287e-05 -1.5456913e-05 -2.4736215e-05  1.0404428e-05  4.1851388e-05
  5.6006305e-05  5.8790236e-05  2.0137531e-05 -4.8697082e-05 -1.0605041e-04
 -1.1904792e-04 -8.6668093e-05 -8.4279076e-05 -1.2234070e-04 -1.0870057e-04
 -8.1709673e-05 -1.0836313e-04 -1.2938444e-04 -1.3169588e-04 -1.3954724e-04
 -1.3294199e-04 -9.7625634e-05 -4.6922720e-05  8.5286774e-07  4.4915294e-05
  8.5603795e-05  7.9139412e-05 -3.5290586e-06 -6.2403662e-05 -1.5422314e-05
  5.5802331e-05  5.8497095e-05  1.7121976e-05 -4.0596149e-07  6.3667881e-06
 -7.0568731e-06 -5.1316852e-05 -1.0409654e-04 -1.2733591e-04 -7.5459247e-05
  2.8390608e-05  8.9266439e-05  8.4547028e-05  8.1956641e-05  1.2744099e-04
  2.2794945e-04  3.3110313e-04  3.4762928e-04  2.7909997e-04  1.8645749e-04
  9.4871517e-05  5.5463879e-06 -6.1633669e-05 -6.8138012e-05 -4.9619652e-05
 -8.2735904e-05 -1.2015914e-04 -8.2787286e-05 -2.0581230e-05  1.3195730e-05
  5.1355502e-05  1.4046417e-04  2.5521699e-04  2.6775201e-04  1.4820679e-04
  3.8047452e-05 -2.9547267e-05 -1.4921291e-04 -2.9143813e-04 -3.6799742e-04
 -4.1270888e-04 -4.7397398e-04 -4.6524472e-04 -2.9312170e-04 -1.8239834e-05
  2.7173443e-04  5.0967833e-04  5.7444524e-04  4.6688787e-04  3.2680659e-04
  2.3038725e-04  1.9246661e-04  2.0194567e-04  2.4783699e-04  3.3191379e-04
  3.8423407e-04  3.0998944e-04  1.2815381e-04 -2.2819264e-05 -3.3310807e-05
  4.9739374e-05  1.1995371e-04  1.3093211e-04  7.7992889e-05 -3.8349137e-07
 -5.8592646e-05 -9.9216282e-05 -1.1506710e-04 -7.8270110e-05
