7200 18000 28800 39600 50400 
61200 72000 82800 93600 104400 
115200 126000 136800 147600 158400 
169200 180000 190800 201600 212400 
223200 234000 244800 255600 266400 
277200 288000 298800 309600 320400 
331200 342000 352800 363600 374400 
385200 396000 406800 417600 428400 
439200 450000 460800 471600 482400 
493200 504000 514800 525600 536400 
547200 558000 568800 579600 590400 
601200 612000 622800 633600 644400 
655200 666000 676800 687600 698400 
709200 720000 730800 741600 752400 
763200 774000 784800 795600 806400 
817200 828000 838800 849600 860400 
871200 882000 892800 903600 914400 
925200 936000 946800 957600 968400 
979200 990000 1000800 1011600 1022400 
1033200 1044000 1054800 1065600 1076400 
1087200 1098000 1108800 1119600 1130400 
1141200 1152000 1162800 1173600 1184400 
1195200 1206000 1216800 1227600 1238400 
1249200 1260000 1270800 1281600 1292400 
1303200 1314000 1324800 1335600 1346400 
1357200 1368000 1378800 1389600 1400400 
1411200 1422000 1432800 1443600 1454400 
1465200 1476000 1486800 1497600 