 0.191 1.163 2.305 3.043 3.215
 3.33 3.592 3.963 4.238 3.963
 4.218 3.865 4.2 3.969 4.306
 3.877 4.131 4.574 5.641 5.386
 4.617 3.988 4.143 4.458 4.85
 4.445 4.628 5.134 5.673 5.559
 5.757 6.419 7.07 8.495 9.268
 9.071 8.088 7.167 7.356 8.309
 9.254 9.311 7.249 3.96 0.186
 -2.061 -2.187 -0.73 1.021 2.581
 4.192 5.195 4.812 4.185 3.609
 1.659 -2.142 -5.201 -6.114 -5.176
 -4.447 -4.4 -4.466 -3.755 -2.442
 -0.974 0.299 1.387 2.005 2.41
 2.952 3.376 2.882 2.8 2.91
 3.278 2.827 2.185 1.967 2.443
 3.289 4.64 5.509 5.422 5.139
 5.219 5.851 5.769 6.085 6.703
 7.532 6.695 5.031 3.73 3.604
 3.928 4.911 5.204 4.748 4.002
 3.826 4.058 4.305 4.116 4.296
 5.093 5.925 5.829 5.073 4.535
 4.356 4.578 5.51 6.015 6.616
 6.528 6.384 5.98 6.072 6.43
 6.93 8.323 9.304 9.748 8.934
 8.039 7.694 7.862 8.15 8.64
 8.924 8.391 7.566 6.43 6.493
 6.546 6.553 6.034 4.542 2.203
 -0.27 -2.123 -2.879 -2.293 -0.62
 0.574 1.194 1.426 1.885 1.852
 2.104 3.045 4.219 4.954 4.472
 3.745 3.603 3.912 4.535 5.112
 5.739 6.166 5.76 4.429 3.076
 3.284 3.988 4.511 4.303
 1.031 2.237 3.513 4.403 4.464
 4.458 4.861 5.7 6.593 7.106
 7.537 7.521 7.059 6.373 6.038
 6.053 6.382 6.992 7.631 7.626
 6.991 5.987 6.454 7.24 8.07
 7.417 7.04 7.165 7.413 7.088
 7.116 7.971 9.426 11.322 12.656
 12.611 11.243 10.067 9.796 10.39
 11.362 11.148 8.705 4.112 -0.689
 -3.163 -3.099 -1.067 1.218 3.847
 6.064 6.873 5.854 4.206 3.553
 1.452 -1.979 -5.976 -7.751 -7.331
 -6.564 -6.24 -5.763 -4.551 -3.152
 -1.894 -0.96 0.154 0.963 1.692
 2.542 3.377 2.99 3.067 3.521
 4.26 3.888 3.016 2.676 3.148
 4.134 5.67 6.784 6.823 6.468
 6.405 6.878 7.041 7.675 8.833
 9.997 9.398 7.216 5.242 4.972
 5.86 7.433 8.38 8.0 6.524
 5.487 5.441 5.678 5.637 6.374
 7.884 9.044 8.96 7.857 6.943
 6.695 7.354 8.787 9.978 10.551
 10.185 9.805 8.989 8.596 8.732
 10.139 12.545 13.994 14.158 12.283
 10.569 9.304 9.413 10.493 11.781
 12.078 11.02 9.132 7.507 7.255
 7.623 8.068 7.259 5.021 2.162
 -0.729 -2.595 -3.044 -1.79 0.565
 2.179 2.972 3.07 3.063 2.407
 2.382 3.52 5.143 6.171 5.735
 4.833 4.321 4.47 5.085 6.072
 7.691 9.025 8.953 7.821 6.801
 6.617 6.957 6.955 6.823
 1.365 2.199 3.155 3.894 3.901
 4.097 4.969 5.998 7.006 7.405
 7.868 7.805 7.302 6.59 6.251
 6.13 6.375 6.748 7.2 7.348
 7.211 6.808 7.609 8.435 9.454
 8.359 7.16 6.238 5.905 5.843
 6.461 8.133 9.976 11.948 13.379
 13.545 12.718 11.808 11.424 11.372
 11.615 10.689 8.309 4.169 0.062
 -2.119 -2.091 -0.034 2.515 5.408
 7.434 7.722 6.353 4.771 4.184
 2.78 0.024 -3.911 -6.738 -7.604
 -7.034 -6.419 -5.435 -4.265 -3.323
 -2.789 -2.547 -1.768 -0.849 0.228
 1.467 2.847 2.829 2.981 3.372
 3.962 3.62 2.858 2.721 3.334
 4.113 5.128 5.887 6.025 6.103
 6.301 6.741 6.65 7.205 8.34
 9.327 8.418 6.029 4.301 4.341
 5.523 6.989 7.767 7.206 5.903
 4.93 5.274 5.781 6.078 6.745
 8.049 9.138 9.036 7.936 7.086
 7.07 8.062 9.944 11.419 12.175
 11.753 11.524 10.995 10.771 10.856
 12.24 14.461 15.534 15.188 12.881
 10.993 9.518 9.665 10.821 11.932
 11.825 10.306 8.358 6.768 6.489
 6.961 7.266 5.948 3.111 0.125
 -2.146 -3.206 -2.97 -1.473 0.705
 2.218 2.995 2.993 2.636 1.888
 1.902 3.083 4.661 5.699 5.465
 4.627 3.867 3.883 4.63 6.184
 7.956 9.246 9.602 9.184 8.867
 8.216 7.989 7.681 7.904
 0.888 1.077 1.646 2.296 2.489
 3.074 4.246 5.276 5.909 5.857
 6.01 6.014 5.922 5.701 5.516
 5.17 4.833 4.483 4.354 4.651
 5.275 5.718 6.638 6.685 6.63
 5.187 3.958 2.951 2.208 2.741
 4.245 6.528 7.934 9.114 9.997
 10.566 11.035 11.386 11.42 10.858
 9.895 8.035 5.957 3.422 1.474
 0.455 0.597 1.911 3.581 5.48
 6.825 6.911 6.333 5.746 5.421
 4.525 2.325 -1.024 -4.504 -6.441
 -6.517 -5.908 -4.767 -3.889 -3.577
 -3.87 -4.268 -3.903 -2.992 -1.742
 -0.25 1.209 1.448 1.673 2.226
 2.888 2.904 2.623 2.676 2.889
 2.754 2.804 3.178 3.723 4.611
 5.227 5.544 5.123 5.132 5.553
 5.676 4.624 3.037 2.57 3.354
 4.648 5.376 5.304 4.269 3.321
 2.965 4.025 4.911 5.41 5.507
 5.966 6.586 6.699 6.424 6.451
 6.869 7.602 8.769 9.704 10.326
 10.208 10.528 10.938 11.314 11.54
 12.131 13.147 13.303 12.507 10.664
 9.503 8.742 8.833 9.076 9.082
 8.196 6.712 5.666 5.174 5.392
 5.531 4.931 2.959 0.334 -1.884
 -3.077 -3.508 -2.913 -1.42 0.243
 1.277 1.804 1.752 1.329 0.767
 0.819 1.736 2.775 3.49 3.481
 3.103 2.552 2.661 3.515 5.249
 6.843 8.075 8.306 7.881 7.488
 6.858 6.679 6.255 6.433
 -0.606 -0.87 -0.316 0.481 1.088
 2.059 3.28 4.064 4.33 4.148
 4.359 4.669 5.085 5.212 4.821
 3.747 2.646 2.052 1.999 2.555
 3.35 4.08 4.804 4.33 3.18
 1.236 0.079 -0.497 -0.824 0.125
 1.906 4.108 4.944 5.527 6.126
 7.081 8.177 9.188 9.594 9.075
 7.603 5.6 4.05 3.041 2.95
 3.305 3.767 3.95 3.906 4.264
 5.106 5.616 6.194 6.742 6.632
 5.687 3.37 0.367 -3.359 -5.896
 -6.493 -5.585 -4.148 -3.395 -3.907
 -4.784 -5.307 -4.892 -4.04 -2.98
 -1.606 -0.244 0.138 0.579 1.259
 2.088 2.453 2.594 2.458 1.894
 0.852 0.39 0.725 1.575 2.726
 3.365 3.523 3.057 2.833 2.909
 2.642 1.814 1.074 1.637 2.814
 3.812 3.644 3.031 2.008 1.524
 1.645 2.946 3.935 4.254 3.78
 3.611 4.127 4.827 5.498 6.086
 6.358 6.471 6.877 7.617 8.441
 8.861 9.586 10.618 11.483 11.661
 11.312 11.188 10.917 10.241 8.95
 8.246 7.893 7.659 6.954 6.135
 5.083 4.135 3.967 4.294 4.665
 4.112 2.55 0.259 -1.781 -3.244
 -3.772 -4.051 -3.333 -1.959 -0.582
 0.197 0.577 0.481 0.064 -0.233
 -0.226 0.241 0.658 1.126 1.504
 1.784 1.731 1.929 2.573 3.836
 4.976 5.893 6.071 5.735 5.2
 4.384 3.82 3.234 3.308
 -2.747 -3.15 -2.327 -1.069 0.098
 1.28 2.142 2.474 2.56 2.849
 3.412 3.977 4.444 4.562 3.733
 1.99 0.431 -0.054 0.142 0.655
 1.081 1.61 1.832 0.959 -0.908
 -2.611 -3.134 -3.03 -3.006 -2.1
 -0.451 1.388 1.948 2.293 2.775
 3.78 4.966 6.306 7.062 6.897
 5.389 3.6 2.546 2.634 3.773
 5.129 5.937 5.242 3.647 2.635
 3.24 4.485 5.977 7.172 7.2
 6.132 3.506 0.428 -3.357 -6.056
 -7.056 -6.017 -4.275 -3.351 -4.243
 -5.399 -5.922 -5.455 -4.658 -3.741
 -2.513 -1.421 -1.039 -0.469 0.358
 1.413 2.136 2.546 2.117 0.643
 -1.249 -2.106 -1.688 -0.609 0.465
 0.947 1.046 0.85 0.854 0.957
 0.765 0.37 0.29 1.213 2.183
 2.602 1.874 1.274 0.932 1.076
 1.452 2.236 2.936 2.919 2.339
 2.038 2.727 3.867 5.017 5.738
 5.762 5.392 5.298 6.015 7.202
 8.224 9.343 10.638 11.591 11.371
 10.209 9.406 9.165 8.848 7.875
 7.19 6.8 6.151 4.874 3.744
 2.866 2.277 2.375 2.879 3.118
 2.063 0.181 -1.765 -2.924 -3.678
 -4.03 -4.468 -3.905 -2.703 -1.726
 -1.301 -0.995 -0.873 -1.074 -1.158
 -1.302 -1.415 -1.668 -1.511 -0.803
 0.065 0.553 0.833 1.245 1.95
 2.596 3.232 3.418 3.104 2.393
 1.364 0.516 -0.21 -0.352
 -4.813 -5.102 -3.931 -2.098 -0.41
 0.921 1.378 1.259 1.181 2.011
 3.006 3.729 3.887 3.615 2.436
 0.471 -1.194 -1.694 -1.591 -1.294
 -1.175 -0.777 -0.745 -1.159 -2.57
 -3.844 -4.445 -4.66 -4.488 -3.652
 -2.162 -0.678 -0.15 0.29 0.726
 1.432 2.366 3.831 4.938 5.012
 3.617 2.072 1.528 2.241 3.76
 5.097 5.509 4.19 2.156 1.124
 1.998 3.812 5.438 6.817 6.822
 5.606 2.814 -0.244 -3.537 -6.023
 -7.032 -6.048 -4.407 -3.589 -4.534
 -5.508 -6.036 -5.737 -5.163 -4.433
 -3.519 -2.755 -2.225 -1.335 -0.289
 0.856 1.694 1.945 1.048 -1.143
 -3.509 -4.611 -4.139 -2.882 -1.881
 -1.553 -1.529 -1.498 -1.274 -0.895
 -0.646 -0.349 0.089 0.921 1.276
 1.017 0.106 0.022 0.698 1.597
 2.198 2.286 2.361 1.917 1.47
 1.307 2.062 3.248 4.463 5.17
 5.059 4.436 4.165 4.884 6.427
 7.975 9.504 10.916 11.641 10.888
 9.26 8.321 8.533 8.707 8.017
 7.169 6.368 5.168 3.474 2.203
 1.523 1.14 1.095 1.212 0.937
 -0.157 -1.61 -2.741 -3.284 -3.69
 -4.079 -4.548 -4.095 -3.261 -2.983
 -3.176 -3.095 -2.733 -2.521 -2.246
 -2.404 -2.977 -3.877 -4.089 -3.165
 -1.848 -0.879 -0.451 -0.168 0.045
 0.026 0.21 0.139 -0.222 -0.996
 -1.858 -2.601 -3.152 -3.346
 -5.579 -5.864 -4.724 -2.633 -0.732
 0.635 0.899 0.622 0.447 1.53
 2.718 3.394 3.102 2.273 0.817
 -1.043 -2.551 -3.084 -3.167 -2.951
 -2.839 -2.499 -2.633 -2.714 -3.364
 -4.091 -4.978 -5.999 -6.097 -5.186
 -3.578 -2.183 -1.599 -1.062 -0.724
 -0.387 0.203 1.689 3.062 3.231
 1.892 0.43 0.358 1.383 2.734
 3.313 3.011 1.774 0.602 0.455
 1.503 3.082 4.243 5.448 5.57
 4.538 2.03 -0.875 -3.725 -5.798
 -6.488 -5.584 -4.295 -3.745 -4.517
 -5.397 -6.1 -6.036 -5.574 -5.121
 -4.82 -4.567 -3.739 -2.244 -0.598
 0.722 1.291 0.739 -0.825 -3.268
 -5.452 -6.471 -5.838 -4.409 -3.472
 -3.344 -3.455 -3.32 -3.128 -2.737
 -2.257 -1.371 -0.367 0.416 0.245
 -0.517 -1.34 -0.869 0.54 1.988
 2.627 2.179 1.873 1.516 1.379
 1.293 1.809 2.81 3.964 4.749
 4.705 3.93 3.534 4.23 6.017
 7.918 9.666 10.976 11.276 10.151
 8.614 8.21 9.192 9.997 9.665
 8.527 6.946 4.92 2.775 1.494
 0.902 0.593 0.249 -0.229 -1.152
 -2.345 -3.253 -3.617 -3.836 -4.227
 -4.764 -5.002 -4.421 -3.987 -4.611
 -5.556 -5.789 -5.147 -4.416 -3.694
 -3.567 -4.167 -5.307 -5.707 -4.771
 -3.272 -2.026 -1.341 -0.973 -1.116
 -1.888 -2.313 -2.683 -3.024 -3.714
 -4.449 -5.12 -5.675 -6.006
 -4.447 -5.168 -4.552 -2.598 -0.692
 0.594 0.706 0.363 -0.01 0.838
 1.905 2.618 2.347 1.299 -0.267
 -2.032 -3.499 -4.098 -4.228 -3.637
 -3.13 -2.629 -2.856 -2.937 -3.32
 -4.036 -5.486 -7.006 -7.148 -6.014
 -4.549 -3.445 -3.059 -2.713 -2.672
 -2.53 -2.039 -0.697 0.525 0.521
 -0.644 -1.696 -1.283 -0.28 0.546
 0.598 0.252 -0.237 -0.239 0.538
 1.805 3.035 3.621 4.266 4.354
 3.597 1.714 -0.646 -3.125 -4.99
 -5.767 -5.083 -4.138 -3.801 -4.407
 -5.275 -6.114 -6.191 -5.867 -5.68
 -6.059 -6.347 -5.426 -3.524 -1.407
 -0.06 0.062 -1.177 -2.961 -4.946
 -6.461 -7.305 -6.611 -5.041 -4.07
 -4.053 -4.266 -4.16 -4.2 -4.096
 -3.545 -2.173 -0.639 4.0E-3 -0.677
 -1.832 -2.381 -1.375 0.355 1.818
 2.234 1.597 1.287 1.221 1.282
 1.247 1.44 2.278 3.477 4.52
 4.565 3.667 3.115 3.858 5.826
 7.932 9.677 10.701 10.481 9.095
 7.778 7.925 9.612 11.133 11.459
 10.338 8.168 5.376 2.663 1.076
 0.415 0.216 -0.161 -0.902 -2.2
 -3.524 -4.266 -4.354 -4.423 -4.957
 -5.7 -5.876 -5.227 -5.188 -6.442
 -7.726 -7.906 -6.982 -5.942 -4.884
 -4.402 -4.846 -5.993 -6.263 -5.073
 -3.312 -1.93 -1.139 -0.781 -1.345
 -2.921 -4.067 -4.636 -4.827 -5.394
 -6.085 -6.825 -7.522 -8.125
 -1.882 -3.197 -3.539 -2.303 -0.673
 0.472 0.591 0.351 -0.23 0.058
 0.681 1.425 1.611 1.011 -0.284
 -2.082 -3.977 -4.875 -4.889 -3.739
 -2.609 -1.766 -2.077 -2.471 -3.197
 -4.055 -5.875 -7.478 -7.591 -6.459
 -5.297 -4.652 -4.659 -5.167 -5.919
 -6.139 -5.213 -3.507 -2.044 -2.005
 -2.911 -3.464 -2.703 -1.847 -1.579
 -1.769 -1.788 -1.334 -0.324 1.113
 2.523 3.568 4.064 4.503 4.751
 4.385 3.099 1.121 -1.47 -3.844
 -5.374 -5.272 -4.486 -4.036 -4.41
 -5.295 -6.119 -6.139 -5.798 -5.773
 -6.561 -7.173 -6.426 -4.761 -2.783
 -1.659 -1.734 -3.015 -4.466 -5.647
 -6.471 -7.178 -6.617 -5.205 -4.145
 -3.913 -3.951 -3.901 -4.284 -4.536
 -4.068 -2.461 -0.629 -0.015 -0.913
 -2.18 -2.53 -1.366 0.247 1.424
 1.527 0.92 0.93 1.332 1.423
 1.211 1.028 1.867 3.209 4.369
 4.418 3.58 3.094 3.983 5.908
 7.917 9.451 10.214 9.855 8.542
 7.481 7.905 9.865 11.748 12.531
 11.444 8.898 5.631 2.571 0.665
 -0.186 -0.296 -0.383 -0.904 -2.186
 -3.66 -4.56 -4.736 -4.762 -5.241
 -5.884 -6.064 -5.665 -6.044 -7.487
 -8.817 -9.039 -8.114 -6.843 -5.257
 -4.154 -4.257 -5.283 -5.452 -4.145
 -2.342 -1.028 -0.23 0.147 -0.747
 -2.891 -4.515 -4.876 -4.365 -4.701
 -5.752 -7.203 -8.451 -9.47
 0.436 -1.083 -2.135 -1.76 -0.734
 0.194 0.478 0.59 -0.021 -0.188
 -0.11 0.609 1.248 1.243 0.35
 -1.508 -3.957 -5.439 -5.551 -4.064
 -2.391 -1.133 -1.266 -1.842 -2.831
 -3.42 -5.182 -6.73 -7.295 -6.693
 -6.349 -6.591 -7.262 -8.478 -9.558
 -9.664 -7.987 -5.792 -4.171 -4.163
 -4.861 -4.901 -3.922 -3.305 -3.274
 -3.03 -2.247 -1.128 0.202 2.035
 4.018 5.515 6.199 6.464 6.586
 6.398 5.471 3.866 1.258 -1.345
 -3.813 -4.782 -4.89 -4.622 -4.791
 -5.49 -6.168 -6.176 -5.717 -5.361
 -5.823 -6.53 -6.253 -5.281 -3.972
 -3.381 -3.411 -3.881 -4.405 -4.969
 -5.756 -6.753 -6.414 -5.113 -3.879
 -3.394 -3.292 -3.35 -4.008 -4.436
 -3.949 -2.168 -0.265 0.24 -0.712
 -1.833 -2.013 -1.116 2.0E-3 0.776
 0.856 0.656 1.162 1.799 1.632
 1.088 0.708 1.649 2.904 3.956
 4.008 3.532 3.198 4.057 5.712
 7.468 8.686 9.21 8.964 8.017
 7.317 7.744 9.507 11.316 12.411
 11.744 9.438 6.171 2.903 0.634
 -0.422 -0.576 -0.433 -0.667 -1.631
 -2.995 -4.034 -4.339 -4.309 -4.672
 -5.299 -5.766 -5.779 -6.403 -7.584
 -8.662 -8.865 -8.084 -6.679 -4.845
 -3.644 -3.735 -4.485 -4.269 -2.78
 -1.177 -0.153 0.406 0.657 -0.567
 -3.051 -4.933 -5.155 -4.312 -4.563
 -5.686 -7.237 -8.377 -9.296
 1.918 0.774 -0.546 -1.084 -1.034
 -0.391 0.359 1.089 0.737 0.382
 0.118 0.585 1.19 1.497 1.14
 -0.324 -2.857 -4.891 -5.468 -4.385
 -2.892 -1.698 -1.59 -1.802 -2.453
 -1.977 -3.035 -4.304 -5.888 -6.154
 -6.496 -7.406 -8.671 -10.076 -10.708
 -10.479 -8.797 -6.769 -5.023 -4.661
 -5.003 -4.722 -3.552 -2.842 -2.796
 -2.605 -1.918 -0.843 0.639 2.716
 4.808 6.462 7.297 7.886 8.056
 7.88 6.913 5.391 2.975 1.009
 -1.251 -2.764 -4.166 -4.625 -4.895
 -5.569 -6.447 -6.613 -5.89 -4.793
 -4.392 -5.057 -5.65 -5.838 -5.388
 -4.863 -4.273 -3.685 -3.517 -3.95
 -4.967 -6.21 -6.236 -5.233 -3.761
 -2.639 -2.01 -2.245 -3.42 -4.171
 -3.636 -1.782 -0.104 0.254 -0.376
 -0.951 -0.997 -0.682 -0.173 0.291
 0.535 0.715 1.587 2.324 1.831
 0.81 0.091 0.913 2.095 3.125
 3.47 3.399 3.112 3.661 4.808
 6.238 7.24 7.787 7.925 7.576
 7.404 7.83 9.186 10.714 12.062
 11.932 10.1 6.933 3.569 1.042
 -0.183 -0.39 -0.145 -0.06 -0.539
 -1.547 -2.607 -3.161 -3.298 -3.513
 -4.129 -4.94 -5.394 -5.935 -6.623
 -7.363 -7.609 -7.067 -5.912 -4.483
 -3.581 -3.669 -3.966 -3.493 -2.097
 -0.917 -0.222 0.17 0.419 -0.657
 -2.825 -4.453 -4.482 -3.454 -3.473
 -4.503 -6.027 -7.037 -7.666
 2.63 1.952 0.829 -0.308 -1.367
 -1.277 -0.099 1.376 1.728 1.833
 1.61 1.551 1.552 1.746 1.731
 0.642 -1.579 -3.666 -4.607 -4.45
 -3.875 -3.145 -2.532 -1.839 -1.619
 -0.264 -0.857 -2.046 -4.709 -6.029
 -7.287 -8.45 -9.691 -10.397 -10.051
 -9.143 -7.609 -6.095 -4.653 -4.034
 -3.835 -2.897 -1.367 -0.631 -0.818
 -1.016 -0.594 0.19 1.388 3.232
 5.166 6.912 7.746 8.392 8.428
 8.107 7.081 5.702 3.998 3.464
 2.487 1.196 -1.133 -2.751 -3.999
 -5.482 -7.088 -7.572 -6.58 -4.618
 -3.166 -3.799 -5.433 -6.55 -6.218
 -4.965 -3.842 -2.845 -2.323 -2.632
 -3.81 -5.578 -6.459 -5.856 -4.115
 -2.124 -0.949 -1.208 -2.753 -3.804
 -3.487 -1.789 -0.422 -0.106 -0.241
 -0.178 -0.083 -0.435 -0.632 -0.599
 -0.185 0.491 1.988 3.022 2.38
 0.834 -0.295 0.138 1.119 2.177
 2.883 3.186 2.876 3.173 4.011
 5.232 6.017 6.497 6.755 6.895
 7.256 7.841 8.899 10.171 11.857
 12.533 11.62 8.976 5.707 2.992
 1.474 0.876 0.835 0.995 1.054
 0.463 -0.631 -1.511 -1.924 -2.28
 -3.301 -4.522 -5.028 -5.01 -5.086
 -5.482 -5.822 -5.648 -5.263 -4.88
 -4.587 -4.497 -4.12 -3.571 -2.578
 -1.889 -1.329 -0.848 -0.326 -0.77
 -2.274 -3.727 -4.204 -3.862 -3.694
 -4.025 -4.649 -5.141 -5.346
 3.544 2.727 1.285 -0.457 -2.2
 -2.361 -0.785 1.434 2.659 3.354
 3.171 2.353 1.421 1.038 1.254
 0.742 -0.868 -2.787 -4.025 -4.684
 -4.925 -4.54 -3.518 -2.349 -1.738
 0.245 0.308 -0.425 -3.78 -5.64
 -6.944 -7.41 -8.131 -8.379 -7.703
 -6.667 -5.641 -4.736 -3.501 -2.486
 -1.617 -0.043 1.705 2.314 1.594
 0.729 0.682 1.303 2.333 3.829
 5.226 6.595 7.003 7.488 7.365
 6.956 5.817 4.677 4.074 5.013
 5.637 5.04 2.631 0.16 -2.303
 -5.074 -7.715 -8.597 -7.59 -5.203
 -3.0 -3.525 -5.891 -7.632 -6.652
 -4.251 -2.897 -2.293 -1.789 -1.778
 -2.886 -5.555 -7.531 -7.373 -5.153
 -2.37 -0.439 -0.084 -1.27 -2.548
 -2.975 -1.949 -0.918 -0.303 0.119
 0.567 0.562 -0.139 -0.85 -1.144
 -0.781 0.246 2.142 3.366 2.661
 0.87 -0.514 -0.568 0.227 1.294
 2.225 2.613 2.233 2.52 3.354
 4.554 5.186 5.534 5.799 6.426
 7.275 8.079 8.97 10.237 12.249
 13.353 12.94 10.675 7.88 5.49
 4.017 3.139 2.716 2.891 3.282
 2.993 1.863 0.765 0.107 -0.502
 -2.083 -3.793 -4.468 -3.964 -3.623
 -3.891 -4.527 -4.881 -5.169 -5.389
 -4.986 -4.554 -4.071 -4.359 -4.397
 -4.149 -3.26 -2.046 -0.786 -0.41
 -1.291 -2.81 -3.866 -3.659 -2.974
 -2.151 -1.883 -1.957 -2.278
 4.112 2.862 0.928 -1.242 -3.243
 -3.341 -1.421 1.405 3.385 4.402
 3.999 2.32 0.63 -0.3 -0.254
 -0.901 -2.259 -3.748 -4.708 -5.656
 -6.459 -6.614 -5.766 -4.617 -3.73
 -1.583 -1.293 -2.011 -5.132 -6.666
 -7.161 -6.816 -7.003 -7.147 -6.697
 -5.838 -4.856 -3.802 -2.368 -0.971
 0.203 1.845 3.133 3.262 2.29
 1.507 1.669 2.571 3.656 5.074
 6.275 7.271 7.162 7.157 6.607
 6.002 4.559 3.636 3.851 5.495
 6.564 6.08 3.97 1.497 -1.492
 -4.936 -8.262 -9.79 -9.15 -6.734
 -4.08 -4.575 -6.858 -7.998 -5.74
 -2.552 -1.64 -1.783 -1.653 -1.416
 -2.363 -5.215 -7.466 -7.743 -5.841
 -3.334 -1.111 0.066 -0.324 -1.631
 -2.895 -2.582 -1.084 0.774 2.173
 2.661 2.033 0.653 -0.617 -1.0
 -0.597 0.631 2.494 3.78 3.284
 1.684 0.418 -0.115 0.162 0.76
 1.646 2.356 2.568 3.246 4.134
 5.078 5.434 5.557 5.765 6.82
 8.006 8.994 9.761 11.052 13.075
 14.229 14.08 12.386 10.387 8.689
 7.427 6.064 4.923 4.743 5.424
 5.515 4.382 3.054 2.065 1.139
 -0.936 -2.941 -3.701 -3.027 -2.631
 -3.1 -4.155 -5.141 -5.638 -5.557
 -4.117 -3.125 -3.028 -4.819 -6.162
 -6.197 -4.544 -2.394 -0.505 0.012
 -0.984 -2.943 -4.483 -4.098 -2.898
 -0.805 0.508 1.278 1.168
 3.402 2.305 0.696 -1.096 -2.8
 -2.916 -1.203 1.503 3.529 4.231
 3.444 1.439 -0.466 -2.239 -3.29
 -4.272 -4.905 -5.176 -5.337 -5.751
 -6.238 -6.698 -6.197 -5.525 -4.626
 -2.628 -2.427 -3.378 -6.056 -6.95
 -6.403 -5.491 -5.365 -5.608 -5.774
 -5.441 -4.578 -3.083 -1.249 0.194
 0.989 2.037 2.576 2.46 1.591
 1.383 1.87 3.094 4.26 5.604
 6.703 7.179 6.614 6.194 5.497
 4.928 3.435 2.767 3.007 3.893
 3.753 2.504 1.074 -0.147 -1.978
 -5.044 -8.396 -10.556 -10.451 -8.419
 -5.726 -5.729 -7.137 -7.762 -5.796
 -3.466 -3.107 -3.198 -2.9 -1.994
 -2.044 -3.526 -4.697 -5.276 -4.622
 -3.756 -1.943 -0.188 0.181 -0.973
 -2.549 -2.526 -0.694 1.924 3.991
 4.536 3.19 1.357 -5.0E-3 0.163
 0.693 1.68 2.65 3.22 2.568
 1.274 0.466 -0.152 -0.046 0.198
 1.14 2.18 2.975 3.703 4.294
 4.888 5.126 5.288 5.569 6.798
 7.985 9.069 9.898 11.236 12.86
 13.746 13.677 12.351 10.918 9.721
 8.768 7.284 5.94 5.893 6.956
 7.401 6.319 4.978 3.833 2.804
 0.672 -1.316 -2.22 -2.04 -2.25
 -3.152 -4.185 -5.079 -5.096 -4.436
 -2.212 -1.107 -1.538 -4.331 -6.324
 -6.4 -4.144 -1.535 0.414 0.351
 -1.087 -3.148 -4.425 -3.764 -2.396
 0.309 2.242 3.456 3.256
 1.967 1.224 0.33 -0.609 -1.637
 -1.667 -0.553 1.328 2.612 2.781
 1.938 0.414 -0.85 -2.248 -3.425
 -4.431 -4.681 -4.253 -3.869 -3.842
 -4.056 -4.507 -4.343 -4.143 -3.643
 -2.769 -3.018 -4.122 -5.625 -5.932
 -5.214 -4.779 -4.838 -4.967 -5.011
 -4.922 -4.2 -2.833 -1.247 -0.234
 0.14 0.964 1.365 1.347 0.599
 0.671 1.178 2.183 2.996 4.266
 5.534 5.842 5.126 4.601 4.055
 3.73 2.449 1.955 1.743 1.435
 0.213 -1.373 -2.168 -2.455 -3.289
 -5.341 -7.926 -10.177 -10.384 -8.844
 -6.351 -5.893 -6.53 -6.87 -5.605
 -4.108 -3.934 -3.993 -4.0 -3.266
 -2.906 -3.039 -3.024 -3.42 -3.42
 -3.291 -2.231 -1.058 -1.046 -1.65
 -2.326 -1.761 -0.013 2.227 3.983
 4.428 3.095 1.423 0.263 0.473
 0.945 1.473 1.832 2.041 1.745
 0.969 0.506 3.0E-3 0.084 0.128
 0.775 1.717 2.695 3.29 3.656
 3.95 4.52 5.263 5.949 6.582
 6.611 6.958 7.912 9.434 10.733
 10.949 10.436 9.25 8.182 7.609
 7.106 6.132 5.117 5.099 5.923
 6.203 5.23 4.115 3.299 2.521
 0.887 -0.744 -1.508 -1.686 -2.286
 -3.176 -3.715 -4.141 -4.017 -3.48
 -1.649 -0.946 -1.514 -3.69 -4.909
 -4.607 -2.994 -1.158 0.085 -0.177
 -1.468 -2.976 -3.594 -3.131 -2.355
 -0.56 0.86 1.941 1.977
 0.51 0.085 -0.019 0.078 -0.095
 -0.047 0.257 1.136 1.539 1.496
 0.866 0.093 -0.53 -1.297 -2.04
 -2.58 -2.445 -1.753 -1.12 -0.831
 -0.732 -0.658 -0.227 -0.103 -0.115
 -0.026 -0.401 -1.368 -2.333 -2.613
 -2.36 -2.236 -2.265 -2.083 -2.17
 -2.621 -2.234 -1.221 0.104 0.705
 0.776 1.274 1.346 1.2 0.47
 0.674 1.01 1.511 1.509 2.092
 2.855 2.95 2.23 2.029 1.988
 2.133 1.343 0.921 0.377 -0.59
 -1.989 -3.146 -3.257 -3.017 -3.462
 -4.842 -6.476 -8.043 -7.984 -6.963
 -5.133 -4.803 -5.402 -6.26 -6.151
 -5.369 -4.93 -4.515 -4.231 -3.607
 -3.1 -2.841 -2.177 -2.232 -2.342
 -2.534 -2.177 -1.636 -1.922 -1.902
 -1.86 -0.975 3.0E-3 1.38 2.29
 2.568 1.583 0.615 0.097 0.218
 0.645 0.945 1.159 1.06 0.763
 0.205 0.039 -0.2 0.216 0.34
 0.675 0.962 1.312 1.284 1.446
 1.571 2.332 3.111 3.778 3.933
 3.468 3.321 4.003 4.992 5.746
 5.616 5.273 4.717 4.212 3.858
 3.476 3.007 2.706 3.03 3.664
 3.834 3.17 2.36 1.775 1.069
 0.305 -0.357 -0.423 -0.807 -1.621
 -2.372 -2.423 -2.457 -2.131 -1.763
 -0.641 -0.578 -1.133 -2.366 -2.89
 -2.483 -1.654 -0.579 -0.017 -0.444
 -1.454 -2.395 -2.641 -2.554 -2.34
 -1.235 -0.345 0.243 0.062
