 -1.9734499e+00 -2.1288900e+00 -2.3652501e+00 -2.6257401e+00 -2.5861900e+00
 -2.2715199e+00 -2.0275099e+00 -2.0114100e+00 -2.3550701e+00 -3.3631799e+00
 -4.7694101e+00 -5.5526099e+00 -5.1978402e+00 -4.2570901e+00 -3.5019600e+00
 -3.0660300e+00 -2.7263401e+00 -2.4564199e+00 -2.3026900e+00 -2.2392800e+00
 -2.2244000e+00 -2.1079800e+00 -2.1536100e+00 -2.2276101e+00 -2.2735200e+00
 -2.3742001e+00 -2.4772601e+00 -2.1939800e+00 -1.2779599e+00 -4.3105200e-01
 -3.4878099e-01 -1.0808600e+00 -1.5953000e+00 -1.8306100e+00 -2.0675399e+00
 -2.3000801e+00 -2.4687099e+00 -2.7600100e+00 -3.3664701e+00 -4.1776099e+00
 -4.8642902e+00 -5.3149500e+00 -5.5804000e+00 -5.3651800e+00 -4.1608701e+00
 -2.4871099e+00 -1.5576299e+00 -1.4453800e+00 -1.6161600e+00 -1.8287300e+00
 -1.8092999e+00 -1.8767101e+00 -1.5640200e+00 -8.6275202e-01 -2.8501701e-01
 -1.0851300e-01 -5.7625901e-02 -1.5047701e-01 -4.4027400e-01 -7.1535301e-01
 -7.7088398e-01 -5.8492500e-01 -4.1540000e-01 -3.6791101e-01 -5.3467000e-01
 -1.2392401e+00 -2.2338099e+00 -2.6573701e+00 -2.1367300e+00 -1.1716200e+00
 -4.0337199e-01  3.8173500e-02  3.7260100e-01  9.2191601e-01  1.8034500e+00
  2.6871200e+00  3.2744200e+00  3.4886401e+00  3.3454599e+00  3.2260201e+00
  3.5834000e+00  4.3719001e+00  5.2497301e+00  5.8488898e+00  7.6333399e+00
  7.9010000e+00  8.0615196e+00  8.0209398e+00  7.9782600e+00  7.9747801e+00
  7.7506800e+00  7.0084300e+00  5.8354201e+00  4.6835198e+00  3.7016799e+00
  3.0226700e+00  2.9229100e+00  3.0857699e+00  2.9817200e+00  2.8968899e+00
  3.2197299e+00  3.8799100e+00  4.9583201e+00  4.7124901e+00  4.0039201e+00
  3.0455501e+00  2.1432199e+00  1.6742400e+00  1.9065200e+00  2.6938500e+00
  3.5356200e+00  4.0252700e+00  4.0504498e+00  3.9116099e+00  4.2764401e+00
  4.9882898e+00  5.6165900e+00  6.1839099e+00  1.0450700e+01  1.1061200e+01
  7.3722501e+00  6.9990802e+00  5.8157201e+00  4.6322098e+00  4.4493799e+00
  4.9649000e+00  5.2237201e+00  4.8488202e+00  4.0214901e+00  3.1332200e+00
  2.4674699e+00  2.0787201e+00  2.0490699e+00  2.2805500e+00  2.5001299e+00
  2.6910701e+00  3.0134900e+00  3.4042699e+00  3.6417799e+00
 -1.9734499e+00 -2.1288900e+00 -2.3652501e+00 -2.6257401e+00 -2.5861900e+00
 -2.2715199e+00 -2.0275099e+00 -2.0114100e+00 -2.3550701e+00 -3.3631799e+00
 -4.7694101e+00 -5.5526099e+00 -5.1978402e+00 -4.2570901e+00 -3.5019600e+00
 -3.0660300e+00 -2.7263401e+00 -2.4564199e+00 -2.3026900e+00 -2.2392800e+00
 -2.2244000e+00 -2.1079800e+00 -2.1536100e+00 -2.2276101e+00 -2.2735200e+00
 -2.3742001e+00 -2.4772601e+00 -2.1939800e+00 -1.2779599e+00 -4.3105200e-01
 -3.4878099e-01 -1.0808600e+00 -1.5953000e+00 -1.8306100e+00 -2.0675399e+00
 -2.3000801e+00 -2.4687099e+00 -2.7600100e+00 -3.3664701e+00 -4.1776099e+00
 -4.8642902e+00 -5.3149500e+00 -5.5804000e+00 -5.3651800e+00 -4.1608701e+00
 -2.4871099e+00 -1.5576299e+00 -1.4453800e+00 -1.6161600e+00 -1.8287300e+00
 -1.8572700e+00 -1.6898400e+00 -1.4006900e+00 -1.1018300e+00 -9.9926400e-01
 -9.8871601e-01 -8.2859802e-01 -6.5693098e-01 -7.3064500e-01 -1.3301899e+00
 -2.3467801e+00 -2.8895099e+00 -2.8282700e+00 -2.6136601e+00 -2.3701401e+00
 -2.2326500e+00 -2.3263400e+00 -2.3922999e+00 -1.9327300e+00 -1.0739000e+00
 -3.2832700e-01  1.5845300e-01  5.3752798e-01  1.0594200e+00  1.8867500e+00
  2.8698299e+00  3.7473900e+00  4.1156301e+00  3.7974501e+00  3.5978000e+00
  4.2435002e+00  5.4211102e+00  6.5326400e+00  7.2672501e+00  7.6333399e+00
  7.9010000e+00  8.0615196e+00  8.0209398e+00  7.9782600e+00  7.9747801e+00
  7.7506800e+00  7.0084300e+00  5.8354201e+00  4.6835198e+00  3.7016799e+00
  3.0226700e+00  2.9229100e+00  3.0857699e+00  3.1035500e+00  3.1748500e+00
  3.7403600e+00  4.5686998e+00  4.9583201e+00  4.7124901e+00  4.0039201e+00
  3.0455501e+00  2.1432199e+00  1.6742400e+00  1.9065200e+00  2.6938500e+00
  3.5356200e+00  4.0252700e+00  4.0504498e+00  3.9116099e+00  4.2764401e+00
  4.9882898e+00  5.6165900e+00  6.1839099e+00  1.0450700e+01  1.1061200e+01
  7.3722501e+00  6.9990802e+00  5.8157201e+00  4.6322098e+00  4.4493799e+00
  4.9649000e+00  5.2237201e+00  4.8488202e+00  4.0214901e+00  3.1332200e+00
  2.4674699e+00  2.0787201e+00  2.0490699e+00  2.2805500e+00  2.5001299e+00
  2.6910701e+00  3.0134900e+00  3.4042699e+00  3.6417799e+00
 -2.7266500e+00 -2.4135799e+00 -2.4442799e+00 -2.7947299e+00 -3.1939001e+00
 -3.7697101e+00 -4.5639100e+00 -5.1058898e+00 -5.1151800e+00 -4.7402802e+00
 -4.3935599e+00 -4.2538400e+00 -4.2052302e+00 -4.0358000e+00 -3.6837299e+00
 -3.3455100e+00 -3.1697199e+00 -2.9966800e+00 -2.6616600e+00 -2.3420300e+00
 -2.2338400e+00 -2.0970900e+00 -2.1520300e+00 -2.1183200e+00 -1.8683300e+00
 -1.6054900e+00 -1.5316900e+00 -1.3510100e+00 -7.4296999e-01 -1.9962800e-01
 -2.7571601e-01 -8.9098698e-01 -1.2599500e+00 -1.5021300e+00 -1.9696000e+00
 -2.5008900e+00 -2.8428199e+00 -3.1768999e+00 -3.7779300e+00 -4.5870199e+00
 -5.3047299e+00 -5.8451800e+00 -6.2185798e+00 -6.0731001e+00 -4.9345498e+00
 -3.3519900e+00 -2.4725599e+00 -2.3337300e+00 -2.4140799e+00 -2.5168800e+00
 -2.5247099e+00 -2.4397199e+00 -2.2913101e+00 -2.1628599e+00 -2.1677799e+00
 -2.1746099e+00 -2.0130000e+00 -3.2866099e+00 -5.7727399e+00 -6.5948801e+00
 -6.7804699e+00 -7.4748902e+00 -7.9746699e+00 -8.5845804e+00 -8.9968596e+00
 -7.6701002e+00 -4.7106800e+00 -2.5490201e+00 -1.6259300e+00 -9.2166197e-01
 -2.8386301e-01  2.9481101e-01  9.4023198e-01  1.7304699e+00  2.6222200e+00
  3.4590800e+00  4.0852900e+00  4.1712799e+00  3.6498699e+00  3.3302300e+00
  3.8998401e+00  5.0457401e+00  6.1854701e+00  7.1025600e+00  7.9292598e+00
  8.7792997e+00  9.3357601e+00  9.4643898e+00  9.5042295e+00  9.5516596e+00
  9.3722897e+00  8.6970100e+00  7.5222101e+00  6.1051302e+00  4.5489101e+00
  3.3381400e+00  3.1345899e+00  3.5425200e+00  3.8230600e+00  3.9714999e+00
  4.3267498e+00  4.6974201e+00  4.5793600e+00  3.9682100e+00  3.1101501e+00
  2.2125101e+00  1.4994600e+00  1.2145000e+00  1.6115700e+00  2.7044101e+00
  4.1353798e+00  5.4283900e+00  6.3939600e+00  7.2330899e+00  8.2481403e+00
  9.1100101e+00  9.5357904e+00  9.8391104e+00  1.0450700e+01  1.1061200e+01
  1.1292500e+01  1.0446500e+01  8.0806198e+00  5.6262498e+00  4.9252100e+00
  5.5025401e+00  5.7715201e+00  5.2284398e+00  4.1776199e+00  3.1043100e+00
  2.2872701e+00  1.7512800e+00  1.6074500e+00  1.8264800e+00  2.2141900e+00
  2.7037499e+00  3.2864001e+00  3.7677600e+00  3.9283400e+00
 -2.8338599e+00 -2.3504601e+00 -2.2063899e+00 -2.4597900e+00 -2.6997001e+00
 -2.8259799e+00 -2.9817400e+00 -3.1657000e+00 -3.4637101e+00 -3.7609301e+00
 -3.7883501e+00 -3.6282001e+00 -3.5632200e+00 -3.4488900e+00 -3.0366399e+00
 -2.4872100e+00 -2.0709000e+00 -1.8584800e+00 -1.7528501e+00 -1.5978400e+00
 -1.3662200e+00 -1.0063800e+00 -9.1945797e-01 -9.1190302e-01 -8.5629702e-01
 -8.9173597e-01 -1.1492400e+00 -1.2610900e+00 -7.8270698e-01 -8.4852397e-02
  3.9716799e-02 -3.0764201e-01 -6.2517798e-01 -9.4188100e-01 -1.5369400e+00
 -2.2683201e+00 -2.8499200e+00 -3.3182800e+00 -3.8216901e+00 -4.3507600e+00
 -4.8971400e+00 -5.6719799e+00 -6.4978199e+00 -6.5626602e+00 -5.2920599e+00
 -3.4443400e+00 -2.4257500e+00 -2.3245001e+00 -2.5956099e+00 -3.0143700e+00
 -3.3012099e+00 -3.3646600e+00 -3.3058400e+00 -3.2528801e+00 -3.3029001e+00
 -3.3219099e+00 -3.1519499e+00 -2.9711201e+00 -3.0506301e+00 -3.5036399e+00
 -4.2957602e+00 -4.8599000e+00 -5.0313601e+00 -5.1703401e+00 -5.1695600e+00
 -4.3525300e+00 -2.8757300e+00 -1.8226300e+00 -1.2446899e+00 -7.1228099e-01
 -1.8537199e-01  3.7880799e-01  1.0460300e+00  1.8663300e+00  2.7486000e+00
  3.4677200e+00  3.8169899e+00  3.4971499e+00  2.5930800e+00  2.0617900e+00
  2.7675900e+00  4.4366798e+00  6.1269398e+00  7.3372202e+00  8.3003101e+00
  9.1517601e+00  9.5026999e+00  9.3202295e+00  9.0499201e+00  8.8157196e+00
  8.4868498e+00  7.9998999e+00  7.3872399e+00  6.5416398e+00  5.1837101e+00
  3.8563600e+00  3.5164001e+00  3.9112699e+00  4.2843399e+00  4.5202599e+00
  4.7916799e+00  4.9193101e+00  4.5409298e+00  3.7200501e+00  2.7318201e+00
  1.8128200e+00  1.1061900e+00  7.4846399e-01  1.0050800e+00  2.0211799e+00
  3.6088500e+00  5.3705401e+00  7.2699099e+00  9.5727701e+00  1.1973500e+01
  1.3356100e+01  1.3209100e+01  1.2144900e+01  1.1540100e+01  1.1321200e+01
  1.0831300e+01  9.4213305e+00  6.8223901e+00  4.4988599e+00  4.2462201e+00
  5.3135400e+00  5.8683901e+00  5.5335698e+00  4.6865201e+00  3.5502501e+00
  2.2693300e+00  1.2913200e+00  1.2320900e+00  1.9366000e+00  2.7418499e+00
  3.3232000e+00  3.6838100e+00  3.8983700e+00  4.0054302e+00
 -2.6495299e+00 -2.2661099e+00 -2.0990701e+00 -2.3443501e+00 -2.7366300e+00
 -3.0149100e+00 -3.1488700e+00 -3.1764600e+00 -3.2509601e+00 -3.3288801e+00
 -3.2138400e+00 -2.9195499e+00 -2.6265399e+00 -2.3246300e+00 -1.9636700e+00
 -1.5414000e+00 -1.0703000e+00 -7.8567100e-01 -8.0772901e-01 -7.9974699e-01
 -5.7570201e-01 -1.5541101e-01 -1.8033400e-01 -4.0193701e-01 -6.0011601e-01
 -8.0051601e-01 -1.1411000e+00 -1.3563700e+00 -1.0565100e+00 -4.6783701e-01
 -2.7263001e-01 -3.1583601e-01 -3.5170400e-01 -5.1009297e-01 -1.1333100e+00
 -2.0252700e+00 -2.7486501e+00 -3.2664499e+00 -3.7584100e+00 -4.2463002e+00
 -4.7746801e+00 -5.6369200e+00 -6.6349101e+00 -6.7891302e+00 -5.3743000e+00
 -3.2483201e+00 -2.0694399e+00 -2.0199599e+00 -2.5817800e+00 -3.4143300e+00
 -3.9340200e+00 -3.9902599e+00 -3.8450899e+00 -3.7029700e+00 -3.6791999e+00
 -3.6554201e+00 -3.3099101e+00 -2.6013300e+00 -2.1029601e+00 -2.1105499e+00
 -2.4131999e+00 -2.7519400e+00 -2.8867099e+00 -2.8100600e+00 -2.6145000e+00
 -2.1918800e+00 -1.6891800e+00 -1.3497100e+00 -9.9671698e-01 -5.1534700e-01
  1.8015400e-02  5.8536500e-01  1.2231500e+00  1.9954700e+00  2.7881200e+00
  3.3804200e+00  3.6346200e+00  3.3275599e+00  2.5261900e+00  2.0426300e+00
  2.6867099e+00  4.2838302e+00  5.9513698e+00  7.1527500e+00  8.0540895e+00
  8.7645903e+00  8.9848299e+00  8.8214302e+00  8.7479401e+00  8.7598896e+00
  8.5875797e+00  8.1779003e+00  7.6487198e+00  6.8734102e+00  5.4826398e+00
  4.0624199e+00  3.6944001e+00  4.1851702e+00  4.7370901e+00  5.0790000e+00
  5.2366199e+00  5.1147299e+00  4.5737901e+00  3.7158000e+00  2.6796300e+00
  1.6568100e+00  8.8767803e-01  5.3915101e-01  7.9548299e-01  1.7700400e+00
  3.3468499e+00  5.2115798e+00  7.3950100e+00  1.0120900e+01  1.2881600e+01
  1.4312000e+01  1.3659200e+01  1.1505600e+01  9.7842503e+00  8.9268599e+00
  8.4107704e+00  7.4932599e+00  5.5823498e+00  3.7678900e+00  3.7967999e+00
  5.1134200e+00  6.0091600e+00  6.0580802e+00  5.4669700e+00  4.2408900e+00
  2.5103199e+00  1.1235300e+00  1.0611000e+00  2.0633399e+00  3.1774800e+00
  3.9188900e+00  4.2692299e+00  4.4162202e+00  4.5267401e+00
 -1.8485500e+00 -2.0839901e+00 -2.1239300e+00 -2.2304900e+00 -2.4626901e+00
 -2.7032101e+00 -2.9195800e+00 -3.1037900e+00 -3.1981001e+00 -3.2251401e+00
 -2.9585900e+00 -2.5297201e+00 -2.1003799e+00 -1.6694500e+00 -1.3058500e+00
 -9.7196001e-01 -5.2718800e-01 -2.0050199e-01 -2.0542701e-01 -4.2570400e-01
 -3.9831099e-01 -7.1865201e-02 -5.1204100e-02 -1.3658901e-01 -1.6927899e-01
 -1.2057200e-01 -1.9102000e-01 -3.6487800e-01 -3.9131799e-01 -2.4517199e-01
 -2.6496100e-01 -2.8119200e-01 -3.5818899e-01 -6.0756397e-01 -1.2361000e+00
 -2.0496199e+00 -2.6476700e+00 -3.0158401e+00 -3.3647599e+00 -3.7201099e+00
 -4.1314001e+00 -4.8950000e+00 -5.8448701e+00 -6.0515699e+00 -4.7290301e+00
 -2.6354599e+00 -1.4311600e+00 -1.4034300e+00 -2.2166901e+00 -3.4936399e+00
 -4.3469300e+00 -4.4960399e+00 -4.1978402e+00 -3.6429601e+00 -3.1967001e+00
 -3.0060501e+00 -2.7064800e+00 -2.2082300e+00 -1.9278700e+00 -1.9834800e+00
 -2.3113999e+00 -2.8359301e+00 -3.1152501e+00 -2.9668901e+00 -2.5605800e+00
 -1.9549201e+00 -1.4280601e+00 -1.1085600e+00 -6.3854897e-01  6.6972099e-02
  7.7901399e-01  1.4569300e+00  2.1126101e+00  2.6674399e+00  3.0174799e+00
  3.1669400e+00  3.1773400e+00  3.0372100e+00  2.7421401e+00  2.6206901e+00
  3.2349000e+00  4.5748601e+00  6.0487800e+00  7.2291698e+00  8.1063099e+00
  8.6239405e+00  8.5154200e+00  8.1071596e+00  8.0353899e+00  8.2215900e+00
  8.2538700e+00  8.0187798e+00  7.6165700e+00  6.9664898e+00  5.8025498e+00
  4.6660900e+00  4.4753299e+00  5.0079298e+00  5.5390801e+00  5.8049698e+00
  5.7949100e+00  5.4974799e+00  4.9114499e+00  4.0317798e+00  2.7719300e+00
  1.4278001e+00  5.6133300e-01  3.5881799e-01  7.6213402e-01  1.8044900e+00
  3.4400201e+00  5.3686299e+00  7.5824299e+00  1.0158100e+01  1.2516200e+01
  1.3443300e+01  1.2291400e+01  9.5661402e+00  7.3023701e+00  6.2734199e+00
  6.1434498e+00  6.0162001e+00  4.9761100e+00  3.8041301e+00  4.1030598e+00
  5.4323001e+00  6.2628899e+00  6.2196298e+00  5.5336099e+00  4.2612000e+00
  2.5494101e+00  1.1822400e+00  1.0158800e+00  1.8203000e+00  2.8925300e+00
  3.9099600e+00  4.7329898e+00  5.2858100e+00  5.5753798e+00
 -1.3832200e+00 -1.6110700e+00 -1.6467900e+00 -1.6855600e+00 -1.8131400e+00
 -2.1000900e+00 -2.5559499e+00 -3.0445800e+00 -3.2915800e+00 -3.3435299e+00
 -3.0562000e+00 -2.5763800e+00 -2.0358901e+00 -1.4613301e+00 -9.7863901e-01
 -4.7290799e-01  3.6700800e-01  1.2775000e+00  1.5773600e+00  1.1149000e+00
  2.8152499e-01 -1.7445600e-01 -4.9713799e-01 -6.4152998e-01 -5.8543599e-01
 -3.8311100e-01 -3.1345001e-01 -4.8730999e-01 -6.4678502e-01 -5.4500699e-01
 -4.4910100e-01 -3.1671801e-01 -4.3378001e-01 -8.1115901e-01 -1.4154000e+00
 -1.9933600e+00 -2.2662599e+00 -2.4153600e+00 -2.7552500e+00 -3.2185099e+00
 -3.6670599e+00 -4.2870598e+00 -5.0583801e+00 -5.3289499e+00 -4.4782801e+00
 -3.0078199e+00 -2.0805500e+00 -2.0289199e+00 -2.8537700e+00 -4.1763401e+00
 -4.9789600e+00 -4.9690900e+00 -4.4374800e+00 -3.5668099e+00 -2.8338599e+00
 -2.5041101e+00 -2.2149100e+00 -1.9209599e+00 -1.8750900e+00 -1.9892600e+00
 -2.2276299e+00 -2.6407399e+00 -2.8837299e+00 -2.7792599e+00 -2.4413700e+00
 -1.8726701e+00 -1.3157001e+00 -9.2766899e-01 -3.8817200e-01  3.7018099e-01
  1.1283400e+00  1.8242500e+00  2.3889301e+00  2.7658999e+00  2.9340200e+00
  2.9851000e+00  3.0543499e+00  3.0791700e+00  2.8852999e+00  2.7013600e+00
  3.1855800e+00  4.5131202e+00  6.1781998e+00  7.6159902e+00  8.6184597e+00
  9.1542597e+00  9.0474300e+00  8.5229702e+00  8.1107998e+00  7.9330502e+00
  7.8378801e+00  7.6856499e+00  7.4156098e+00  6.9302602e+00  6.0491300e+00
  5.2324901e+00  5.2056499e+00  5.7026801e+00  6.0949402e+00  6.1856699e+00
  5.9428201e+00  5.4028502e+00  4.7049398e+00  3.8596201e+00  2.6938300e+00
  1.4564900e+00  7.1070999e-01  6.0086602e-01  1.0062000e+00  1.9949100e+00
  3.6247699e+00  5.6682501e+00  8.0250101e+00  1.0451400e+01  1.2258300e+01
  1.2538300e+01  1.1003700e+01  8.3265305e+00  6.3985100e+00  5.6828899e+00
  5.7286801e+00  5.7743602e+00  5.0299201e+00  4.1250701e+00  4.4034801e+00
  5.5025702e+00  6.0955701e+00  5.8003602e+00  4.8624001e+00  3.5552700e+00
  2.1426899e+00  1.1439300e+00  1.0732400e+00  1.7125100e+00  2.5949399e+00
  3.5180199e+00  4.3543501e+00  5.0442801e+00  5.5554099e+00
 -1.3758399e+00 -1.5163600e+00 -1.3921000e+00 -1.2528300e+00 -1.3483000e+00
 -1.7363600e+00 -2.3471601e+00 -2.9077499e+00 -3.0980899e+00 -3.0247099e+00
 -2.6675601e+00 -2.1926100e+00 -1.6570400e+00 -1.1234601e+00 -7.5744098e-01
 -3.5289499e-01  5.2760500e-01  1.6365300e+00  2.0991299e+00  1.7156500e+00
  4.9738300e-01 -3.4244600e-01 -6.3426799e-01 -6.5345901e-01 -6.0185498e-01
 -4.4199100e-01 -2.7636200e-01 -2.2240900e-01 -1.1458800e-01  1.5369000e-01
  2.1129300e-01  1.9882201e-01 -4.1250799e-02 -4.4026300e-01 -1.0052700e+00
 -1.6450700e+00 -2.1187999e+00 -2.4588399e+00 -2.8365901e+00 -3.2295201e+00
 -3.6499100e+00 -4.3385901e+00 -5.2226801e+00 -5.5676298e+00 -4.7947502e+00
 -3.4088900e+00 -2.4833801e+00 -2.4097400e+00 -3.3009701e+00 -4.7161198e+00
 -5.5159998e+00 -5.4391899e+00 -4.9896698e+00 -4.4884300e+00 -4.1131902e+00
 -3.6728699e+00 -2.9497001e+00 -2.4667499e+00 -2.4201400e+00 -2.4500501e+00
 -2.3792701e+00 -2.2770200e+00 -2.1933701e+00 -2.1148801e+00 -1.9937800e+00
 -1.6753200e+00 -1.2462800e+00 -9.0698701e-01 -5.6688100e-01 -1.0663400e-01
  5.0239801e-01  1.1862100e+00  1.7507300e+00  2.1607299e+00  2.4161501e+00
  2.5539401e+00  2.7041800e+00  2.8294499e+00  2.7677400e+00  2.7463701e+00
  3.4145601e+00  4.8913298e+00  6.6140800e+00  8.0041599e+00  8.8485298e+00
  9.2429399e+00  9.1529503e+00  8.6590300e+00  8.0964804e+00  7.7425399e+00
  7.7006502e+00  7.7988901e+00  7.7545900e+00  7.3644900e+00  6.5370402e+00
  5.7385101e+00  5.5516200e+00  5.7501998e+00  5.9318700e+00  6.0120802e+00
  5.8584599e+00  5.3691702e+00  4.6761398e+00  3.8812201e+00  2.8869100e+00
  1.8560801e+00  1.1884100e+00  9.8007399e-01  1.1973799e+00  2.0380800e+00
  3.6231401e+00  5.6385498e+00  7.8251400e+00  9.9127197e+00  1.1429900e+01
  1.1704700e+01  1.0609600e+01  8.5843697e+00  7.0204802e+00  6.2281699e+00
  5.9722600e+00  5.7726598e+00  5.0484200e+00  4.3295202e+00  4.7483602e+00
  5.9607701e+00  6.6861300e+00  6.4097800e+00  5.2766600e+00  3.7276299e+00
  2.2977901e+00  1.4848200e+00  1.5095400e+00  1.9958500e+00  2.5681200e+00
  3.1758201e+00  3.8515601e+00  4.6463900e+00  5.4535098e+00
 -1.2884300e+00 -1.1574000e+00 -8.7660700e-01 -7.3700303e-01 -1.1215600e+00
 -1.7703400e+00 -2.4052501e+00 -2.8179901e+00 -2.8698699e+00 -2.5477800e+00
 -1.8040000e+00 -1.0495800e+00 -6.3315398e-01 -5.8508497e-01 -6.2950897e-01
 -3.3238801e-01  5.3619403e-01  1.6129600e+00  2.0679100e+00  1.6053500e+00
  2.9057801e-01 -5.3860903e-01 -8.6106801e-01 -8.5388499e-01 -8.1105399e-01
 -7.9819298e-01 -7.9259503e-01 -6.4214402e-01 -1.0658000e-01  5.4712999e-01
  6.0838598e-01  3.5794199e-01 -9.7048298e-02 -5.8759201e-01 -1.1316100e+00
 -1.7187600e+00 -2.1997099e+00 -2.5979099e+00 -3.0141699e+00 -3.4507000e+00
 -3.9920800e+00 -4.8972402e+00 -5.9600902e+00 -6.3192701e+00 -5.4548302e+00
 -3.9486899e+00 -2.8903000e+00 -2.6051099e+00 -3.0529301e+00 -3.9960999e+00
 -4.7502398e+00 -5.0234599e+00 -4.7590699e+00 -3.9410501e+00 -3.1097901e+00
 -2.7153800e+00 -2.5045199e+00 -2.3825099e+00 -2.3737099e+00 -2.3136201e+00
 -2.0995800e+00 -1.8201600e+00 -1.5832700e+00 -1.4163001e+00 -1.3141000e+00
 -1.1917200e+00 -1.0133200e+00 -7.8460503e-01 -4.6876201e-01 -7.4677303e-02
  4.8513001e-01  1.1434000e+00  1.6300499e+00  1.9280699e+00  2.0979199e+00
  2.1803701e+00  2.2584200e+00  2.4111199e+00  2.6612201e+00  3.1100500e+00
  4.0764799e+00  5.4965901e+00  6.9005299e+00  7.9181900e+00  8.4317503e+00
  8.6580496e+00  8.7013302e+00  8.4545403e+00  7.9880300e+00  7.6764898e+00
  7.8273602e+00  8.2005901e+00  8.3314304e+00  8.0061903e+00  7.2351599e+00
  6.3684301e+00  5.7334399e+00  5.2258101e+00  4.8905301e+00  4.9328198e+00
  5.1560898e+00  5.1069498e+00  4.6417398e+00  3.9491899e+00  3.1867299e+00
  2.5612700e+00  2.2432201e+00  2.1086500e+00  2.0995200e+00  2.5290799e+00
  3.6684401e+00  5.3319802e+00  7.3284702e+00  9.4012804e+00  1.1076500e+01
  1.1709300e+01  1.1209000e+01  9.7711401e+00  8.3774405e+00  7.2807298e+00
  6.4506001e+00  5.7654300e+00  4.9961300e+00  4.5649600e+00  5.2731400e+00
  6.6608200e+00  7.4496799e+00  7.0973902e+00  5.7662101e+00  4.0209298e+00
  2.5014100e+00  1.6174600e+00  1.4592100e+00  1.7414000e+00  2.2049601e+00
  2.7112701e+00  3.2654700e+00  4.1286402e+00  5.2972002e+00
 -1.3428200e+00 -1.1274199e+00 -7.1473497e-01 -4.1774601e-01 -7.5588500e-01
 -1.4574500e+00 -2.1949000e+00 -2.6366301e+00 -2.5636599e+00 -2.0768800e+00
 -1.3144600e+00 -7.0620501e-01 -6.1009097e-01 -9.7802699e-01 -1.2876900e+00
 -1.0583200e+00 -1.4817600e-01  1.1394200e+00  1.9680600e+00  1.8171700e+00
  7.0485097e-01 -1.7636999e-01 -7.6026702e-01 -1.1441100e+00 -1.3860199e+00
 -1.4148200e+00 -1.3025200e+00 -9.5453697e-01 -1.8595099e-01  4.5434901e-01
  2.3044799e-01 -2.7798399e-01 -6.3759202e-01 -9.0619498e-01 -1.3937200e+00
 -2.0735600e+00 -2.6733899e+00 -3.1354101e+00 -3.5186400e+00 -3.8780200e+00
 -4.2988400e+00 -4.8348298e+00 -5.3481302e+00 -5.4692502e+00 -4.9399700e+00
 -4.0272298e+00 -3.2797501e+00 -2.9376400e+00 -3.1253600e+00 -3.7433901e+00
 -4.3383198e+00 -4.6672502e+00 -4.5122600e+00 -3.7272401e+00 -2.8494401e+00
 -2.4553001e+00 -2.3777299e+00 -2.4229100e+00 -2.4475100e+00 -2.3069401e+00
 -2.0664699e+00 -1.8311501e+00 -1.5953200e+00 -1.3963799e+00 -1.3106101e+00
 -1.2262800e+00 -1.0307100e+00 -7.3360300e-01 -3.1669000e-01  1.9870000e-01
  8.3628201e-01  1.4847600e+00  1.8591599e+00  1.9561599e+00  1.9585500e+00
  2.0201099e+00  2.1704299e+00  2.4438500e+00  2.9465001e+00  3.6950099e+00
  4.7862501e+00  6.0852399e+00  7.2268801e+00  7.9870100e+00  8.3539600e+00
  8.6322098e+00  8.9075003e+00  8.8122702e+00  8.2115297e+00  7.6863799e+00
  7.8895001e+00  8.5157900e+00  8.7748899e+00  8.4062300e+00  7.6098599e+00
  6.7517200e+00  6.0156202e+00  5.3384700e+00  4.9118700e+00  4.9012899e+00
  5.0146599e+00  4.9229102e+00  4.6507602e+00  4.3161101e+00  3.9004300e+00
  3.5237601e+00  3.3192501e+00  3.1988399e+00  3.1740301e+00  3.4836800e+00
  4.3312302e+00  5.6501198e+00  7.3846102e+00  9.3374300e+00  1.1064600e+01
  1.1915900e+01  1.1704200e+01  1.0461100e+01  9.0795803e+00  7.8888898e+00
  6.9417901e+00  6.1724401e+00  5.4338298e+00  5.1059999e+00  5.8519201e+00
  7.1881399e+00  7.8997502e+00  7.4697299e+00  6.0945401e+00  4.4150701e+00
  3.0666001e+00  2.2930100e+00  2.0430000e+00  2.1269000e+00  2.4512899e+00
  2.8816099e+00  3.3413501e+00  4.0439200e+00  4.9895101e+00
 -1.2676700e+00 -1.1757400e+00 -7.7625102e-01 -4.8165500e-01 -7.4556798e-01
 -1.5027699e+00 -2.3886299e+00 -2.9398401e+00 -2.7826900e+00 -2.2721100e+00
 -1.6831501e+00 -1.3206100e+00 -1.3219900e+00 -1.6415000e+00 -1.9121100e+00
 -1.6798800e+00 -7.3886198e-01  6.2194097e-01  1.5768501e+00  1.5525500e+00
  5.8827698e-01 -1.9069700e-01 -8.7961501e-01 -1.3904200e+00 -1.6047900e+00
 -1.5592999e+00 -1.4940400e+00 -1.1752599e+00 -2.4046300e-01  6.2194598e-01
  4.8476499e-01 -1.4020699e-01 -7.1356398e-01 -1.2430400e+00 -1.8921300e+00
 -2.5792699e+00 -3.1039801e+00 -3.4290600e+00 -3.5882399e+00 -3.6938400e+00
 -4.0256200e+00 -4.7236400e+00 -5.4349198e+00 -5.6046801e+00 -5.1419101e+00
 -4.3650198e+00 -3.6508200e+00 -3.2091501e+00 -3.2307100e+00 -3.6975601e+00
 -4.2712402e+00 -4.7088299e+00 -4.7205100e+00 -4.0899000e+00 -3.2883101e+00
 -2.9109700e+00 -2.8511500e+00 -2.8590400e+00 -2.7380600e+00 -2.4398201e+00
 -2.0950601e+00 -1.7826999e+00 -1.4981000e+00 -1.3100100e+00 -1.3206300e+00
 -1.3506500e+00 -1.1630900e+00 -7.7424300e-01 -2.2695900e-01  4.7366300e-01
  1.2341800e+00  1.8614900e+00  2.1468999e+00  2.1552300e+00  2.1378100e+00
  2.2089400e+00  2.3099000e+00  2.5866399e+00  3.3466201e+00  4.4883599e+00
  5.8062501e+00  7.0374098e+00  7.9052501e+00  8.3612003e+00  8.4557600e+00
  8.4812002e+00  8.6320105e+00  8.6763401e+00  8.4693899e+00  8.3459797e+00
  8.6756001e+00  9.1093102e+00  9.0020103e+00  8.3784704e+00  7.6523499e+00
  7.0030398e+00  6.3368001e+00  5.6780200e+00  5.4007201e+00  5.5447798e+00
  5.6596498e+00  5.5640302e+00  5.4590902e+00  5.3165998e+00  4.8910799e+00
  4.3319602e+00  3.9227099e+00  3.6485600e+00  3.5167000e+00  3.7072101e+00
  4.3729200e+00  5.4760699e+00  7.0224500e+00  8.9221897e+00  1.0807000e+01
  1.1882600e+01  1.1837900e+01  1.0742400e+01  9.5562401e+00  8.5841999e+00
  7.8313699e+00  7.1866002e+00  6.4902501e+00  6.1427798e+00  6.7722702e+00
  7.8729701e+00  8.2908096e+00  7.6047401e+00  6.0905099e+00  4.4302802e+00
  3.2308199e+00  2.5509901e+00  2.1820199e+00  2.1055501e+00  2.4859200e+00
  3.1684599e+00  3.8772800e+00  4.5780401e+00  5.1540799e+00
 -1.2529000e+00 -1.1996700e+00 -7.8002000e-01 -4.9143699e-01 -8.5397798e-01
 -1.7605799e+00 -2.7117701e+00 -3.2676499e+00 -3.1709199e+00 -2.6909101e+00
 -2.0452199e+00 -1.5585800e+00 -1.3893501e+00 -1.5893101e+00 -1.9318300e+00
 -1.8695101e+00 -1.0252900e+00  2.6756999e-01  1.0865300e+00  1.0176300e+00
  7.8018203e-02 -5.9777898e-01 -1.0239100e+00 -1.3056099e+00 -1.4202000e+00
 -1.3683200e+00 -1.3020000e+00 -1.0168500e+00 -1.3399400e-01  7.9497898e-01
  8.5995603e-01  2.6312599e-01 -6.1462098e-01 -1.6054900e+00 -2.4765301e+00
 -3.0698199e+00 -3.3891599e+00 -3.5162499e+00 -3.4983301e+00 -3.4978299e+00
 -3.9143500e+00 -5.0135999e+00 -6.1848798e+00 -6.4709201e+00 -5.7437201e+00
 -4.5270100e+00 -3.4895799e+00 -2.9235899e+00 -2.9105799e+00 -3.4145999e+00
 -4.0778799e+00 -4.6228199e+00 -4.7519798e+00 -4.2065301e+00 -3.4227901e+00
 -3.0392201e+00 -2.9762101e+00 -2.8889599e+00 -2.5620301e+00 -2.0927701e+00
 -1.7107500e+00 -1.4437701e+00 -1.1928600e+00 -1.0372800e+00 -1.1581100e+00
 -1.3561000e+00 -1.2665800e+00 -8.6878699e-01 -2.8025401e-01  4.4867700e-01
  1.2331700e+00  1.8752600e+00  2.1472600e+00  2.1259699e+00  2.0831101e+00
  2.0848899e+00  2.0451500e+00  2.3101699e+00  3.4026699e+00  4.9679298e+00
  6.4105301e+00  7.5370002e+00  8.3635197e+00  8.8706999e+00  8.9176302e+00
  8.7506304e+00  8.7721300e+00  8.9652300e+00  9.1894503e+00  9.4368296e+00
  9.6875200e+00  9.6289301e+00  8.9257803e+00  7.9678102e+00  7.3293900e+00
  6.8597798e+00  6.1413498e+00  5.4416599e+00  5.4176898e+00  5.7975001e+00
  5.7692900e+00  5.4467402e+00  5.4812102e+00  5.7363501e+00  5.6502900e+00
  5.2566700e+00  4.7941499e+00  4.2715201e+00  3.8025999e+00  3.7015600e+00
  4.2188401e+00  5.2714400e+00  6.6839399e+00  8.3322496e+00  1.0033900e+01
  1.1082500e+01  1.1122600e+01  1.0248000e+01  9.3922501e+00  8.7389803e+00
  8.2393103e+00  7.7970099e+00  7.2558599e+00  6.9595199e+00  7.4375801e+00
  8.2125597e+00  8.3007498e+00  7.4425302e+00  5.9638901e+00  4.4544601e+00
  3.3792200e+00  2.6850500e+00  2.1450601e+00  1.9248700e+00  2.3699901e+00
  3.2389801e+00  4.0475502e+00  4.6334200e+00  4.9040499e+00
 -1.3676800e+00 -1.3240401e+00 -8.6823201e-01 -5.3682899e-01 -9.4795799e-01
 -1.9322799e+00 -2.8748000e+00 -3.3208101e+00 -3.0553899e+00 -2.4381299e+00
 -1.7085700e+00 -1.1305799e+00 -8.7745798e-01 -1.0822099e+00 -1.5734299e+00
 -1.7598000e+00 -1.1626199e+00 -4.2548198e-02  7.1897697e-01  7.1227902e-01
 -2.1032600e-01 -9.3925399e-01 -1.3686301e+00 -1.6289999e+00 -1.6675000e+00
 -1.4917001e+00 -1.3674200e+00 -1.1718800e+00 -4.5683101e-01  3.9582700e-01
  5.6029499e-01  8.6792603e-02 -7.9319900e-01 -1.8573400e+00 -2.7362499e+00
 -3.2525401e+00 -3.5052700e+00 -3.6119101e+00 -3.6063001e+00 -3.6436999e+00
 -4.0083499e+00 -4.7478600e+00 -5.3660402e+00 -5.3838201e+00 -4.8026400e+00
 -3.8761799e+00 -2.9748499e+00 -2.3755901e+00 -2.2700601e+00 -2.6689999e+00
 -3.2693100e+00 -3.8297801e+00 -4.1001801e+00 -3.8455100e+00 -3.3173201e+00
 -3.0245399e+00 -2.9917300e+00 -2.8875899e+00 -2.4409499e+00 -1.8428900e+00
 -1.4602400e+00 -1.3076299e+00 -1.1582100e+00 -1.0764900e+00 -1.3182100e+00
 -1.6525300e+00 -1.6121900e+00 -1.1467299e+00 -3.6774001e-01  5.7956499e-01
  1.4624000e+00  2.0627501e+00  2.1687000e+00  1.9361900e+00  1.7803800e+00
  1.7789299e+00  1.7564200e+00  2.0861001e+00  3.3620999e+00  5.1405902e+00
  6.6112800e+00  7.5650201e+00  8.1802101e+00  8.5142899e+00  8.3991699e+00
  8.1564398e+00  8.3408203e+00  8.8958197e+00  9.5079699e+00  1.0015900e+01
  1.0329700e+01  1.0175100e+01  9.2649498e+00  8.1183701e+00  7.4500799e+00
  6.9607000e+00  6.0414000e+00  5.1810699e+00  5.2909002e+00  5.8682399e+00
  5.7561402e+00  5.1716399e+00  5.0824699e+00  5.4500899e+00  5.6462998e+00
  5.5994802e+00  5.3823400e+00  4.9025798e+00  4.3182902e+00  4.0527201e+00
  4.4220500e+00  5.3352900e+00  6.5959101e+00  8.1801100e+00  9.9875298e+00
  1.1146800e+01  1.1170200e+01  1.0255700e+01  9.4631004e+00  8.9351301e+00
  8.5431700e+00  8.2349396e+00  7.8575501e+00  7.5579200e+00  7.7034798e+00
  8.0495005e+00  7.9550099e+00  7.1395202e+00  5.7314301e+00  4.2701302e+00
  3.2867601e+00  2.7433000e+00  2.3279800e+00  2.1361401e+00  2.5211699e+00
  3.2871101e+00  3.9826000e+00  4.4591699e+00  4.6485600e+00
 -1.6386700e+00 -1.7010000e+00 -1.3664900e+00 -1.0509599e+00 -1.3399500e+00
 -2.1279399e+00 -2.8460000e+00 -3.0547700e+00 -2.5202601e+00 -1.6948600e+00
 -9.5182198e-01 -4.8580700e-01 -2.3005199e-01 -1.3465700e-01 -2.2584200e-01
 -3.3265501e-01 -2.3045801e-01 -9.7645603e-02 -1.5710400e-01 -3.8153499e-01
 -7.4782598e-01 -9.4698203e-01 -1.2900200e+00 -1.6103400e+00 -1.6208000e+00
 -1.3113900e+00 -1.1353101e+00 -1.1117300e+00 -7.8503197e-01 -3.1714401e-01
 -3.1117600e-01 -7.0605701e-01 -1.3981900e+00 -2.2383101e+00 -2.9285600e+00
 -3.2978499e+00 -3.4300499e+00 -3.4719801e+00 -3.4773700e+00 -3.5544500e+00
 -3.8408899e+00 -4.1838298e+00 -4.2729301e+00 -4.0908799e+00 -3.7901101e+00
 -3.3539600e+00 -2.7442400e+00 -2.1410601e+00 -1.9061400e+00 -2.1580000e+00
 -2.7013199e+00 -3.3128600e+00 -3.7357700e+00 -3.7743499e+00 -3.5385599e+00
 -3.3811500e+00 -3.4356799e+00 -3.4777901e+00 -3.1424799e+00 -2.5378101e+00
 -2.0193999e+00 -1.6499500e+00 -1.3437099e+00 -1.2113400e+00 -1.4566000e+00
 -1.8064700e+00 -1.7557900e+00 -1.2772000e+00 -5.2831101e-01  3.6661401e-01
  1.2233300e+00  1.8201900e+00  1.9208699e+00  1.7120600e+00  1.6231500e+00
  1.6284699e+00  1.4850399e+00  1.7010800e+00  2.9982901e+00  4.7917900e+00
  6.0813198e+00  6.7168798e+00  7.0346999e+00  7.1760602e+00  7.0041399e+00
  6.9183602e+00  7.5299201e+00  8.6110001e+00  9.6285896e+00  1.0364900e+01
  1.0755400e+01  1.0565600e+01  9.5741196e+00  8.4159403e+00  7.8630900e+00
  7.4302001e+00  6.3157902e+00  5.1589899e+00  5.0869699e+00  5.5290198e+00
  5.2345300e+00  4.5786600e+00  4.7084899e+00  5.5015402e+00  6.1313601e+00
  6.3503098e+00  6.1634002e+00  5.6577601e+00  5.1667900e+00  4.9905000e+00
  5.1991000e+00  5.7466602e+00  6.6586800e+00  8.0606499e+00  9.8958397e+00
  1.1166000e+01  1.1186700e+01  1.0207200e+01  9.4035397e+00  8.9408302e+00
  8.6979704e+00  8.6568098e+00  8.5624104e+00  8.2706699e+00  7.9888501e+00
  7.8200302e+00  7.5740800e+00  6.9016600e+00  5.6232500e+00  4.2155900e+00
  3.3178599e+00  2.9550900e+00  2.7725599e+00  2.7339301e+00  3.0891600e+00
  3.6826899e+00  4.1354399e+00  4.3110399e+00  4.2006698e+00
 -1.6340500e+00 -1.8139900e+00 -1.6353400e+00 -1.4298400e+00 -1.7831500e+00
 -2.6046400e+00 -3.2665601e+00 -3.3127601e+00 -2.6882999e+00 -1.6784700e+00
 -8.8001299e-01 -5.4381800e-01 -4.4612199e-01 -3.7396401e-01 -3.6292300e-01
 -4.1524699e-01 -4.3522701e-01 -5.1760900e-01 -6.4998800e-01 -7.0705003e-01
 -8.1829101e-01 -1.0496300e+00 -1.4107200e+00 -1.8626900e+00 -2.0747499e+00
 -1.8648400e+00 -1.6133800e+00 -1.6388201e+00 -1.5739300e+00 -1.2771100e+00
 -1.1199800e+00 -1.3758000e+00 -2.0488400e+00 -2.9074700e+00 -3.5423601e+00
 -3.7970500e+00 -3.8084300e+00 -3.7234700e+00 -3.5804300e+00 -3.4635601e+00
 -3.5209601e+00 -3.6853800e+00 -3.7227600e+00 -3.5647099e+00 -3.2219901e+00
 -2.6558001e+00 -1.9653600e+00 -1.3926001e+00 -1.3193600e+00 -1.8282700e+00
 -2.5359900e+00 -3.1428001e+00 -3.5583000e+00 -3.7370000e+00 -3.7257299e+00
 -3.7124701e+00 -3.8557601e+00 -4.0567698e+00 -3.9272599e+00 -3.4117701e+00
 -2.6980400e+00 -1.9267900e+00 -1.3468100e+00 -1.1310600e+00 -1.3009000e+00
 -1.4998500e+00 -1.2837501e+00 -7.8783602e-01 -2.8626400e-01  2.3764800e-01
  9.0051901e-01  1.5140300e+00  1.6875401e+00  1.5283500e+00  1.4541100e+00
  1.4980400e+00  1.4782200e+00  1.8476700e+00  3.1626799e+00  4.7760801e+00
  5.7561598e+00  6.1227999e+00  6.3621101e+00  6.5984902e+00  6.6222801e+00
  6.7830501e+00  7.6528301e+00  8.8643599e+00  9.7638102e+00  1.0327400e+01
  1.0730700e+01  1.0625800e+01  9.5878496e+00  8.2916899e+00  7.6415601e+00
  7.1664901e+00  5.9633298e+00  4.5728402e+00  4.1346002e+00  4.3662400e+00
  4.3566198e+00  4.3634100e+00  5.1266599e+00  6.3297801e+00  7.1471801e+00
  7.2851300e+00  6.7769299e+00  6.0011401e+00  5.5117402e+00  5.4521699e+00
  5.5853000e+00  5.8959298e+00  6.5834398e+00  7.7472200e+00  9.3993998e+00
  1.0789300e+01  1.1223100e+01  1.0598300e+01  9.7740297e+00  9.0867300e+00
  8.7547102e+00  8.7849302e+00  8.7826500e+00  8.4091301e+00  7.7877402e+00
  7.2538600e+00  6.9184499e+00  6.4441299e+00  5.4998899e+00  4.4282398e+00
  3.7465100e+00  3.4417000e+00  3.2031500e+00  3.0094800e+00  3.1147599e+00
  3.4540999e+00  3.7506700e+00  3.8622601e+00  3.7316201e+00
 -1.5808400e+00 -1.8435200e+00 -1.7451600e+00 -1.6332999e+00 -2.1657801e+00
 -3.2057199e+00 -3.9412000e+00 -3.8641200e+00 -3.0486300e+00 -1.8546500e+00
 -9.7207999e-01 -6.4064300e-01 -5.2850401e-01 -4.1046801e-01 -3.2985801e-01
 -3.4225601e-01 -4.3995601e-01 -5.5580902e-01 -5.0360900e-01 -3.4953001e-01
 -4.2659599e-01 -7.6643598e-01 -1.2894700e+00 -1.8994401e+00 -2.1960399e+00
 -1.9813401e+00 -1.6885700e+00 -1.7259099e+00 -1.8151700e+00 -1.6996900e+00
 -1.6216400e+00 -1.9149100e+00 -2.6740000e+00 -3.5839200e+00 -4.1378102e+00
 -4.2179098e+00 -4.0286002e+00 -3.7617500e+00 -3.5116501e+00 -3.3277900e+00
 -3.3160901e+00 -3.5770700e+00 -3.8899901e+00 -3.8929200e+00 -3.3846900e+00
 -2.4687300e+00 -1.5699500e+00 -1.0156800e+00 -1.1049700e+00 -1.8269700e+00
 -2.6168900e+00 -3.1336901e+00 -3.4459500e+00 -3.6331999e+00 -3.7349200e+00
 -3.8237400e+00 -3.9389801e+00 -3.9769299e+00 -3.7315800e+00 -3.2461200e+00
 -2.6901300e+00 -2.1468999e+00 -1.6885300e+00 -1.4298900e+00 -1.4757600e+00
 -1.5312400e+00 -1.2306401e+00 -7.5928700e-01 -4.0050000e-01 -6.2905200e-02
  5.2202803e-01  1.1829100e+00  1.4530100e+00  1.3998100e+00  1.4272400e+00
  1.6054600e+00  1.7673800e+00  2.2329199e+00  3.4026599e+00  4.6731300e+00
  5.2559800e+00  5.2769399e+00  5.2890000e+00  5.4448099e+00  5.5489502e+00
  5.9086099e+00  7.0532198e+00  8.5440102e+00  9.6124601e+00  1.0273700e+01
  1.0818700e+01  1.0871400e+01  9.8827496e+00  8.4190102e+00  7.4084501e+00
  6.5954099e+00  5.2307501e+00  3.7679901e+00  3.2044101e+00  3.4082000e+00
  3.7809200e+00  4.4642701e+00  5.7396402e+00  7.1068401e+00  7.8676200e+00
  7.8728299e+00  7.2545900e+00  6.4238400e+00  5.9426999e+00  5.9026098e+00
  5.9243302e+00  6.0320802e+00  6.6067100e+00  7.7281299e+00  9.3217697e+00
  1.0728600e+01  1.1253100e+01  1.0763100e+01  1.0036100e+01  9.3671103e+00
  9.0085897e+00  8.9810696e+00  8.8747702e+00  8.3259001e+00  7.4765501e+00
  6.8204899e+00  6.6327901e+00  6.4982700e+00  5.8801699e+00  4.9507999e+00
  4.1643000e+00  3.6884999e+00  3.4191000e+00  3.2184000e+00  3.1313100e+00
  3.2057600e+00  3.4383500e+00  3.7703800e+00  4.0169001e+00
 -1.7883101e+00 -2.0498800e+00 -1.9400800e+00 -1.8325900e+00 -2.3528099e+00
 -3.3352799e+00 -3.9236500e+00 -3.7004001e+00 -3.0084100e+00 -2.2430699e+00
 -1.7976300e+00 -1.6638300e+00 -1.5303700e+00 -1.2352000e+00 -8.5328501e-01
 -5.5822998e-01 -4.3849900e-01 -3.5896501e-01 -1.1697100e-01  7.1562096e-02
 -1.4015999e-01 -6.4503700e-01 -1.2755500e+00 -1.9613400e+00 -2.3008699e+00
 -2.0693200e+00 -1.7285200e+00 -1.7559201e+00 -1.9862500e+00 -2.1235399e+00
 -2.2585599e+00 -2.6378400e+00 -3.3932400e+00 -4.2459302e+00 -4.7368598e+00
 -4.7955298e+00 -4.6320100e+00 -4.4314399e+00 -4.2849698e+00 -4.1806698e+00
 -4.0975099e+00 -4.1071901e+00 -4.1940398e+00 -4.1251101e+00 -3.5273499e+00
 -2.4412501e+00 -1.4506600e+00 -9.3092102e-01 -1.1486599e+00 -2.0292799e+00
 -2.8664999e+00 -3.2882299e+00 -3.4539900e+00 -3.5115199e+00 -3.5747199e+00
 -3.7056701e+00 -3.7734900e+00 -3.6020000e+00 -3.1907699e+00 -2.7377701e+00
 -2.5109100e+00 -2.5298300e+00 -2.4483500e+00 -2.2488101e+00 -2.2195599e+00
 -2.1364000e+00 -1.7075400e+00 -1.2024100e+00 -8.9922398e-01 -6.2834901e-01
 -4.4181999e-02  6.7843997e-01  1.0624100e+00  1.2106000e+00  1.4861900e+00
  1.8086700e+00  1.9099500e+00  2.1208501e+00  2.9350700e+00  3.9097700e+00
  4.3649902e+00  4.3334699e+00  4.2392101e+00  4.2986798e+00  4.4552398e+00
  5.0083199e+00  6.4431701e+00  8.2941504e+00  9.7049999e+00  1.0635900e+01
  1.1378500e+01  1.1519200e+01  1.0448900e+01  8.7203102e+00  7.3506398e+00
  6.2515202e+00  4.7610302e+00  3.2551200e+00  2.6038301e+00  2.7288799e+00
  3.1942899e+00  4.0984502e+00  5.5546699e+00  7.0140901e+00  7.8442502e+00
  7.9904099e+00  7.6408801e+00  7.1537700e+00  6.9735498e+00  6.9730301e+00
  6.5897598e+00  6.1118598e+00  6.3207698e+00  7.2777901e+00  8.8371496e+00
  1.0365800e+01  1.1155300e+01  1.1170200e+01  1.1026900e+01  1.0670300e+01
  1.0177900e+01  9.6363497e+00  8.8513002e+00  7.7801499e+00  6.7864099e+00
  6.3368702e+00  6.5515800e+00  6.8307600e+00  6.4592800e+00  5.4537401e+00
  4.2647400e+00  3.3940499e+00  3.0800300e+00  3.0332899e+00  2.9416699e+00
  2.8854899e+00  3.1342800e+00  3.7140100e+00  4.3092399e+00
 -1.9507900e+00 -2.3561399e+00 -2.2881000e+00 -2.0525801e+00 -2.2929599e+00
 -3.0003901e+00 -3.4635601e+00 -3.3029799e+00 -2.9214301e+00 -2.6782801e+00
 -2.6872900e+00 -2.7359200e+00 -2.5470600e+00 -2.0472100e+00 -1.3846400e+00
 -8.5444301e-01 -6.0688502e-01 -3.8276601e-01  1.0470400e-01  4.9710801e-01
  3.4871399e-01 -1.5559000e-01 -7.8979200e-01 -1.5482700e+00 -2.0427301e+00
 -1.9766999e+00 -1.8039300e+00 -1.9723800e+00 -2.2991199e+00 -2.4781001e+00
 -2.6460199e+00 -3.0893099e+00 -3.9363899e+00 -4.8174801e+00 -5.2283201e+00
 -5.2101302e+00 -5.0984402e+00 -5.0697098e+00 -5.1421399e+00 -5.2097402e+00
 -5.1144800e+00 -4.8724999e+00 -4.6984801e+00 -4.5311999e+00 -3.7729800e+00
 -2.3720400e+00 -1.1659600e+00 -5.9871697e-01 -8.3409601e-01 -1.7577500e+00
 -2.6132400e+00 -2.9918900e+00 -3.1218100e+00 -3.2582901e+00 -3.4941199e+00
 -3.7558701e+00 -3.8619800e+00 -3.7114000e+00 -3.3746800e+00 -3.0090499e+00
 -2.8600600e+00 -2.9815400e+00 -2.9778199e+00 -2.7762799e+00 -2.6705699e+00
 -2.4728999e+00 -1.9715600e+00 -1.4575300e+00 -1.1475000e+00 -8.4161001e-01
 -1.9738001e-01  6.2030798e-01  1.1301700e+00  1.3681400e+00  1.6279700e+00
  1.8310900e+00  1.7440000e+00  1.7031200e+00  2.2313299e+00  3.0372400e+00
  3.5393300e+00  3.6460900e+00  3.5942099e+00  3.6195099e+00  3.8244801e+00
  4.5133700e+00  6.0725598e+00  7.9625502e+00  9.3054800e+00  1.0182100e+01
  1.1001200e+01  1.1290700e+01  1.0349600e+01  8.7162399e+00  7.4227200e+00
  6.3655701e+00  4.8408599e+00  3.1904800e+00  2.2718599e+00  2.1102500e+00
  2.4324300e+00  3.3732700e+00  5.0216498e+00  6.7650299e+00  7.8687401e+00
  8.1819601e+00  7.8771501e+00  7.4576998e+00  7.4363499e+00  7.3793001e+00
  6.4174900e+00  5.2103901e+00  5.1460900e+00  6.2428799e+00  8.0330200e+00
  9.8632498e+00  1.1130500e+01  1.1713500e+01  1.1924600e+01  1.1561100e+01
  1.0740900e+01  9.6061897e+00  8.1540899e+00  6.7485800e+00  6.0340199e+00
  6.2340002e+00  6.9898200e+00  7.5016499e+00  7.1109300e+00  5.9195499e+00
  4.4610000e+00  3.3673301e+00  2.9802899e+00  2.9235799e+00  2.7250700e+00
  2.5221200e+00  2.7426701e+00  3.3829899e+00  3.9903400e+00
 -2.1071801e+00 -2.5483201e+00 -2.5501399e+00 -2.3196599e+00 -2.3859401e+00
 -2.8357999e+00 -3.0876501e+00 -2.8897400e+00 -2.7500601e+00 -2.9512501e+00
 -3.3623800e+00 -3.6526699e+00 -3.5549200e+00 -2.9607000e+00 -1.9974600e+00
 -1.1411800e+00 -7.1003300e-01 -3.3139601e-01  3.9002299e-01  9.5311302e-01
  8.1598800e-01  2.5247601e-01 -4.1158900e-01 -1.1983401e+00 -1.8090600e+00
 -1.9565500e+00 -1.9768699e+00 -2.2017901e+00 -2.4563799e+00 -2.5357699e+00
 -2.7272999e+00 -3.2910199e+00 -4.2653799e+00 -5.2419100e+00 -5.6927700e+00
 -5.6188698e+00 -5.3485799e+00 -5.1888800e+00 -5.3307800e+00 -5.6095400e+00
 -5.6158400e+00 -5.2445402e+00 -4.9251499e+00 -4.7461200e+00 -4.0301099e+00
 -2.6461201e+00 -1.4275600e+00 -8.1307399e-01 -9.2891502e-01 -1.6835500e+00
 -2.4131300e+00 -2.7255499e+00 -2.8234401e+00 -3.0080099e+00 -3.3738501e+00
 -3.7534101e+00 -3.9498601e+00 -3.9760900e+00 -3.8808200e+00 -3.6365099e+00
 -3.3220501e+00 -3.0710199e+00 -2.8104200e+00 -2.5501599e+00 -2.4419401e+00
 -2.2556100e+00 -1.7701000e+00 -1.2626100e+00 -9.8109198e-01 -7.2158599e-01
 -1.0423300e-01  6.8592000e-01  1.1272700e+00  1.3117100e+00  1.5925400e+00
  1.8027400e+00  1.6227500e+00  1.3881900e+00  1.6500100e+00  2.2754500e+00
  2.7947199e+00  2.9735000e+00  2.8743601e+00  2.8149400e+00  3.0860600e+00
  3.9950099e+00  5.7966299e+00  7.7701998e+00  8.9413004e+00  9.5749798e+00
  1.0291400e+01  1.0599600e+01  9.7564497e+00  8.3525200e+00  7.3939400e+00
  6.5602999e+00  4.9359298e+00  2.9125299e+00  1.5410900e+00  1.0666000e+00
  1.4504600e+00  2.7484801e+00  4.6755300e+00  6.4546900e+00  7.4730101e+00
  7.7339702e+00  7.5040798e+00  7.2167301e+00  7.2010398e+00  6.8635101e+00
  5.2940001e+00  3.4915299e+00  3.3125501e+00  4.7266998e+00  6.8950400e+00
  9.1458397e+00  1.1056600e+01  1.2273100e+01  1.2584700e+01  1.1810700e+01
  1.0408900e+01  8.7022495e+00  6.8499298e+00  5.4237499e+00  5.1729298e+00
  6.0185199e+00  7.1288800e+00  7.6544600e+00  7.2052698e+00  6.0475402e+00
  4.6917601e+00  3.6712699e+00  3.2678499e+00  3.0961001e+00  2.7083800e+00
  2.3527501e+00  2.5667500e+00  3.2367301e+00  3.7112100e+00
 -2.1844699e+00 -2.7162199e+00 -2.8537199e+00 -2.7163301e+00 -2.7801399e+00
 -3.0620501e+00 -2.9784901e+00 -2.5119400e+00 -2.4066701e+00 -2.8471100e+00
 -3.4529300e+00 -3.7953801e+00 -3.6255000e+00 -2.9497399e+00 -1.9860300e+00
 -1.1807400e+00 -8.3867902e-01 -5.7273901e-01  9.7673699e-02  7.2532898e-01
  7.1782601e-01  2.6389500e-01 -3.2977700e-01 -1.0304600e+00 -1.5604600e+00
 -1.7283300e+00 -1.8491100e+00 -2.2089701e+00 -2.7196300e+00 -3.0596399e+00
 -3.3217700e+00 -3.7464001e+00 -4.5166702e+00 -5.3714600e+00 -5.8945999e+00
 -5.9693699e+00 -5.7257400e+00 -5.4728999e+00 -5.5221400e+00 -5.7240000e+00
 -5.6123199e+00 -5.1151700e+00 -4.7710299e+00 -4.6699600e+00 -4.1527200e+00
 -3.0436201e+00 -1.9757400e+00 -1.3268700e+00 -1.2692600e+00 -1.8090200e+00
 -2.4398601e+00 -2.7594399e+00 -2.8086700e+00 -2.8137500e+00 -3.0291800e+00
 -3.4103401e+00 -3.6971800e+00 -3.9226000e+00 -4.0940900e+00 -3.9810500e+00
 -3.5028501e+00 -2.8930299e+00 -2.4214499e+00 -2.1815400e+00 -2.1727500e+00
 -2.1220400e+00 -1.7595100e+00 -1.3002200e+00 -1.0204400e+00 -7.3602903e-01
 -7.6051600e-02  7.4223602e-01  1.1771500e+00  1.3480901e+00  1.6711500e+00
  2.0091901e+00  2.0077300e+00  1.8190800e+00  1.8242199e+00  2.0220699e+00
  2.1431601e+00  1.9776500e+00  1.5874000e+00  1.3905600e+00  1.7858800e+00
  3.0399301e+00  5.2588100e+00  7.5006700e+00  8.6228304e+00  9.0246000e+00
  9.5919304e+00  9.9751701e+00  9.4681196e+00  8.5277996e+00  7.8949199e+00
  7.0143199e+00  4.8828802e+00  2.1300399e+00  1.6256499e-01 -5.6537497e-01
  1.4233900e-02  1.8010900e+00  4.1591001e+00  6.1685300e+00  7.2848401e+00
  7.6063900e+00  7.4666700e+00  7.2516999e+00  7.1843300e+00  6.6023598e+00
  4.5820699e+00  2.3524201e+00  2.1236601e+00  3.9180200e+00  6.6048398e+00
  9.3030996e+00  1.1632100e+01  1.3116500e+01  1.3220600e+01  1.1896500e+01
  9.9613895e+00  7.8837199e+00  5.8512101e+00  4.4446802e+00  4.3850899e+00
  5.4255400e+00  6.5701098e+00  7.1070600e+00  6.8726401e+00  6.0432601e+00
  4.8699999e+00  3.8420999e+00  3.3733101e+00  3.1461899e+00  2.6873400e+00
  2.2303500e+00  2.3255899e+00  2.8433900e+00  3.1351299e+00
 -2.2760301e+00 -2.9388101e+00 -3.1912401e+00 -3.1373601e+00 -3.2545900e+00
 -3.4813600e+00 -3.1688299e+00 -2.4529300e+00 -2.3287699e+00 -2.9312999e+00
 -3.6277101e+00 -3.9128101e+00 -3.6223400e+00 -2.8811600e+00 -1.9655499e+00
 -1.2443700e+00 -9.6136302e-01 -7.3045701e-01 -5.9376899e-02  6.3534701e-01
  7.6466602e-01  4.3069100e-01 -1.2415400e-01 -8.2185698e-01 -1.3509901e+00
 -1.5673000e+00 -1.7996000e+00 -2.3278501e+00 -3.1547699e+00 -3.8012500e+00
 -4.0876002e+00 -4.3113599e+00 -4.8391700e+00 -5.4940600e+00 -5.9739799e+00
 -6.1862602e+00 -6.1433601e+00 -6.0070100e+00 -6.0096598e+00 -6.0370202e+00
 -5.7501101e+00 -5.2551999e+00 -5.0907798e+00 -5.1621299e+00 -4.8875999e+00
 -4.1348300e+00 -3.2739799e+00 -2.5780399e+00 -2.2277501e+00 -2.3614399e+00
 -2.8081601e+00 -3.2160699e+00 -3.3309000e+00 -3.1933401e+00 -3.2450700e+00
 -3.6136601e+00 -3.8915300e+00 -4.0258999e+00 -4.1510601e+00 -4.0616002e+00
 -3.5573699e+00 -2.8617001e+00 -2.3518701e+00 -2.1489799e+00 -2.2437899e+00
 -2.4477601e+00 -2.4302599e+00 -2.1311600e+00 -1.6798700e+00 -1.0326200e+00
 -1.0019400e-01  8.2874697e-01  1.3231000e+00  1.5241200e+00  1.8430099e+00
  2.2012100e+00  2.2990999e+00  2.2079799e+00  2.1571701e+00  2.1637199e+00
  2.0671699e+00  1.6701400e+00  9.9481499e-01  4.9764201e-01  6.7049098e-01
  1.8642100e+00  4.2571902e+00  6.8086300e+00  8.1430902e+00  8.6076698e+00
  9.2218904e+00  9.8054895e+00  9.7424002e+00  9.2755299e+00  8.8132601e+00
  7.7179298e+00  5.0580502e+00  1.6006500e+00 -1.0536500e+00 -2.2074001e+00
 -1.6360800e+00  4.3235600e-01  3.2533500e+00  5.9109101e+00  7.6948199e+00
  8.3369799e+00  7.9583802e+00  7.2904501e+00  7.0289898e+00  6.4611702e+00
  4.2989502e+00  1.7784200e+00  1.4317700e+00  3.5242200e+00  6.9142699e+00
  1.0346200e+01  1.3059400e+01  1.4400300e+01  1.3810200e+01  1.1678900e+01
  9.2671499e+00  7.1571999e+00  5.4222298e+00  4.3210902e+00  4.2872500e+00
  5.0866299e+00  5.9690199e+00  6.4659801e+00  6.4956102e+00  6.0564299e+00
  5.1251402e+00  4.1546402e+00  3.6856000e+00  3.4035900e+00  2.7445400e+00
  1.9418900e+00  1.6319700e+00  1.8439300e+00  2.1032100e+00
 -2.4820299e+00 -3.1796401e+00 -3.5500901e+00 -3.6137600e+00 -3.7728901e+00
 -3.9566100e+00 -3.5352499e+00 -2.6972699e+00 -2.4766800e+00 -3.0266700e+00
 -3.7245100e+00 -4.0646300e+00 -3.7836299e+00 -2.9111300e+00 -1.8376000e+00
 -1.0833499e+00 -8.6720198e-01 -7.2060400e-01 -1.1654100e-01  5.2851599e-01
  6.2929702e-01  3.0841500e-01 -1.7192701e-01 -7.6989198e-01 -1.2926900e+00
 -1.5779800e+00 -1.8287100e+00 -2.3968501e+00 -3.4499300e+00 -4.3355398e+00
 -4.6906099e+00 -4.8303399e+00 -5.2543898e+00 -5.8061800e+00 -6.2182102e+00
 -6.4688902e+00 -6.5792098e+00 -6.5833502e+00 -6.5618200e+00 -6.4291501e+00
 -6.0344501e+00 -5.6075702e+00 -5.5894699e+00 -5.6735201e+00 -5.2531199e+00
 -4.3045802e+00 -3.3043001e+00 -2.5363801e+00 -2.1342001e+00 -2.2777901e+00
 -2.8525701e+00 -3.4580200e+00 -3.7422600e+00 -3.7128999e+00 -3.8751500e+00
 -4.3540502e+00 -4.6407900e+00 -4.6812601e+00 -4.7344599e+00 -4.6175599e+00
 -3.9757500e+00 -3.0131800e+00 -2.2964599e+00 -2.0176301e+00 -2.1345501e+00
 -2.5035601e+00 -2.7613399e+00 -2.6359401e+00 -2.1434300e+00 -1.3658400e+00
 -3.6340201e-01  6.0265398e-01  1.2022901e+00  1.4942100e+00  1.7426000e+00
  1.9757400e+00  2.1122999e+00  2.2053101e+00  2.3076200e+00  2.3669300e+00
  2.2606499e+00  1.7764500e+00  8.5539699e-01  1.7313000e-03 -1.4604799e-01
  8.5463399e-01  3.2777801e+00  6.0917101e+00  7.7414899e+00  8.3905001e+00
  9.0574703e+00  9.8100500e+00  1.0229400e+01  1.0234400e+01  9.8084898e+00
  8.4585104e+00  5.5786901e+00  1.9162900e+00 -1.1026100e+00 -2.6568301e+00
 -2.2514400e+00 -1.4183301e-01  2.8304701e+00  5.7683501e+00  7.8898702e+00
  8.6755199e+00  8.0687199e+00  7.0557399e+00  6.7075000e+00  6.1899199e+00
  3.7981300e+00  8.8145900e-01  4.7941399e-01  3.1043301e+00  7.4688001e+00
  1.1796600e+01  1.4825800e+01  1.5782900e+01  1.4300200e+01  1.1305900e+01
  8.4664698e+00  6.5062199e+00  5.4088001e+00  4.9499798e+00  5.0558000e+00
  5.4897799e+00  5.8947501e+00  6.1211200e+00  6.1595101e+00  5.9500799e+00
  5.3543601e+00  4.6470199e+00  4.1994801e+00  3.6770599e+00  2.6434901e+00
  1.5094500e+00  1.0265900e+00  1.1784500e+00  1.3840100e+00
 -2.6689401e+00 -3.4834800e+00 -3.9908500e+00 -4.1425900e+00 -4.3193102e+00
 -4.5109401e+00 -4.1449299e+00 -3.3254700e+00 -2.9461901e+00 -3.2453699e+00
 -3.8250599e+00 -4.2122402e+00 -4.0087399e+00 -3.1215301e+00 -1.9492100e+00
 -1.1647300e+00 -1.0387100e+00 -1.0058000e+00 -4.5734501e-01  1.6705500e-01
  2.3866600e-01 -5.6019500e-02 -3.4157100e-01 -6.1490798e-01 -9.9399102e-01
 -1.4171900e+00 -1.8044500e+00 -2.3724101e+00 -3.3712599e+00 -4.2545600e+00
 -4.8132100e+00 -5.1938701e+00 -5.6421700e+00 -6.0531998e+00 -6.3678899e+00
 -6.6097398e+00 -6.7601800e+00 -6.8149600e+00 -6.7609701e+00 -6.5169401e+00
 -6.1170902e+00 -5.9038501e+00 -6.0661502e+00 -6.0823302e+00 -5.4460902e+00
 -4.2495098e+00 -3.0367801e+00 -2.1378901e+00 -1.6657500e+00 -1.7823000e+00
 -2.3782301e+00 -3.0586400e+00 -3.4677701e+00 -3.6221800e+00 -4.0130601e+00
 -4.6705499e+00 -4.9748001e+00 -4.8904700e+00 -4.8092599e+00 -4.6118202e+00
 -3.8730199e+00 -2.7712801e+00 -1.9204000e+00 -1.5680701e+00 -1.7449000e+00
 -2.3694401e+00 -3.0038199e+00 -3.1144199e+00 -2.5357599e+00 -1.5173800e+00
 -4.1472000e-01  5.4273403e-01  1.2301300e+00  1.6140000e+00  1.7572500e+00
  1.8384600e+00  2.0561399e+00  2.3687699e+00  2.5600400e+00  2.5686200e+00
  2.4274700e+00  1.8629500e+00  6.0811400e-01 -7.1620798e-01 -1.1597100e+00
 -2.5027999e-01  2.2023201e+00  5.1775498e+00  7.0556202e+00  7.8238401e+00
  8.4255199e+00  9.2192001e+00  1.0106400e+01  1.0652500e+01  1.0315900e+01
  8.8013000e+00  5.9335399e+00  2.3510799e+00 -8.8722998e-01 -2.8369100e+00
 -2.5876801e+00 -3.9296299e-01  2.7171400e+00  5.8042598e+00  8.0790997e+00
  8.9754496e+00  8.3431597e+00  7.1521602e+00  6.5554700e+00  5.6588998e+00
  2.6009099e+00 -8.8626099e-01 -1.0048100e+00  2.7814901e+00  8.5017900e+00
  1.3816100e+01  1.7050800e+01  1.7388201e+01  1.4933100e+01  1.1200500e+01
  7.9536700e+00  5.9630499e+00  5.3000202e+00  5.3769898e+00  5.6333799e+00
  5.8581500e+00  6.0592499e+00  6.2020202e+00  6.1193399e+00  5.7265301e+00
  5.0236301e+00  4.2750401e+00  3.7123101e+00  3.0139799e+00  1.8635900e+00
  7.1568698e-01  2.9857600e-01  5.1994002e-01  7.1964401e-01
 -2.7455299e+00 -3.6658199e+00 -4.2505102e+00 -4.4465098e+00 -4.6515799e+00
 -4.8670702e+00 -4.5378799e+00 -3.6961999e+00 -3.0795600e+00 -3.0278101e+00
 -3.4640501e+00 -3.9821401e+00 -4.0307002e+00 -3.3372600e+00 -2.1487000e+00
 -1.2348800e+00 -1.0377800e+00 -1.0030000e+00 -4.7926101e-01  1.3254900e-01
  2.3658800e-01  4.5108899e-02 -5.6515001e-02 -1.4032599e-01 -5.1432598e-01
 -1.0730799e+00 -1.4963599e+00 -1.9811600e+00 -2.8913500e+00 -3.8375199e+00
 -4.7660599e+00 -5.5801101e+00 -6.2017298e+00 -6.6027398e+00 -6.9492798e+00
 -7.2485600e+00 -7.3837900e+00 -7.3456101e+00 -7.1004000e+00 -6.6322398e+00
 -6.1354299e+00 -5.8976698e+00 -5.8979201e+00 -5.6962900e+00 -5.0389099e+00
 -3.9687200e+00 -2.7956400e+00 -1.8782001e+00 -1.5003099e+00 -1.7492800e+00
 -2.3333199e+00 -2.9047899e+00 -3.2632899e+00 -3.4792600e+00 -4.0232801e+00
 -4.8365002e+00 -5.1680002e+00 -4.9783101e+00 -4.7767401e+00 -4.5142698e+00
 -3.8243001e+00 -2.8722100e+00 -2.0797400e+00 -1.6840800e+00 -1.8793700e+00
 -2.5611701e+00 -3.2347300e+00 -3.3648701e+00 -2.6771801e+00 -1.4547800e+00
 -2.8004301e-01  6.4691502e-01  1.4223400e+00  1.9430799e+00  2.0242600e+00
  1.9039299e+00  2.0410099e+00  2.4016600e+00  2.5906401e+00  2.5069799e+00
  2.2687500e+00  1.5812700e+00  6.0846400e-02 -1.5418900e+00 -2.0197599e+00
 -1.0172499e+00  1.4004900e+00  4.2676702e+00  6.1347699e+00  6.9815302e+00
  7.6479301e+00  8.6150599e+00  1.0004900e+01  1.1106800e+01  1.0931600e+01
  9.3018599e+00  6.3546400e+00  2.6261599e+00 -1.0866400e+00 -3.5840900e+00
 -3.4680200e+00 -1.0632000e+00  2.3013501e+00  5.6444101e+00  8.2512903e+00
  9.5944796e+00  9.3517399e+00  8.1531096e+00  7.0082102e+00  5.1707802e+00
  1.0255600e+00 -3.1460800e+00 -2.8616400e+00  2.1226499e+00  8.8607397e+00
  1.4756300e+01  1.8077900e+01  1.7881399e+01  1.4715000e+01  1.0644700e+01
  7.3427701e+00  5.3613901e+00  4.7540102e+00  4.8311701e+00  4.9058900e+00
  4.9663501e+00  5.3359098e+00  5.7974501e+00  5.7274899e+00  4.9867601e+00
  3.8724101e+00  2.8661301e+00  2.2708900e+00  1.7877400e+00  9.9494302e-01
  1.0884200e-01 -3.1682199e-01 -2.4337000e-01 -3.0019499e-02
 -2.8706901e+00 -3.7667501e+00 -4.3315201e+00 -4.5405302e+00 -4.7319102e+00
 -4.9002299e+00 -4.5641999e+00 -3.7790799e+00 -3.1838200e+00 -3.0755899e+00
 -3.4275701e+00 -3.9092901e+00 -4.0273099e+00 -3.4940400e+00 -2.4340100e+00
 -1.5394800e+00 -1.2862700e+00 -1.1744800e+00 -5.8444202e-01  1.1305700e-01
  3.4358099e-01  2.5516599e-01  1.6864100e-01 -1.7703900e-02 -5.7416099e-01
 -1.2232900e+00 -1.5758899e+00 -1.9754800e+00 -2.9014001e+00 -3.9445100e+00
 -5.0854301e+00 -6.1138201e+00 -6.8475099e+00 -7.3036399e+00 -7.7280502e+00
 -8.0692902e+00 -8.1425304e+00 -7.9569998e+00 -7.4775100e+00 -6.7669301e+00
 -6.1397901e+00 -5.7115798e+00 -5.3179302e+00 -4.8161602e+00 -4.3028898e+00
 -3.6760099e+00 -2.7917199e+00 -1.9655700e+00 -1.7463700e+00 -2.2084799e+00
 -2.8933001e+00 -3.4715700e+00 -3.8153100e+00 -3.9621899e+00 -4.4589801e+00
 -5.3233399e+00 -5.6859398e+00 -5.4461098e+00 -5.1723499e+00 -4.8460698e+00
 -4.1526198e+00 -3.2622199e+00 -2.4582901e+00 -1.9586000e+00 -2.0508399e+00
 -2.5531099e+00 -3.0030799e+00 -3.0631499e+00 -2.4435101e+00 -1.3471000e+00
 -3.4182599e-01  4.4468299e-01  1.2167100e+00  1.8714300e+00  2.0668800e+00
  1.9651800e+00  2.1364901e+00  2.5734799e+00  2.7487800e+00  2.4702401e+00
  1.8953800e+00  8.7471002e-01 -8.8877398e-01 -2.5838301e+00 -2.9222000e+00
 -1.7127301e+00  7.1724898e-01  3.3984399e+00  5.0443602e+00  5.7992201e+00
  6.5680299e+00  7.8748698e+00  9.9247103e+00  1.1735400e+01  1.1857800e+01
  1.0036800e+01  6.5921202e+00  2.2570701e+00 -2.0380499e+00 -4.8985400e+00
 -4.7078099e+00 -1.9285200e+00  1.8163600e+00  5.4449301e+00  8.2626896e+00
  9.8584299e+00  9.9456301e+00  8.9498997e+00  7.6652999e+00  5.2432799e+00
  1.0935100e-01 -4.8767600e+00 -4.5043602e+00  1.1725800e+00  8.4608402e+00
  1.4736600e+01  1.8611099e+01  1.9191500e+01  1.6478300e+01  1.2246000e+01
  8.4037800e+00  5.7373900e+00  4.5609298e+00  4.3567200e+00  4.3880501e+00
  4.5669298e+00  5.1277399e+00  5.6812801e+00  5.4913402e+00  4.5780501e+00
  3.4140699e+00  2.2983100e+00  1.3504601e+00  5.6324202e-01 -1.4746100e-01
 -7.2108901e-01 -9.3933499e-01 -7.7891201e-01 -4.1869199e-01
 -3.1618299e+00 -3.8705900e+00 -4.2423701e+00 -4.3891001e+00 -4.6809802e+00
 -5.0814400e+00 -5.0425301e+00 -4.5486202e+00 -4.2078700e+00 -4.1906500e+00
 -4.3162999e+00 -4.4434600e+00 -4.4091301e+00 -4.0273099e+00 -3.2398400e+00
 -2.4665201e+00 -2.0935299e+00 -1.7039500e+00 -8.5288501e-01 -9.3523404e-03
  2.9762799e-01  2.3438101e-01  1.5684600e-01 -1.3798100e-02 -5.9209102e-01
 -1.3097200e+00 -1.7628900e+00 -2.2701700e+00 -3.2521000e+00 -4.2787399e+00
 -5.3689198e+00 -6.4161601e+00 -7.2493901e+00 -7.8309698e+00 -8.3601303e+00
 -8.7714701e+00 -8.8760900e+00 -8.6486101e+00 -8.0140104e+00 -7.1187801e+00
 -6.3750100e+00 -5.7077599e+00 -4.8544202e+00 -4.0736799e+00 -3.8202500e+00
 -3.7664700e+00 -3.2493501e+00 -2.5207200e+00 -2.3770199e+00 -2.9328101e+00
 -3.6690700e+00 -4.2733798e+00 -4.6482000e+00 -4.7877498e+00 -5.2336102e+00
 -6.0664501e+00 -6.3786702e+00 -5.9601498e+00 -5.4194298e+00 -4.9056602e+00
 -4.2222300e+00 -3.4921300e+00 -2.7993400e+00 -2.3055100e+00 -2.3789101e+00
 -2.7894700e+00 -3.0922201e+00 -3.0803199e+00 -2.4229500e+00 -1.2805001e+00
 -3.0960399e-01  3.6289099e-01  1.0300200e+00  1.6856000e+00  2.0175400e+00
  2.0754600e+00  2.2983799e+00  2.6802800e+00  2.8062000e+00  2.5134101e+00
  1.8957200e+00  7.2928101e-01 -1.3904500e+00 -3.4909301e+00 -3.9598300e+00
 -2.6606801e+00 -1.4040200e-01  2.5388601e+00  4.0388799e+00  4.6169801e+00
  5.3620601e+00  6.8918500e+00  9.4552002e+00  1.1867500e+01  1.2349800e+01
  1.0373200e+01  6.1572099e+00  9.4252700e-01 -3.7265699e+00 -6.4459500e+00
 -5.8182001e+00 -2.4600401e+00  1.8253800e+00  5.7274799e+00  8.3945999e+00
  9.6618404e+00  9.7007198e+00  8.9976997e+00  8.0874701e+00  5.7846298e+00
  2.2893900e-01 -5.4025698e+00 -5.3808498e+00  1.7115401e-01  7.5419102e+00
  1.4177300e+01  1.8608200e+01  1.9994801e+01  1.7990601e+01  1.4051900e+01
  1.0239900e+01  7.3101401e+00  5.5347300e+00  4.7656298e+00  4.6256499e+00
  4.9953499e+00  5.8011799e+00  6.3989902e+00  6.0321298e+00  4.9325700e+00
  3.7129600e+00  2.4647901e+00  1.1304300e+00 -2.4611701e-03 -6.5774900e-01
 -9.2957997e-01 -9.3537098e-01 -6.0238802e-01  9.6253000e-02
 -3.3156300e+00 -3.8953400e+00 -4.0462499e+00 -4.0636001e+00 -4.4376702e+00
 -5.0733800e+00 -5.3250899e+00 -5.1390300e+00 -5.1221099e+00 -5.2629299e+00
 -5.1433601e+00 -4.8789301e+00 -4.8033800e+00 -4.7829900e+00 -4.3390298e+00
 -3.5421500e+00 -2.7930100e+00 -1.9131800e+00 -8.1456602e-01 -5.6191899e-02
  9.0174399e-02 -5.8877800e-02 -1.3527299e-01 -1.8265700e-01 -5.4548901e-01
 -1.1415100e+00 -1.7251199e+00 -2.4640601e+00 -3.5205600e+00 -4.4126801e+00
 -5.3481498e+00 -6.4334698e+00 -7.5444598e+00 -8.4422197e+00 -9.1105604e+00
 -9.5190001e+00 -9.6324501e+00 -9.4114704e+00 -8.6691904e+00 -7.5948300e+00
 -6.7370000e+00 -5.8686800e+00 -4.6640301e+00 -3.6780801e+00 -3.5996900e+00
 -3.9525499e+00 -3.7409401e+00 -3.1355300e+00 -3.0316100e+00 -3.5960801e+00
 -4.3769202e+00 -5.0823202e+00 -5.5618901e+00 -5.6927900e+00 -5.9663801e+00
 -6.6209998e+00 -6.8895798e+00 -6.4676700e+00 -5.7988400e+00 -5.0941901e+00
 -4.3551602e+00 -3.7059000e+00 -3.0968499e+00 -2.6431799e+00 -2.7332001e+00
 -3.1811500e+00 -3.5792699e+00 -3.6699300e+00 -3.0393200e+00 -1.8494200e+00
 -8.2897103e-01 -1.3078400e-01  5.6732601e-01  1.2928600e+00  1.7906200e+00
  2.0822699e+00  2.4455800e+00  2.8445599e+00  3.0523400e+00  2.9236801e+00
  2.3699200e+00  1.0493600e+00 -1.5382299e+00 -4.2278800e+00 -5.0240102e+00
 -3.7576001e+00 -1.0844700e+00  1.7779700e+00  3.2365899e+00  3.6140001e+00
  4.2565498e+00  5.8251700e+00  8.5119801e+00  1.1202000e+01  1.2226600e+01
  1.0609900e+01  5.9050298e+00 -2.3399200e-01 -5.3645101e+00 -7.9533601e+00
 -6.8459001e+00 -2.8741100e+00  1.8474600e+00  5.7375202e+00  7.9037700e+00
  8.6591396e+00  8.8317099e+00  8.8032904e+00  8.5570898e+00  6.6462402e+00
  1.1143700e+00 -4.7985802e+00 -5.3148799e+00 -4.6011299e-01  6.6495399e+00
  1.3620000e+01  1.8439301e+01  2.0120800e+01  1.8444700e+01  1.4804500e+01
  1.1139700e+01  8.1065798e+00  5.9775300e+00  4.8358302e+00  4.5493002e+00
  4.9634600e+00  5.7971401e+00  6.3792200e+00  6.0716901e+00  5.0693498e+00
  3.8437400e+00  2.5048699e+00  1.1478500e+00  1.2455400e-01 -3.4269500e-01
 -5.0344098e-01 -6.0478902e-01 -3.5597900e-01  6.1573797e-01
 -3.2823400e+00 -3.9065101e+00 -4.0590901e+00 -4.0769801e+00 -4.4953098e+00
 -5.1394801e+00 -5.4115400e+00 -5.3559399e+00 -5.5320601e+00 -5.7094498e+00
 -5.2858500e+00 -4.6120601e+00 -4.4840202e+00 -4.8065100e+00 -4.6843901e+00
 -3.8444500e+00 -2.7232900e+00 -1.5378400e+00 -5.9608799e-01 -2.5779900e-01
 -3.2117200e-01 -4.1501701e-01 -3.3694601e-01 -1.8916699e-01 -3.5090399e-01
 -8.8782102e-01 -1.6711700e+00 -2.7362001e+00 -4.0179300e+00 -5.0487800e+00
 -5.9624500e+00 -7.1328902e+00 -8.5978298e+00 -9.8827496e+00 -1.0607600e+01
 -1.0802400e+01 -1.0725500e+01 -1.0354100e+01 -9.3367300e+00 -7.9129100e+00
 -6.8610101e+00 -6.0655599e+00 -4.9847999e+00 -3.9854801e+00 -3.8110499e+00
 -4.1583500e+00 -4.0797400e+00 -3.6469901e+00 -3.6117101e+00 -4.1334100e+00
 -4.9443402e+00 -5.8253798e+00 -6.4548502e+00 -6.4700899e+00 -6.3790498e+00
 -6.7446799e+00 -7.0478101e+00 -6.9306798e+00 -6.4655800e+00 -5.6810498e+00
 -4.8052201e+00 -4.0821500e+00 -3.4631600e+00 -3.0387001e+00 -3.1235199e+00
 -3.5665901e+00 -4.0465102e+00 -4.2958999e+00 -3.8937700e+00 -2.9562700e+00
 -2.0562301e+00 -1.2933900e+00 -4.2293400e-01  5.0324798e-01  1.2260000e+00
  1.8004700e+00  2.4848001e+00  3.2525499e+00  3.8906600e+00  4.0760698e+00
  3.4960999e+00  1.7968200e+00 -1.4419200e+00 -4.7964702e+00 -5.9227700e+00
 -4.5630698e+00 -1.4631600e+00  1.7551800e+00  2.9837601e+00  2.7929900e+00
  3.1442599e+00  4.7225099e+00  7.4406800e+00  1.0323500e+01  1.2065800e+01
  1.1252300e+01  6.5287900e+00 -3.0649200e-01 -6.0227799e+00 -8.8025999e+00
 -7.5564499e+00 -3.4132199e+00  1.1453000e+00  4.5679798e+00  6.2539802e+00
  6.9222598e+00  7.6998000e+00  8.5911503e+00  9.0078001e+00  7.4013000e+00
  1.9557700e+00 -4.0477200e+00 -4.9121900e+00 -5.5586600e-01  6.4372301e+00
  1.3803400e+01  1.9179300e+01  2.1259600e+01  1.9647100e+01  1.5808400e+01
  1.1754700e+01  8.3071499e+00  5.9532299e+00  4.7311802e+00  4.3588600e+00
  4.6167998e+00  5.2302699e+00  5.6490402e+00  5.3851500e+00  4.5707898e+00
  3.4898400e+00  2.2416799e+00  1.0346400e+00  2.0383500e-01 -9.5346600e-02
 -1.5220000e-01 -2.6804999e-01 -1.1337500e-01  7.9064000e-01
 -2.9230399e+00 -3.7883601e+00 -4.1493402e+00 -4.2693100e+00 -4.7410798e+00
 -5.4108901e+00 -5.7338700e+00 -5.7755899e+00 -6.0033898e+00 -6.0528698e+00
 -5.2646098e+00 -4.1831799e+00 -3.8724899e+00 -4.2309899e+00 -4.1721702e+00
 -3.2620399e+00 -1.9286300e+00 -6.6712201e-01 -1.8136900e-02 -5.0189000e-02
 -1.7516200e-01 -8.0803700e-02  1.7996299e-01  3.8716701e-01  1.7429000e-01
 -5.0881499e-01 -1.5315400e+00 -2.8594100e+00 -4.3593602e+00 -5.6027298e+00
 -6.8262200e+00 -8.3529701e+00 -1.0258400e+01 -1.1893600e+01 -1.2544900e+01
 -1.2329400e+01 -1.1809100e+01 -1.1024000e+01 -9.6033497e+00 -7.8897800e+00
 -6.7723799e+00 -6.1410899e+00 -5.2880301e+00 -4.3389101e+00 -4.0266800e+00
 -4.2521000e+00 -4.2268000e+00 -3.9875300e+00 -4.1620302e+00 -4.8034701e+00
 -5.6195302e+00 -6.4752302e+00 -7.1048102e+00 -7.0790901e+00 -6.8227301e+00
 -6.9978800e+00 -7.2543101e+00 -7.1637201e+00 -6.5914602e+00 -5.6155601e+00
 -4.6923099e+00 -4.0921302e+00 -3.6412399e+00 -3.3485100e+00 -3.4997699e+00
 -3.9511199e+00 -4.4278498e+00 -4.7439499e+00 -4.5840998e+00 -3.9966500e+00
 -3.3009801e+00 -2.5329700e+00 -1.5610900e+00 -4.5085001e-01  6.0875601e-01
  1.6418800e+00  2.7764800e+00  3.9385300e+00  4.9422898e+00  5.3987799e+00
  4.8811598e+00  2.9408300e+00 -9.2030901e-01 -5.0203800e+00 -6.5811901e+00
 -5.1634102e+00 -1.5331800e+00  2.1843700e+00  3.2028100e+00  2.3559599e+00
  2.3507600e+00  3.9091899e+00  6.6033602e+00  9.6019802e+00  1.1992300e+01
  1.2010700e+01  7.5155802e+00  3.3807501e-01 -5.7396998e+00 -8.7239199e+00
 -7.6203499e+00 -3.7312601e+00  4.1180199e-01  3.4790900e+00  5.0819802e+00
  6.0086699e+00  7.3106799e+00  8.5698605e+00  8.9887800e+00  7.2194200e+00
  1.9636900e+00 -3.5851099e+00 -4.1112499e+00  4.2238200e-01  7.6065502e+00
  1.5185700e+01  2.0736500e+01  2.2878099e+01  2.1149500e+01  1.7077999e+01
  1.2759400e+01  9.1910801e+00  7.0335498e+00  5.8731899e+00  5.2404900e+00
  5.0122900e+00  5.2061200e+00  5.3812199e+00  4.9852200e+00  4.0609398e+00
  2.8617401e+00  1.6257000e+00  6.7634600e-01  1.3912199e-01 -5.1734898e-02
 -4.1663300e-02  7.6493599e-02  4.2347199e-01  1.0696300e+00
 -2.2125499e+00 -3.4225600e+00 -3.9437799e+00 -4.0015502e+00 -4.3875399e+00
 -5.0761399e+00 -5.5221701e+00 -5.7062302e+00 -5.9938502e+00 -6.0042400e+00
 -5.1320500e+00 -3.9653299e+00 -3.4860101e+00 -3.4811699e+00 -3.0292599e+00
 -1.9369400e+00 -6.3625997e-01  4.2690700e-01  8.1407303e-01  6.4037901e-01
  5.3243500e-01  7.2435200e-01  1.0840300e+00  1.2943701e+00  9.2388803e-01
 -6.9370200e-03 -1.2262599e+00 -2.6245601e+00 -4.1252899e+00 -5.5784101e+00
 -7.3426700e+00 -9.3781796e+00 -1.1553500e+01 -1.3260500e+01 -1.3766600e+01
 -1.3284900e+01 -1.2504700e+01 -1.1436400e+01 -9.7266998e+00 -7.8271399e+00
 -6.6460800e+00 -6.0380802e+00 -5.2939701e+00 -4.4365802e+00 -4.0774102e+00
 -4.1790500e+00 -4.1388202e+00 -4.0215902e+00 -4.3569698e+00 -5.0854602e+00
 -5.8233800e+00 -6.5064001e+00 -7.0648298e+00 -7.1614599e+00 -7.0207400e+00
 -7.1438699e+00 -7.2756701e+00 -6.9335899e+00 -5.9585299e+00 -4.7033901e+00
 -3.7967200e+00 -3.3996601e+00 -3.1668401e+00 -3.0363801e+00 -3.3091300e+00
 -3.8801899e+00 -4.4558702e+00 -4.8389301e+00 -4.8388300e+00 -4.4991598e+00
 -3.9405701e+00 -3.1568999e+00 -2.0820301e+00 -7.6210999e-01  6.2593400e-01
  1.9671201e+00  3.2089801e+00  4.3347998e+00  5.3822298e+00  6.0094800e+00
  5.6624999e+00  3.7186100e+00 -4.5164201e-01 -4.9935198e+00 -6.8317699e+00
 -5.4387598e+00 -1.5969800e+00  2.3605900e+00  3.3192899e+00  2.2316201e+00
  2.1708701e+00  3.7652700e+00  6.2886801e+00  9.0473099e+00  1.1461600e+01
  1.1751000e+01  7.5348101e+00  5.9429502e-01 -5.2028098e+00 -8.0211296e+00
 -7.1349401e+00 -3.6719000e+00  3.0595201e-01  3.5152900e+00  5.2535000e+00
  6.2221098e+00  7.6016002e+00  8.7720900e+00  8.6800499e+00  6.3802900e+00
  1.2846400e+00 -3.4973500e+00 -3.0337501e+00  2.5377300e+00  1.0482200e+01
  1.8208000e+01  2.3210400e+01  2.4487000e+01  2.2147100e+01  1.7865900e+01
  1.3603100e+01  1.0188500e+01  8.1288300e+00  6.9213901e+00  6.1285901e+00
  5.6531601e+00  5.5539999e+00  5.4815202e+00  4.9647002e+00  3.9963500e+00
  2.7615299e+00  1.5726800e+00  7.9864001e-01  3.9129400e-01  1.4942300e-01
  1.0976400e-01  3.9001599e-01  8.6180902e-01  1.1651100e+00
 -1.2062500e+00 -2.4273601e+00 -2.9005201e+00 -2.8766699e+00 -3.2337601e+00
 -3.9571600e+00 -4.4298201e+00 -4.6157498e+00 -4.8943200e+00 -4.9457898e+00
 -4.2310901e+00 -3.2331600e+00 -2.6786699e+00 -2.2777100e+00 -1.4344300e+00
 -2.9668999e-01  7.0183098e-01  1.3485800e+00  1.5250601e+00  1.3894000e+00
  1.3032900e+00  1.4577500e+00  1.8783000e+00  2.1555700e+00  1.6195800e+00
  3.8588399e-01 -9.4876301e-01 -2.2660899e+00 -3.7334099e+00 -5.3784099e+00
 -7.3591900e+00 -9.4533596e+00 -1.1508900e+01 -1.3041200e+01 -1.3386900e+01
 -1.2818100e+01 -1.2074800e+01 -1.1095100e+01 -9.4569998e+00 -7.6145301e+00
 -6.4473600e+00 -5.8299298e+00 -5.1707401e+00 -4.4527001e+00 -4.0642900e+00
 -3.9574699e+00 -3.7965300e+00 -3.7072799e+00 -4.0733900e+00 -4.7677999e+00
 -5.3787699e+00 -5.8832898e+00 -6.3961101e+00 -6.7170100e+00 -6.8348498e+00
 -6.9882398e+00 -7.0372801e+00 -6.5335398e+00 -5.2810001e+00 -3.8260300e+00
 -2.8456299e+00 -2.3569801e+00 -2.0454400e+00 -1.9040700e+00 -2.1879599e+00
 -2.8738599e+00 -3.6688099e+00 -4.1753802e+00 -4.1251001e+00 -3.6511700e+00
 -2.9942999e+00 -2.2297800e+00 -1.3166600e+00 -2.1559800e-01  1.0158000e+00
  2.1481700e+00  2.9300001e+00  3.4841599e+00  4.1574502e+00  4.6010499e+00
  4.0803699e+00  2.1160200e+00 -1.6259300e+00 -5.4535799e+00 -6.6744199e+00
 -4.9016399e+00 -9.5052499e-01  2.9358799e+00  3.8385301e+00  2.8009200e+00
  2.8655100e+00  4.3802299e+00  6.2965102e+00  8.1563797e+00  9.8896999e+00
  1.0095300e+01  6.5862699e+00  7.2415602e-01 -4.2627201e+00 -6.8037400e+00
 -6.2022200e+00 -3.2415900e+00  4.7385401e-01  3.6738901e+00  5.4103398e+00
  6.2532501e+00  7.4453702e+00  8.2762098e+00  7.5585499e+00  4.8256698e+00
  3.1411001e-01 -3.1066999e+00 -1.1890600e+00  5.6646600e+00  1.4293500e+01
  2.1619499e+01  2.5210800e+01  2.5007999e+01  2.2022699e+01  1.7761700e+01
  1.3691700e+01  1.0381000e+01  8.2347002e+00  6.9704199e+00  6.4041400e+00
  6.2440500e+00  6.1245899e+00  5.7356501e+00  4.9835000e+00  4.0314898e+00
  3.0245600e+00  2.1202099e+00  1.5075901e+00  1.1084100e+00  7.9523998e-01
  6.5133202e-01  7.7592200e-01  1.0152400e+00  1.0812600e+00
 -2.7261001e-01 -1.0182199e+00 -1.3187300e+00 -1.3460400e+00 -1.6365600e+00
 -2.1420300e+00 -2.4253099e+00 -2.5069799e+00 -2.6988599e+00 -2.7867100e+00
 -2.3440101e+00 -1.6390800e+00 -1.1344100e+00 -5.9934098e-01  2.9426500e-01
  1.2308800e+00  1.7818900e+00  1.9512700e+00  1.9574500e+00  1.9250700e+00
  1.8701600e+00  1.9146301e+00  2.2380300e+00  2.4326999e+00  1.7335500e+00
  3.6863700e-01 -8.3023500e-01 -1.8857900e+00 -3.3098800e+00 -5.0173302e+00
 -6.6837802e+00 -8.2430401e+00 -9.8966503e+00 -1.1206500e+01 -1.1386100e+01
 -1.0754600e+01 -1.0195300e+01 -9.5611496e+00 -8.2415199e+00 -6.6606002e+00
 -5.7115698e+00 -5.2142801e+00 -4.6268601e+00 -3.9799600e+00 -3.6090500e+00
 -3.4378300e+00 -3.2399800e+00 -3.1586299e+00 -3.4983900e+00 -4.1413898e+00
 -4.6669998e+00 -5.0518398e+00 -5.5179701e+00 -5.8678598e+00 -5.9410400e+00
 -5.9905801e+00 -6.0910001e+00 -5.8463702e+00 -4.8307099e+00 -3.4241300e+00
 -2.2714000e+00 -1.3895500e+00 -6.9334900e-01 -3.2052699e-01 -3.9991099e-01
 -8.9146602e-01 -1.5601200e+00 -2.0163600e+00 -2.0162001e+00 -1.6530700e+00
 -1.0717500e+00 -4.4548899e-01  1.2799800e-02  3.8976699e-01  9.2349797e-01
  1.4319500e+00  1.5103800e+00  1.3321000e+00  1.4252501e+00  1.4508100e+00
  6.2382197e-01 -1.1668800e+00 -3.7704699e+00 -5.9771199e+00 -5.9764600e+00
 -3.6342499e+00  2.5196499e-01  3.7956500e+00  4.6801500e+00  3.8420200e+00
  3.7977300e+00  4.7113099e+00  5.5793500e+00  6.2994900e+00  7.2861199e+00
  7.5554700e+00  5.2596302e+00  1.2156399e+00 -2.3766100e+00 -4.3495102e+00
 -3.9745800e+00 -1.7822000e+00  9.5267397e-01  3.3397999e+00  4.7331300e+00
  5.4424701e+00  6.2731400e+00  6.5844598e+00  5.4403901e+00  2.7362700e+00
 -8.5511702e-01 -2.8892200e+00  6.4115196e-02  7.6394000e+00  1.6769199e+01
  2.3710501e+01  2.5700800e+01  2.3889799e+01  2.0523399e+01  1.6705900e+01
  1.3165700e+01  1.0194500e+01  8.0506601e+00  6.7623000e+00  6.4179502e+00
  6.5627999e+00  6.4642801e+00  5.9074001e+00  5.1406498e+00  4.3327398e+00
  3.4565699e+00  2.6640899e+00  2.2108400e+00  1.9604599e+00  1.6468300e+00
  1.3109800e+00  1.1022000e+00  1.0194800e+00  1.0126100e+00
  1.1004500e+00  6.5004700e-01  4.1512001e-01  3.6475801e-01  3.1317100e-01
  2.1849801e-01  1.8499500e-01  2.1901099e-01  2.0038299e-01  1.5796299e-01
  2.8255200e-01  5.6539297e-01  8.5358101e-01  1.2536100e+00  1.8816299e+00
  2.4359801e+00  2.5515699e+00  2.3230600e+00  2.1549499e+00  2.1545300e+00
  2.1159501e+00  2.0708001e+00  2.2194099e+00  2.2136800e+00  1.3730500e+00
  2.0131400e-02 -9.1345900e-01 -1.5969900e+00 -2.8075500e+00 -4.3146901e+00
 -5.3782501e+00 -6.1722202e+00 -7.3265300e+00 -8.4364796e+00 -8.5548401e+00
 -7.9959798e+00 -7.7105699e+00 -7.4576802e+00 -6.4957299e+00 -5.2646599e+00
 -4.6494002e+00 -4.4440098e+00 -3.9616899e+00 -3.2910399e+00 -2.8789699e+00
 -2.6653299e+00 -2.4482801e+00 -2.3571701e+00 -2.6462300e+00 -3.2412200e+00
 -3.7085500e+00 -3.9896500e+00 -4.3635302e+00 -4.5428300e+00 -4.3056898e+00
 -4.1345401e+00 -4.3255401e+00 -4.5328898e+00 -4.0898800e+00 -2.9839499e+00
 -1.7425200e+00 -5.3945303e-01  4.6906501e-01  1.0836999e+00  1.3062100e+00
  1.2394300e+00  1.0173800e+00  7.4345601e-01  3.8654900e-01  7.9047799e-02
  2.3256400e-01  6.8289399e-01  8.1869799e-01  6.3161099e-01  5.1238197e-01
  4.0427700e-01 -6.9508903e-02 -7.4244398e-01 -1.0795100e+00 -1.3565000e+00
 -2.2621400e+00 -3.6425700e+00 -5.0238600e+00 -5.7164602e+00 -4.8267798e+00
 -2.4291601e+00  8.3641702e-01  3.7097600e+00  4.6817799e+00  4.2716999e+00
  4.0128598e+00  4.0571599e+00  3.8743401e+00  3.6919401e+00  4.1240802e+00
  4.4811101e+00  3.3739200e+00  1.2186199e+00 -7.3742199e-01 -1.8104700e+00
 -1.4148800e+00 -6.7652500e-04  1.3926300e+00  2.4769700e+00  3.2858300e+00
  3.8955200e+00  4.4125400e+00  4.3642101e+00  3.0277600e+00  6.5591401e-01
 -1.9729700e+00 -3.1097300e+00 -4.7320801e-01  5.9464798e+00  1.4438100e+01
  2.1412800e+01  2.3331600e+01  2.1414000e+01  1.8481800e+01  1.5476000e+01
  1.2773200e+01  1.0499100e+01  8.6156101e+00  7.3289900e+00  6.8526802e+00
  6.8253002e+00  6.6115999e+00  6.0820999e+00  5.4716401e+00  4.8379598e+00
  4.0566702e+00  3.2826099e+00  2.7983999e+00  2.5022500e+00  2.1555099e+00
  1.7566299e+00  1.3999600e+00  1.1591400e+00  1.1412100e+00
  2.6440101e+00  2.2275300e+00  1.9163400e+00  1.7994800e+00  1.9038000e+00
  2.0651000e+00  2.1499500e+00  2.2074101e+00  2.2585101e+00  2.2617300e+00
  2.2528701e+00  2.2726800e+00  2.3096499e+00  2.4730501e+00  2.8645401e+00
  3.2044101e+00  3.0854599e+00  2.6031799e+00  2.2609799e+00  2.1984601e+00
  2.1296101e+00  2.0245399e+00  2.0738399e+00  1.9773800e+00  1.1412100e+00
 -1.1004000e-01 -8.9503002e-01 -1.3687500e+00 -2.2608800e+00 -3.3286099e+00
 -3.8650501e+00 -4.1366200e+00 -4.8579402e+00 -5.7096100e+00 -5.8516502e+00
 -5.5028901e+00 -5.3987298e+00 -5.3303800e+00 -4.7041502e+00 -3.8924201e+00
 -3.6474299e+00 -3.7600801e+00 -3.5099800e+00 -2.9000599e+00 -2.3659699e+00
 -1.9614900e+00 -1.6742400e+00 -1.6002600e+00 -1.7747500e+00 -2.1497500e+00
 -2.5039501e+00 -2.7428601e+00 -2.9190400e+00 -2.7700300e+00 -2.3142700e+00
 -2.1044199e+00 -2.3564899e+00 -2.7836299e+00 -2.7427800e+00 -1.9559900e+00
 -7.7499402e-01  4.8192999e-01  1.5206300e+00  2.1789000e+00  2.5512500e+00
  2.7680700e+00  2.8614600e+00  2.7163501e+00  2.1417899e+00  1.4169900e+00
  1.2338700e+00  1.4594700e+00  1.3831700e+00  9.4460797e-01  5.1926500e-01
  8.6090200e-02 -7.1324301e-01 -1.7009900e+00 -2.2929201e+00 -2.6954701e+00
 -3.5727501e+00 -4.7131600e+00 -5.5037899e+00 -5.4942698e+00 -4.2576499e+00
 -1.9957700e+00  7.0936900e-01  3.0198801e+00  3.9911499e+00  3.8422501e+00
  3.4317200e+00  2.9435301e+00  2.2108300e+00  1.5735700e+00  1.6131200e+00
  1.8723201e+00  1.3453300e+00  2.5767800e-01 -5.7487500e-01 -7.4937099e-01
  2.6476000e-02  1.2871400e+00  2.1459899e+00  2.5852799e+00  2.9751999e+00
  3.2695100e+00  3.2412601e+00  2.6535699e+00  1.2973000e+00 -4.9917999e-01
 -2.1761401e+00 -2.8669500e+00 -1.5340199e+00  2.1829801e+00  8.3615904e+00
  1.4819700e+01  1.8167601e+01  1.8301500e+01  1.6718201e+01  1.4399800e+01
  1.2180600e+01  1.0429500e+01  9.1641598e+00  8.2458000e+00  7.5569100e+00
  7.0270000e+00  6.5780201e+00  6.1311202e+00  5.6478901e+00  5.1561599e+00
  4.6293101e+00  4.0603499e+00  3.4815400e+00  2.9119201e+00  2.4193499e+00
  2.0208900e+00  1.6497400e+00  1.3507400e+00  1.3166699e+00
  3.7795200e+00  3.4346299e+00  3.1926601e+00  3.0768800e+00  3.1574199e+00
  3.3034301e+00  3.4458699e+00  3.5658700e+00  3.4825699e+00  3.2594399e+00
  3.2238901e+00  3.3365099e+00  3.2820899e+00  3.1711800e+00  3.3225400e+00
  3.5145900e+00  3.2795899e+00  2.7075100e+00  2.3286099e+00  2.2799699e+00
  2.2375901e+00  2.1345601e+00  2.1516600e+00  2.0775700e+00  1.4899700e+00
  5.8177501e-01 -1.3537399e-01 -6.9277000e-01 -1.3899900e+00 -2.0605400e+00
 -2.3309100e+00 -2.4429801e+00 -2.9156499e+00 -3.5431299e+00 -3.7612200e+00
 -3.6217201e+00 -3.5043499e+00 -3.3824799e+00 -2.9874101e+00 -2.5115900e+00
 -2.4359601e+00 -2.6512599e+00 -2.5820100e+00 -2.1171999e+00 -1.5814300e+00
 -1.1475500e+00 -9.2883700e-01 -9.3092799e-01 -1.0120800e+00 -1.1635700e+00
 -1.4094599e+00 -1.6078399e+00 -1.5231301e+00 -1.0681800e+00 -6.0574901e-01
 -5.1704800e-01 -7.1547401e-01 -1.0611600e+00 -1.2387000e+00 -8.0558801e-01
  3.0856499e-01  1.7228800e+00  2.8011401e+00  3.3740599e+00  3.7365501e+00
  3.9804399e+00  3.9857399e+00  3.7151699e+00  3.1656699e+00  2.5197201e+00
  2.1798401e+00  2.0605199e+00  1.7250100e+00  1.1360400e+00  5.2013898e-01
 -1.5330100e-01 -1.1401401e+00 -2.2346001e+00 -2.8810101e+00 -3.2938900e+00
 -4.1432600e+00 -5.1546001e+00 -5.5831800e+00 -5.1737299e+00 -3.8736601e+00
 -1.8720400e+00  4.2485699e-01  2.3844099e+00  3.2824900e+00  3.2093501e+00
  2.7919800e+00  2.1977999e+00  1.2924500e+00  4.1638801e-01  1.2104800e-01
  2.0897400e-01  8.9336500e-02 -2.4189900e-01 -4.1721600e-01 -1.8568800e-01
  6.1434001e-01  1.7174000e+00  2.5720899e+00  3.0602901e+00  3.3321099e+00
  3.2888000e+00  2.7227199e+00  1.6878400e+00  4.0280399e-01 -7.6815599e-01
 -1.5077900e+00 -1.6714799e+00 -1.1728300e+00  4.6958700e-01  4.3037200e+00
  9.4755201e+00  1.3551800e+01  1.5332900e+01  1.4767600e+01  1.2824800e+01
  1.0664200e+01  8.9948101e+00  8.2420502e+00  7.9235301e+00  7.3496299e+00
  6.6248798e+00  6.1802301e+00  5.9843898e+00  5.7318702e+00  5.3507800e+00
  4.9103999e+00  4.4212699e+00  3.8413601e+00  3.2038400e+00  2.6367500e+00
  2.1845901e+00  1.7823900e+00  1.4222000e+00  1.2536700e+00
  4.2985101e+00  4.1995602e+00  4.0900502e+00  3.9874201e+00  4.1121998e+00
  4.3320498e+00  4.5036898e+00  4.5823598e+00  4.4029498e+00  4.0672102e+00
  3.9418900e+00  4.0370202e+00  4.0202699e+00  3.8920000e+00  3.8988400e+00
  3.8874800e+00  3.5330601e+00  2.9381299e+00  2.5292301e+00  2.4758000e+00
  2.5481999e+00  2.5746300e+00  2.5939600e+00  2.5467100e+00  2.2815599e+00
  1.7766100e+00  1.0665700e+00  2.9510900e-01 -3.4091800e-01 -7.6981902e-01
 -9.4497299e-01 -1.0393500e+00 -1.3773900e+00 -1.8542500e+00 -2.1322100e+00
 -2.1351199e+00 -1.9545400e+00 -1.6871200e+00 -1.3353601e+00 -9.7539902e-01
 -8.4922999e-01 -9.4423503e-01 -9.1424698e-01 -5.4991698e-01 -2.9938599e-02
  3.5824299e-01  5.2848899e-01  5.3553599e-01  4.3628499e-01  2.6191601e-01
  2.6968300e-02 -1.0520800e-01  1.6009100e-01  7.3122001e-01  1.0650700e+00
  1.0244401e+00  9.4408298e-01  7.7103502e-01  4.9133801e-01  6.6618198e-01
  1.7023200e+00  3.1368301e+00  4.0514202e+00  4.3606000e+00  4.6104102e+00
  4.7917099e+00  4.5913701e+00  4.1496401e+00  3.7121100e+00  3.2797699e+00
  2.8812201e+00  2.4751000e+00  1.9355299e+00  1.2585400e+00  4.7466800e-01
 -4.4344601e-01 -1.5514400e+00 -2.6182001e+00 -3.1880801e+00 -3.4756401e+00
 -4.1145701e+00 -4.8593402e+00 -5.0107298e+00 -4.4791598e+00 -3.4657800e+00
 -2.0711401e+00 -3.7245601e-01  1.1771100e+00  1.8744800e+00  1.7383500e+00
  1.3407201e+00  8.9676899e-01  3.4428301e-01 -1.3239600e-01 -3.1267700e-01
 -2.9218301e-01 -2.4231800e-01 -1.4537500e-01  1.7646100e-01  7.1446902e-01
  1.2699400e+00  1.8736000e+00  2.6416399e+00  3.2857800e+00  3.3891900e+00
  2.9606700e+00  2.1982000e+00  1.2595000e+00  3.1154501e-01 -3.9666101e-01
 -6.3946903e-01 -4.3693599e-01  6.5331101e-02  1.2108400e+00  3.7797699e+00
  7.3306599e+00  1.0399700e+01  1.1916100e+01  1.1585400e+01  1.0211600e+01
  8.6661701e+00  7.3772802e+00  6.6601901e+00  6.3892798e+00  6.3365002e+00
  6.3140302e+00  6.0450301e+00  5.5856600e+00  5.2389698e+00  5.0203300e+00
  4.7579899e+00  4.4004302e+00  3.9479201e+00  3.4280000e+00  2.9244900e+00
  2.4922400e+00  2.0801101e+00  1.6197900e+00  1.2646800e+00
  5.0424500e+00  5.0933499e+00  4.8971801e+00  4.6041198e+00  4.6593099e+00
  4.8426800e+00  4.8515201e+00  4.7785902e+00  4.7279601e+00  4.7121000e+00
  4.7126799e+00  4.7298999e+00  4.7237101e+00  4.6576900e+00  4.6108899e+00
  4.5172000e+00  4.2094798e+00  3.7673800e+00  3.4470501e+00  3.3638999e+00
  3.4010601e+00  3.4330299e+00  3.4580901e+00  3.4613600e+00  3.3257101e+00
  2.9131401e+00  2.1867800e+00  1.3915499e+00  8.2155001e-01  4.9692300e-01
  4.0599999e-01  3.9053401e-01  1.0339200e-01 -3.9352301e-01 -7.7528697e-01
 -9.1745198e-01 -8.0892402e-01 -5.2161902e-01 -1.4985199e-01  2.2365400e-01
  4.7341701e-01  6.0356802e-01  7.7874702e-01  1.1335900e+00  1.5994800e+00
  1.9115300e+00  2.0403500e+00  2.1424699e+00  2.0495601e+00  1.6364300e+00
  1.2266500e+00  1.1452200e+00  1.4093900e+00  1.7052200e+00  1.6665699e+00
  1.4758000e+00  1.4919600e+00  1.5375700e+00  1.4611000e+00  1.7132300e+00
  2.7159801e+00  3.9833701e+00  4.5776200e+00  4.5769100e+00  4.6989799e+00
  4.8263798e+00  4.4649301e+00  4.0103102e+00  3.8885000e+00  3.7028601e+00
  3.2819099e+00  2.7465501e+00  2.1132801e+00  1.3674400e+00  3.8874301e-01
 -7.6388198e-01 -1.8694299e+00 -2.7495201e+00 -3.2168601e+00 -3.4579799e+00
 -3.8954000e+00 -4.3616800e+00 -4.4140801e+00 -4.0783200e+00 -3.6123099e+00
 -2.9290800e+00 -1.6601900e+00 -1.5630500e-01  5.4002702e-01  2.2861300e-01
 -3.5029700e-01 -7.5763702e-01 -1.0272100e+00 -1.1298701e+00 -1.0558600e+00
 -9.2451400e-01 -7.8915697e-01 -4.8637301e-01  2.5147900e-01  1.1170700e+00
  1.4162800e+00  1.3853800e+00  1.8619200e+00  2.5439000e+00  2.4940801e+00
  1.8669400e+00  1.3208400e+00  8.9818603e-01  3.9392999e-01 -4.7905199e-02
 -1.1046700e-01  2.7843800e-01  1.0265000e+00  2.2645800e+00  4.2180400e+00
  6.4417200e+00  8.0980597e+00  8.7264605e+00  8.3794298e+00  7.5955100e+00
  6.8350701e+00  6.1442699e+00  5.4608102e+00  5.0341802e+00  5.2865601e+00
  5.8204799e+00  5.7568102e+00  5.1668601e+00  4.6815300e+00  4.3853202e+00
  4.1080098e+00  3.8915501e+00  3.7784100e+00  3.6478300e+00  3.3738301e+00
  3.0018401e+00  2.5562899e+00  1.9151900e+00  1.1411999e+00
  4.1226201e+00  4.3267002e+00  4.1572299e+00  3.8546700e+00  3.9627500e+00
  4.2789602e+00  4.3981500e+00  4.4482398e+00  4.7042499e+00  5.1009002e+00
  5.3100801e+00  5.2469602e+00  5.0522499e+00  4.8307500e+00  4.7799602e+00
  4.8715401e+00  4.7896800e+00  4.5710802e+00  4.5546098e+00  4.7671800e+00
  4.9347401e+00  4.9720998e+00  4.9732900e+00  4.7862401e+00  4.2363100e+00
  3.5646999e+00  2.9919901e+00  2.4958401e+00  2.0565200e+00  1.7495400e+00
  1.7570500e+00  1.8701200e+00  1.5716701e+00  9.5851099e-01  5.1801300e-01
  3.8650599e-01  4.9850100e-01  7.8970999e-01  1.1533800e+00  1.5008000e+00
  1.7982600e+00  2.0183301e+00  2.1905100e+00  2.4478300e+00  2.8155799e+00
  3.1250701e+00  3.3454101e+00  3.4934199e+00  3.3104300e+00  2.7572401e+00
  2.3190999e+00  2.3066001e+00  2.4958000e+00  2.4774899e+00  2.1440599e+00
  1.8529100e+00  1.8095500e+00  1.8606100e+00  1.9652500e+00  2.3466301e+00
  3.1635001e+00  4.0368500e+00  4.3994899e+00  4.3867102e+00  4.4867201e+00
  4.5689602e+00  4.2196498e+00  3.9166701e+00  4.0949602e+00  4.1403399e+00
  3.8071301e+00  3.2389901e+00  2.4109399e+00  1.4261400e+00  3.2319900e-01
 -8.1888199e-01 -1.8116601e+00 -2.5609701e+00 -3.0067201e+00 -3.2857001e+00
 -3.6649699e+00 -4.0900502e+00 -4.3629298e+00 -4.5011301e+00 -4.6546998e+00
 -4.6067901e+00 -3.7863300e+00 -2.4384301e+00 -1.6054600e+00 -1.6216500e+00
 -1.9517000e+00 -2.2014501e+00 -2.3639300e+00 -2.3608899e+00 -2.0586300e+00
 -1.6513500e+00 -1.4286799e+00 -1.1726000e+00 -4.9264601e-01  3.0167699e-01
  5.7224000e-01  4.9891400e-01  7.9535401e-01  1.2761300e+00  1.1965500e+00
  7.6288098e-01  6.5107900e-01  7.4777400e-01  5.6292301e-01  2.5950500e-01
  3.8171399e-01  9.9590701e-01  1.7881000e+00  2.7289100e+00  3.9915800e+00
  5.2109499e+00  5.7751398e+00  5.6862602e+00  5.3568602e+00  5.0246801e+00
  4.7263198e+00  4.4189801e+00  4.0404100e+00  3.8204200e+00  4.1489201e+00
  4.7199502e+00  4.8108101e+00  4.3901601e+00  3.8825901e+00  3.5197699e+00
  3.3879001e+00  3.4311299e+00  3.4725299e+00  3.4333301e+00  3.3590500e+00
  3.2694800e+00  2.9983699e+00  2.1850801e+00  8.4387600e-01
