  2.2266397e-02  2.9672425e-02  2.9283730e-02  2.0156868e-02  1.2871619e-02
  2.8466135e-02  4.9973760e-02  3.9388321e-02  9.7851241e-03  3.0428567e-03
  6.9715800e-03 -1.5639840e-02 -4.7419198e-02 -4.7040481e-02 -3.2455873e-02
 -5.0178602e-02 -8.0540277e-02 -6.6174120e-02 -4.2219363e-02 -9.5095441e-02
 -1.7696917e-01 -1.5270481e-01 -5.1482879e-02  1.8377099e-02  4.5387000e-02
  4.0136401e-02  1.0445904e-02 -2.5492355e-02 -4.4637121e-02 -1.7755741e-02
 -6.2819640e-03 -4.7921762e-02 -9.5557675e-02 -1.2200040e-01 -1.1597796e-01
 -1.0692972e-01 -1.1303748e-01 -1.2691081e-01 -1.4883119e-01 -1.7685288e-01
 -1.6143875e-01 -7.9608597e-02 -2.7184391e-02 -8.0884442e-02 -1.4698188e-01
 -9.2319116e-02  1.8209664e-02  1.8485172e-02 -7.8624360e-02 -1.5065855e-01
 -1.7885087e-01 -1.5767856e-01 -4.3944839e-02 -1.5468588e-02 -9.9144001e-03
  1.5933996e-02  6.1275601e-02  5.4649800e-02 -2.0670589e-02 -1.0646567e-01
 -1.4668199e-01 -9.1745280e-02  1.6859269e-02  7.8549117e-02  8.5661642e-02
  6.7732923e-02  3.9196443e-02  2.6721109e-02  3.9763801e-02  6.8579279e-02
  9.4699085e-02  8.8910282e-02  3.8951281e-02 -3.5076994e-02 -1.0745712e-01
 -2.2327237e-01 -2.1537755e-01 -3.7418041e-02  1.3728204e-01  2.6689535e-01
  3.8120401e-01  4.1505840e-01  5.2665837e-02  3.6301680e-02  6.5428920e-02
 -1.4609231e-01 -2.4646176e-01 -2.0895551e-01 -1.0619604e-01 -1.6966080e-02
  5.5302121e-02  1.3149001e-01  1.9628568e-01  2.0862505e-01  1.6912548e-01
  1.0591308e-01  3.5340626e-02 -2.7996480e-02 -5.3372521e-02 -2.5790510e-01
 -7.0188844e-01 -3.9101401e-01  2.2882681e-02  7.9663675e-03 -9.1458715e-02
 -1.6720200e-01 -1.9362456e-01 -2.2966740e-01 -2.8428698e-01 -3.3426109e-01
 -3.5334650e-01 -2.7752903e-01 -1.0551564e-01  1.1732112e-01  3.0713004e-01
  4.2258239e-01  4.4921160e-01  2.6463816e-01  2.5096607e-01  1.4040431e-01
  7.0569359e-02  3.0972779e-02  6.7851000e-02  2.0436192e-02 -4.9055398e-02
 -1.6115004e-01 -1.9033739e-01 -1.5356664e-01 -1.6851851e-01  1.9019233e-02
  1.1019780e-01 -2.9827118e-02 -8.3636642e-02 -1.3943160e-02  5.6263682e-02
 -4.7874600e-03 -1.4735952e-01 -2.1968532e-01 -1.5748164e-01
  2.2266397e-02  2.9672425e-02  2.9283730e-02  2.0156868e-02  1.2871619e-02
  2.8466135e-02  4.9973760e-02  3.9388321e-02  9.7851241e-03  3.0428567e-03
  6.9715800e-03 -1.5639840e-02 -4.7419198e-02 -4.7040481e-02 -3.2455873e-02
 -5.0178602e-02 -8.0540277e-02 -6.6174120e-02 -4.2219363e-02 -9.5095441e-02
 -1.7696917e-01 -1.5270481e-01 -5.1482879e-02  1.8377099e-02  4.5387000e-02
  4.0136401e-02  1.0445904e-02 -2.5492355e-02 -4.4637121e-02 -1.7755741e-02
 -6.2819640e-03 -4.7921762e-02 -9.5557675e-02 -1.2200040e-01 -1.1597796e-01
 -1.0692972e-01 -1.1303748e-01 -1.2691081e-01 -1.4883119e-01 -1.7685288e-01
 -1.6143875e-01 -7.9608597e-02 -2.7184391e-02 -8.0884442e-02 -1.4698188e-01
 -9.2319116e-02  1.8209664e-02  1.8485172e-02 -7.8624360e-02 -1.5065855e-01
 -1.5478273e-01 -1.1008441e-01 -5.0774399e-02 -1.6175160e-02 -7.8777717e-03
  1.4139828e-02  4.7360878e-02  3.3139545e-02 -3.5893332e-02 -1.2028392e-01
 -1.7230716e-01 -1.1802204e-01  5.3092078e-03  7.9518236e-02  9.8561160e-02
  9.2095196e-02  5.8206599e-02  2.2811472e-02  1.8168552e-02  5.1796079e-02
  9.7629480e-02  1.1121660e-01  7.3996201e-02  8.4843002e-03 -3.9918602e-02
 -5.2993082e-02 -7.1330755e-03  1.5217884e-01  3.8583001e-01  5.7990962e-01
  6.6161883e-01  6.2074798e-01  4.9606198e-01  3.0447972e-01  6.5428920e-02
 -1.4609231e-01 -2.4646176e-01 -2.0895551e-01 -1.0619604e-01 -1.6966080e-02
  5.5302121e-02  1.3149001e-01  1.9628568e-01  2.0862505e-01  1.6912548e-01
  1.0591308e-01  3.5340626e-02 -2.7996480e-02 -8.5870080e-02 -1.4256288e-01
 -1.5085259e-01 -6.8696640e-02  2.2882681e-02  7.9663675e-03 -9.1458715e-02
 -1.6720200e-01 -1.9362456e-01 -2.2966740e-01 -2.8428698e-01 -3.3426109e-01
 -3.5334650e-01 -2.7752903e-01 -1.0551564e-01  1.1732112e-01  3.0713004e-01
  4.2258239e-01  4.4921160e-01  2.6463816e-01  2.5096607e-01  1.4040431e-01
  7.0569359e-02  3.0972779e-02  6.7851000e-02  2.0436192e-02 -4.9055398e-02
 -1.6115004e-01 -1.9033739e-01 -1.5356664e-01 -1.6851851e-01  1.9019233e-02
  1.1019780e-01 -2.9827118e-02 -8.3636642e-02 -1.3943160e-02  5.6263682e-02
 -4.7874600e-03 -1.4735952e-01 -2.1968532e-01 -1.5748164e-01
  2.8426286e-02  3.6520559e-02  3.4548875e-02  2.6253181e-02  1.4012639e-02
  1.4186016e-02  2.3593068e-02  2.0253060e-02  6.9694561e-03  8.3041564e-03
  1.6205687e-02 -1.1270304e-03 -3.6278281e-02 -5.8248360e-02 -6.8365440e-02
 -8.8304758e-02 -1.0002024e-01 -6.4692721e-02 -3.3016644e-02 -9.5274001e-02
 -1.8267228e-01 -1.5533568e-01 -4.5535680e-02  4.0887721e-02  7.4222282e-02
  5.6769118e-02  1.2315528e-02 -2.5640711e-02 -4.3148160e-02 -2.2519439e-02
 -1.7188596e-02 -5.5554841e-02 -1.0266228e-01 -1.4310865e-01 -1.5005772e-01
 -1.3486931e-01 -1.2482064e-01 -1.2976237e-01 -1.4905296e-01 -1.7091107e-01
 -1.4598756e-01 -5.9191920e-02 -1.2115908e-02 -8.0842324e-02 -1.6212960e-01
 -1.1142864e-01  8.8250758e-03  2.7966816e-02 -5.3657640e-02 -1.2853441e-01
 -1.4745744e-01 -1.1220481e-01 -5.5118158e-02 -1.9174356e-02 -6.0323039e-03
  2.1757752e-02  5.9096523e-02  4.5901440e-02 -2.6485885e-02 -1.2198384e-01
 -1.9186452e-01 -1.4595157e-01 -1.6283233e-02  6.3761398e-02  8.2659237e-02
  7.5150363e-02  4.4465400e-02  2.1703931e-02  3.2456700e-02  6.8104081e-02
  1.0697220e-01  1.2496896e-01  1.1641536e-01  1.1303244e-01  1.5794893e-01
  2.3768713e-01  3.0491102e-01  3.7226519e-01  4.5884880e-01  5.1798964e-01
  5.0335562e-01  4.3405560e-01  3.5796565e-01  2.6759738e-01  1.3184999e-01
 -1.6641000e-02 -8.6679362e-02 -3.3962257e-02  5.3922959e-02  7.7451482e-02
  3.5614442e-02 -3.1313159e-02 -7.1454234e-02 -5.3028360e-02 -1.3006836e-02
 -3.2933555e-03 -2.0820204e-02 -3.7071720e-02 -5.7471842e-02 -8.9958958e-02
 -8.4656879e-02 -2.3790996e-03  7.5939119e-02  4.6602719e-02 -4.3587722e-02
 -8.3381757e-02 -7.9664037e-02 -1.0138644e-01 -1.4267701e-01 -1.7351928e-01
 -1.7327161e-01 -1.1591676e-01 -5.9032440e-02 -2.1671280e-02  9.3423963e-02
  2.7238715e-01  3.8316959e-01  3.5817733e-01  2.5096607e-01  1.4040431e-01
  3.8960282e-02 -3.9875757e-02 -4.7806561e-02  1.3543452e-02  6.8024524e-02
  5.7503883e-02 -1.3701132e-02 -1.2302316e-01 -2.0421971e-01 -1.8542701e-01
 -1.2027276e-01 -9.9017642e-02 -8.9269564e-02 -2.8654309e-02  2.6624879e-02
 -1.3341276e-02 -1.1103948e-01 -1.5777828e-01 -1.1055708e-01
  1.0214928e-02  1.9824984e-02  2.7879084e-02  2.4926940e-02  2.0059811e-02
  3.1830262e-02  4.6847161e-02  3.9435480e-02  1.9184545e-02  1.3716792e-02
  1.7353909e-02  2.6151875e-03 -3.0170880e-02 -5.9791319e-02 -7.9457037e-02
 -9.5291637e-02 -9.6972480e-02 -6.4329840e-02 -4.5839161e-02 -1.1834964e-01
 -2.0377223e-01 -1.6540703e-01 -4.4766720e-02  4.9079519e-02  8.5964039e-02
  6.8228997e-02  1.9824551e-02 -2.1423347e-02 -3.9086282e-02 -1.9959768e-02
 -1.9862711e-02 -6.1195679e-02 -1.0879740e-01 -1.5447240e-01 -1.7088372e-01
 -1.6139232e-01 -1.4991480e-01 -1.5053076e-01 -1.6388208e-01 -1.7576604e-01
 -1.4150952e-01 -5.1794279e-02 -5.4893522e-03 -7.5081237e-02 -1.5850224e-01
 -1.1390507e-01  2.6342606e-03  3.1291127e-02 -3.4502253e-02 -1.0376820e-01
 -1.2821868e-01 -1.0430748e-01 -6.4514160e-02 -3.9497040e-02 -1.7367048e-02
  3.4940917e-02  1.0439928e-01  1.0777212e-01  1.5040943e-02 -1.2470977e-01
 -2.3544900e-01 -1.9738944e-01 -4.5119878e-02  5.2754760e-02  7.4601002e-02
  6.3818276e-02  3.1318668e-02  1.7600581e-02  4.2398278e-02  8.0407083e-02
  1.1360304e-01  1.4086331e-01  1.7499384e-01  2.3843664e-01  3.2768750e-01
  3.9866400e-01  4.1693759e-01  4.1399640e-01  4.2256439e-01  4.0294081e-01
  3.3147466e-01  2.6118791e-01  2.3672053e-01  2.3258592e-01  1.9117872e-01
  1.0000116e-01  2.6291737e-02  2.8996378e-02  6.7853883e-02  7.8385316e-02
  3.0018710e-02 -8.2589038e-02 -1.7613684e-01 -1.5803711e-01 -8.3481126e-02
 -5.2184161e-02 -6.0958799e-02 -6.3587159e-02 -5.8838759e-02 -5.6632321e-02
 -2.3195485e-02  6.6073678e-02  1.3187844e-01  7.5702243e-02 -3.8253240e-02
 -7.3468439e-02 -3.5929367e-02 -1.5336792e-02 -3.2820374e-02 -6.3595079e-02
 -5.1210359e-02  7.1719199e-02  2.1943620e-01  2.4282108e-01  1.6481195e-01
  7.3881723e-02  2.2011228e-02  5.2045200e-02  1.1577852e-01  1.0905696e-01
  1.4718384e-02 -8.8202521e-02 -1.0553292e-01 -2.8187640e-02  5.1149879e-02
  6.0708959e-02  4.3580877e-03 -9.5760003e-02 -1.7776799e-01 -1.6491096e-01
 -9.4797000e-02 -6.0951963e-02 -6.3987479e-02 -5.2019641e-02 -3.3921145e-02
 -5.7737883e-02 -1.1231496e-01 -1.3522176e-01 -9.1984682e-02
 -1.2630888e-03 -9.5113082e-04 -4.8802681e-03 -1.2559248e-02 -5.6389677e-03
  3.1750992e-02  6.9730558e-02  6.0496561e-02  2.1511080e-02  4.5678960e-03
  1.0333152e-02  5.9882398e-03 -1.7281439e-02 -4.7074679e-02 -7.6903924e-02
 -1.0347588e-01 -1.0591128e-01 -6.3801721e-02 -3.8495522e-02 -1.1592359e-01
 -2.1416076e-01 -1.8793692e-01 -6.7971602e-02  4.3950960e-02  1.0158552e-01
  8.6443201e-02  3.0124655e-02 -1.2376584e-02 -2.4054192e-02 -8.4029399e-03
 -1.7913384e-02 -6.5378517e-02 -1.1710260e-01 -1.6531344e-01 -1.8986076e-01
 -1.9470853e-01 -1.9405441e-01 -1.9234945e-01 -1.8827352e-01 -1.6986383e-01
 -1.0672668e-01 -9.9461880e-03  2.2622436e-02 -5.9753161e-02 -1.4981149e-01
 -1.2539664e-01 -3.4102548e-02 -1.4211864e-03 -3.5771687e-02 -7.3402919e-02
 -8.0242202e-02 -5.5829518e-02 -3.0866005e-02 -2.6896177e-02 -1.7269559e-02
  4.2782761e-02  1.3859352e-01  1.6187039e-01  6.3145079e-02 -9.3335763e-02
 -2.1602556e-01 -1.8375516e-01 -2.9936053e-02  6.8339884e-02  6.4816922e-02
  5.5855801e-03 -4.5421198e-02 -3.6185041e-02  1.0458216e-02  6.0537603e-02
  1.0857816e-01  1.6849585e-01  2.7902052e-01  4.3212602e-01  5.2794361e-01
  5.0587565e-01  4.2242759e-01  3.6106560e-01  3.3829740e-01  2.9643336e-01
  2.1780144e-01  1.6157989e-01  1.5637681e-01  1.7266212e-01  1.6414055e-01
  1.1246148e-01  5.8860362e-02  4.3234561e-02  5.0418720e-02  5.5791363e-02
  2.4605207e-02 -7.8499436e-02 -1.7732844e-01 -1.6708572e-01 -9.9034563e-02
 -7.5154319e-02 -8.7105960e-02 -8.2279079e-02 -5.9016600e-02 -2.7946908e-02
  3.1139389e-02  1.2117060e-01  1.7022024e-01  1.0377936e-01 -1.1776824e-02
 -4.9871162e-02 -1.6101001e-02  3.4671349e-03 -1.3500648e-02 -3.6155161e-02
  2.0760444e-03  1.7648028e-01  3.8860202e-01  4.1774398e-01  2.2293180e-01
 -6.2519401e-02 -2.4782653e-01 -1.8742464e-01 -4.1452921e-03  6.2371437e-02
 -1.1122380e-02 -1.0030032e-01 -1.1419920e-01 -4.9839482e-02  2.2411764e-02
  4.5302399e-02  1.2214656e-02 -6.6654362e-02 -1.3990824e-01 -1.4074163e-01
 -9.5420524e-02 -7.4304000e-02 -7.6093204e-02 -6.3798122e-02 -4.6513800e-02
 -6.0582601e-02 -1.0281420e-01 -1.2949704e-01 -9.6237719e-02
 -1.1371752e-01 -1.2653497e-01 -1.0466964e-01 -9.4912916e-02 -6.7284361e-02
  5.8928761e-03  7.9814881e-02  6.3680761e-02 -8.9348760e-03 -3.8720518e-02
 -2.4578927e-02 -1.5007428e-02 -2.4973128e-02 -4.1144039e-02 -5.8653004e-02
 -7.6977722e-02 -7.6395601e-02 -4.0795561e-02 -1.8677197e-02 -9.4401002e-02
 -1.9312920e-01 -1.8430884e-01 -9.9320397e-02 -8.3139120e-03  5.6019597e-02
  6.8065919e-02  3.5358012e-02  1.3775291e-03 -1.1054556e-02 -1.4843845e-02
 -3.5731405e-02 -7.4368805e-02 -1.1753713e-01 -1.5839389e-01 -1.8876384e-01
 -2.1038364e-01 -2.2252968e-01 -2.2095288e-01 -1.9924776e-01 -1.4114197e-01
 -5.0808959e-02  2.3804568e-02  2.2147272e-02 -6.0632996e-02 -1.4465159e-01
 -1.5678540e-01 -1.1827224e-01 -8.4837958e-02 -6.3773640e-02 -3.6546119e-02
  1.6038683e-03  3.9605398e-02  4.8818879e-02  1.5439356e-02 -1.2328668e-02
  2.7192023e-02  1.1014847e-01  1.3589785e-01  8.0376118e-02  2.6255699e-02
  1.3028472e-02  2.9847456e-02  6.3648723e-02  8.6601242e-02  5.8456440e-02
 -3.1207606e-02 -9.1694154e-02 -5.0579637e-02  3.0445958e-02  8.5678920e-02
  1.1658816e-01  1.5508692e-01  2.5836661e-01  4.2124319e-01  5.1433200e-01
  4.6222562e-01  3.4154677e-01  2.5518924e-01  2.3123088e-01  2.1110113e-01
  1.5925427e-01  1.1267676e-01  9.7552799e-02  1.0876536e-01  1.1331648e-01
  8.1789479e-02  4.1969880e-02  2.7900288e-02  3.0945672e-02  3.4478065e-02
  1.1403396e-02 -6.5285645e-02 -1.4031829e-01 -1.3782276e-01 -9.5949002e-02
 -9.0697318e-02 -1.1063088e-01 -1.0903788e-01 -7.9095237e-02 -1.9623240e-02
  7.0344001e-02  1.5720372e-01  1.7941320e-01  1.0253664e-01  2.6126460e-03
 -1.1594124e-02  3.6845643e-02  5.7638876e-02  3.9040200e-02  2.2576645e-02
  6.4680479e-02  2.2098707e-01  3.9428282e-01  3.8017079e-01  1.5343092e-01
 -1.4279076e-01 -3.1760460e-01 -2.3538205e-01 -3.5720818e-02  3.7663203e-02
 -3.1909537e-02 -1.2091789e-01 -1.3671936e-01 -6.7094997e-02  1.7395452e-02
  4.8339359e-02  1.7696377e-02 -5.4548640e-02 -1.2262429e-01 -1.3704157e-01
 -1.1354904e-01 -9.5215686e-02 -8.1321843e-02 -5.5655640e-02 -3.5527535e-02
 -4.9297679e-02 -8.9379720e-02 -1.1794680e-01 -9.1182239e-02
 -2.4925357e-01 -2.9254860e-01 -2.2467493e-01 -1.5475212e-01 -9.9992521e-02
 -4.2438962e-02  9.3239639e-03 -1.4919264e-02 -1.0194444e-01 -1.3312656e-01
 -9.8312758e-02 -7.7893563e-02 -7.3583283e-02 -5.5469524e-02 -3.0938905e-02
 -1.7314920e-02  2.1158855e-03  4.2032160e-02  5.5993319e-02 -1.2152340e-02
 -1.1677177e-01 -1.8667763e-01 -2.1308437e-01 -1.8326555e-01 -9.8555759e-02
 -1.7207243e-02  1.3568040e-02  9.2429994e-03  1.8861551e-03 -1.3394268e-02
 -3.5648786e-02 -5.9758201e-02 -9.9534601e-02 -1.4921856e-01 -1.8253081e-01
 -1.9015200e-01 -1.9829699e-01 -2.2434877e-01 -2.2347468e-01 -1.2671928e-01
  4.1901842e-02  1.5433596e-01  1.0585080e-01 -7.6173119e-02 -2.5103086e-01
 -3.0285108e-01 -2.5220880e-01 -1.7077284e-01 -6.6798359e-02  5.7481918e-02
  1.5723324e-01  1.8728389e-01  1.2556188e-01  1.2396924e-02 -4.4980921e-02
  8.4495600e-03  1.1013553e-01  1.5195240e-01  1.1895660e-01  1.0951164e-01
  1.4355935e-01  1.3841929e-01  9.1339916e-02  6.1011363e-02  2.9769910e-02
 -3.4791298e-02 -6.1229881e-02  9.3201483e-03  1.0407240e-01  1.5071112e-01
  1.7207821e-01  2.1145932e-01  2.7525923e-01  3.2327786e-01  3.0809233e-01
  2.3872428e-01  1.6027632e-01  1.2399083e-01  1.4668271e-01  1.6430652e-01
  1.3233852e-01  7.8528956e-02  3.9146040e-02  3.9081238e-02  5.4224640e-02
  4.1793119e-02  1.8898416e-02  1.4848920e-02  2.4056315e-02  3.2466024e-02
  1.7558208e-02 -3.8450159e-02 -9.6823081e-02 -1.0677493e-01 -9.3557157e-02
 -1.0667772e-01 -1.2704653e-01 -1.1544264e-01 -7.3897921e-02  3.0771829e-04
  1.0122768e-01  1.7981425e-01  1.8736129e-01  1.1355083e-01  2.8312668e-02
  2.4043608e-02  7.8514196e-02  1.0471176e-01  8.5097164e-02  6.2069401e-02
  9.6748926e-02  2.3523228e-01  3.6900720e-01  3.0565441e-01  6.1840799e-02
 -1.9855368e-01 -3.2989392e-01 -2.4736537e-01 -7.4025363e-02 -8.0261286e-03
 -6.3766800e-02 -1.4143932e-01 -1.5282072e-01 -7.5630598e-02  1.9909764e-02
  5.5097282e-02  2.2821227e-02 -4.4535600e-02 -1.0586556e-01 -1.2909023e-01
 -1.2293892e-01 -1.0897488e-01 -8.7518163e-02 -5.6906641e-02 -3.6473759e-02
 -4.6118882e-02 -7.6570556e-02 -9.7849444e-02 -7.4878201e-02
 -1.7192304e-01 -2.5109819e-01 -2.6053452e-01 -2.1492144e-01 -1.6575696e-01
 -1.3800636e-01 -1.0043064e-01 -8.9163721e-02 -1.2009852e-01 -1.1754648e-01
 -8.6641558e-02 -8.6968802e-02 -7.9609320e-02 -2.3068331e-02  3.2611862e-02
  2.0408615e-02 -3.6087479e-02 -6.0115676e-02 -4.0542118e-02 -2.1477168e-02
 -3.9842639e-02 -1.1288124e-01 -2.0273076e-01 -2.3363064e-01 -1.7812152e-01
 -8.5024081e-02 -5.0591519e-03  5.0004359e-02  6.2843397e-02  6.4065601e-03
 -6.4108081e-02 -9.7557485e-02 -1.3624524e-01 -1.9952604e-01 -2.3164956e-01
 -1.9626875e-01 -1.4863968e-01 -1.4744052e-01 -1.4710031e-01 -5.7554279e-02
  8.7137282e-02  1.4891544e-01  6.9047645e-02 -9.9873722e-02 -2.6636833e-01
 -3.3935940e-01 -3.0535236e-01 -2.0698848e-01 -5.5936079e-02  1.1289421e-01
  2.2549608e-01  2.4448211e-01  1.6596216e-01  3.3730414e-02 -4.1096162e-02
 -8.1435237e-03  5.9388481e-02  8.5517995e-02  8.3899438e-02  1.0035036e-01
  1.1763468e-01  9.9594362e-02  6.7683242e-02  6.1117917e-02  7.0239238e-02
  5.2655041e-02  2.4540372e-02  4.3793280e-02  9.4796643e-02  1.3462056e-01
  1.7416801e-01  2.3071571e-01  2.8501669e-01  2.8680551e-01  2.2481602e-01
  1.4948568e-01  8.9457482e-02  6.3941404e-02  8.9931957e-02  1.1577672e-01
  9.6473515e-02  4.9838759e-02  7.6811039e-03  1.6966944e-03  1.7670529e-02
  1.4866309e-02  2.7423433e-03  2.1926016e-03  1.0838808e-02  2.2991184e-02
  2.2709735e-02 -6.4451518e-03 -4.9898881e-02 -8.0076955e-02 -9.9400319e-02
 -1.2312540e-01 -1.2724596e-01 -8.9196481e-02 -3.3805441e-02  3.3935975e-02
  1.1913767e-01  1.8158507e-01  1.7706312e-01  1.0068228e-01  2.4027517e-02
  3.6370441e-02  1.0838304e-01  1.4869440e-01  1.3974732e-01  1.2576817e-01
  1.6377336e-01  2.8453860e-01  3.7101239e-01  2.4971902e-01 -2.0732868e-02
 -2.6344368e-01 -3.7817279e-01 -3.1366980e-01 -1.6210295e-01 -8.7701038e-02
 -1.1494873e-01 -1.6550496e-01 -1.6095637e-01 -7.7051885e-02  2.3814721e-02
  6.3539997e-02  3.3023413e-02 -3.1464037e-02 -9.1470599e-02 -1.2367332e-01
 -1.3044313e-01 -1.2037751e-01 -9.5740557e-02 -6.2598243e-02 -3.9356641e-02
 -4.0093198e-02 -5.6730241e-02 -6.9004074e-02 -5.2223757e-02
 -8.5745521e-02 -1.3923000e-01 -1.8708013e-01 -2.0785788e-01 -2.0293164e-01
 -1.7686115e-01 -1.2260772e-01 -9.4241165e-02 -1.1554164e-01 -1.1484288e-01
 -7.3530719e-02 -4.0886279e-02 -1.6900813e-02  9.6863760e-03  1.1692043e-02
 -4.3323122e-02 -1.2093804e-01 -1.4235444e-01 -1.0856376e-01 -7.7857561e-02
 -8.3791077e-02 -1.3343473e-01 -1.8315037e-01 -1.7914033e-01 -1.1950020e-01
 -4.5833040e-02  1.6507475e-02  6.5425321e-02  6.3150480e-02 -2.4982020e-02
 -1.2148523e-01 -1.5457717e-01 -1.6915968e-01 -2.0376973e-01 -2.2407588e-01
 -1.9618812e-01 -1.4500944e-01 -1.1332476e-01 -8.8683121e-02 -1.9117979e-02
  7.2065882e-02  9.5945038e-02  3.5779752e-02 -3.4366608e-02 -7.4863799e-02
 -1.2292453e-01 -1.6345081e-01 -1.2461688e-01 -3.1498812e-02  2.7104257e-02
  4.2491160e-02  5.3906038e-02  4.0899239e-02 -1.6588008e-02 -4.9003560e-02
 -1.6639704e-02  1.6704576e-02  1.9857600e-02  4.1535720e-02  1.0763280e-01
  1.6481447e-01  1.4904900e-01  9.0847798e-02  6.9318719e-02  8.5079521e-02
  7.8125402e-02  4.3932598e-02  3.3375636e-02  5.3817838e-02  8.6428441e-02
  1.3007088e-01  1.7691912e-01  2.1516731e-01  2.2131035e-01  1.8876816e-01
  1.4983885e-01  1.0816668e-01  6.6165842e-02  5.8074482e-02  6.6812396e-02
  5.8068719e-02  3.8653199e-02  1.6735932e-02  4.4933041e-03  5.0057280e-03
  5.4618120e-03  8.8288914e-03  1.5950520e-02  2.3107320e-02  3.0471371e-02
  2.1976488e-02 -1.6207380e-02 -6.1543804e-02 -7.9857357e-02 -7.6191477e-02
 -7.7360399e-02 -7.0783563e-02 -3.6950398e-02  4.7844723e-03  5.2881841e-02
  1.1717747e-01  1.6793388e-01  1.6532640e-01  9.9297002e-02  2.9487601e-02
  3.4868449e-02  9.5471278e-02  1.4192928e-01  1.6386588e-01  1.9143145e-01
  2.5008443e-01  3.4467912e-01  3.7441078e-01  2.0862216e-01 -7.2983161e-02
 -3.1183019e-01 -4.4001716e-01 -4.0526998e-01 -2.6606917e-01 -1.7569044e-01
 -1.7697240e-01 -2.0345652e-01 -1.7916697e-01 -7.8692399e-02  3.8076483e-02
  8.7580077e-02  5.5186201e-02 -1.7538695e-02 -8.6063758e-02 -1.2495960e-01
 -1.3287996e-01 -1.2042721e-01 -9.8505720e-02 -7.2997563e-02 -5.1282000e-02
 -4.0446721e-02 -3.8950920e-02 -4.0004279e-02 -2.9298130e-02
 -7.0558198e-02 -1.0403604e-01 -1.4561927e-01 -1.8860401e-01 -2.0127060e-01
 -1.6654897e-01 -1.0113660e-01 -6.3756354e-02 -7.8774840e-02 -8.5272841e-02
 -5.3770680e-02 -2.7281448e-02 -1.7956620e-02 -1.7204724e-02 -3.0447649e-02
 -7.9571880e-02 -1.5272208e-01 -1.8124776e-01 -1.4484601e-01 -9.7228438e-02
 -8.5200123e-02 -1.1764368e-01 -1.4471208e-01 -1.1619324e-01 -5.9131078e-02
 -3.0858373e-02 -2.4716699e-02 -8.2851117e-03 -1.5100272e-02 -7.8253560e-02
 -1.3950144e-01 -1.4779513e-01 -1.4360040e-01 -1.6761816e-01 -1.8693541e-01
 -1.5706693e-01 -9.5658481e-02 -5.5170361e-02 -3.9602160e-02 -7.1767084e-03
  2.3007710e-02 -2.3757084e-03 -4.9930200e-02 -5.3454958e-02 -3.2640226e-02
 -5.5890720e-02 -1.0087596e-01 -8.8705435e-02 -4.3844040e-02 -3.7140481e-02
 -4.8855599e-02 -1.9609669e-02  3.3843566e-02  4.0966563e-02  9.9877315e-03
  2.1625091e-03  3.4633225e-03 -4.5729722e-03  2.2336308e-02  9.1052644e-02
  1.4211829e-01  1.3337460e-01  9.6723355e-02  9.4867557e-02  1.2977099e-01
  1.3506912e-01  8.0106474e-02  1.6667245e-02 -3.4802747e-03  3.2781385e-02
  1.0187640e-01  1.5837264e-01  1.7961407e-01  1.6107444e-01  1.2858228e-01
  1.1633652e-01  9.1630444e-02  3.5532612e-02  1.0217880e-02  3.1094857e-02
  5.1345002e-02  5.3650439e-02  4.1120641e-02  2.9215513e-02  3.2060847e-02
  4.2522117e-02  4.8035882e-02  3.7138682e-02  1.9943245e-02  1.3470552e-02
  9.4435195e-04 -3.8548082e-02 -8.2701720e-02 -8.5418276e-02 -4.1385602e-02
  6.1200359e-03  2.3212872e-02  7.8392159e-03 -1.0978704e-02  1.4135581e-02
  8.7649919e-02  1.6012368e-01  1.7929800e-01  1.2422699e-01  4.7502000e-02
  3.0086927e-02  7.1611926e-02  1.2246156e-01  1.6740181e-01  2.2215959e-01
  3.0050963e-01  3.9303002e-01  3.9122999e-01  1.7762472e-01 -1.3259341e-01
 -3.6196920e-01 -4.7122920e-01 -4.4020081e-01 -3.2150158e-01 -2.4651682e-01
 -2.4572916e-01 -2.5033608e-01 -1.9464947e-01 -6.6442318e-02  6.7345202e-02
  1.1540052e-01  6.5886118e-02 -2.2528764e-02 -9.4384797e-02 -1.2616524e-01
 -1.2536100e-01 -1.1190420e-01 -9.4713844e-02 -7.0191361e-02 -4.6035361e-02
 -3.5127003e-02 -3.3343416e-02 -2.9645711e-02 -1.7959608e-02
 -7.4028961e-02 -9.6230879e-02 -1.1777328e-01 -1.5874812e-01 -1.9001448e-01
 -1.8317592e-01 -1.3459319e-01 -7.2830521e-02 -3.6861841e-02 -1.8723816e-02
 -7.5382558e-03 -2.4920568e-02 -5.2936561e-02 -6.0105599e-02 -5.4004680e-02
 -7.3953360e-02 -1.2899700e-01 -1.6276139e-01 -1.3864715e-01 -1.0013184e-01
 -9.3272761e-02 -1.2095532e-01 -1.4401835e-01 -1.1039437e-01 -3.5130814e-02
  4.6632602e-03 -7.8502316e-03 -2.0147940e-02 -3.1404275e-02 -7.6812483e-02
 -1.2876552e-01 -1.4834052e-01 -1.4680512e-01 -1.4661612e-01 -1.4363064e-01
 -1.1589839e-01 -6.9360480e-02 -3.8541242e-02 -2.9157838e-02 -1.8291889e-02
 -3.8739603e-02 -1.1468089e-01 -1.5199669e-01 -8.9407086e-02 -1.0300105e-02
 -5.6160721e-03 -4.6470962e-02 -5.8263838e-02 -5.5911243e-02 -8.0552876e-02
 -9.9080637e-02 -5.5022400e-02  3.9431881e-02  8.9455321e-02  5.9008315e-02
  2.3814324e-02  1.1065177e-02  1.5843709e-03  2.4411961e-02  8.3987638e-02
  1.2658320e-01  1.1947140e-01  9.3350157e-02  9.7487994e-02  1.2129732e-01
  1.0676412e-01  5.3759161e-02  1.9366812e-02  2.3765149e-02  5.5890001e-02
  9.9866517e-02  1.3487977e-01  1.5016247e-01  1.3582656e-01  1.0781892e-01
  9.5985360e-02  6.9819115e-02  9.7855562e-03 -1.8594973e-02  1.0787544e-02
  4.9980961e-02  7.0124760e-02  6.2823243e-02  4.0434841e-02  3.9148919e-02
  6.9522120e-02  9.1446482e-02  6.1212242e-02  3.8248559e-03 -2.9987352e-02
 -4.4121958e-02 -6.6497758e-02 -9.3717001e-02 -8.9318164e-02 -3.3620182e-02
  4.0176362e-02  7.9474680e-02  6.0903002e-02  1.5913224e-02  6.1908481e-03
  5.9993282e-02  1.4703012e-01  1.9587924e-01  1.5274008e-01  6.4997278e-02
  2.6003953e-02  5.3434439e-02  1.1427084e-01  1.8791640e-01  2.6845452e-01
  3.4760627e-01  4.0904281e-01  3.7541160e-01  1.6135921e-01 -1.3940677e-01
 -3.8368082e-01 -5.1973200e-01 -4.9846318e-01 -3.7671119e-01 -3.0348253e-01
 -3.0159217e-01 -2.8644803e-01 -2.0184372e-01 -5.4172799e-02  8.2703158e-02
  1.1772324e-01  5.4279000e-02 -2.7977401e-02 -7.5497396e-02 -8.4269159e-02
 -8.1465840e-02 -9.3566880e-02 -1.0717992e-01 -9.1222197e-02 -5.9226483e-02
 -4.6441440e-02 -5.1498722e-02 -5.1001560e-02 -3.2331239e-02
 -7.2434880e-02 -9.0577796e-02 -9.3073681e-02 -1.1191823e-01 -1.4022323e-01
 -1.6449408e-01 -1.6009019e-01 -1.1005308e-01 -4.8862800e-02 -9.5994724e-03
  2.2349879e-03 -2.0892670e-02 -5.9738759e-02 -8.0724247e-02 -7.6113716e-02
 -6.7689002e-02 -7.5735003e-02 -8.1050761e-02 -6.8311080e-02 -6.1511043e-02
 -8.3165400e-02 -1.2506112e-01 -1.5157008e-01 -1.2693779e-01 -6.4267203e-02
 -2.8971793e-02 -3.4305155e-02 -2.6352359e-02  2.4312348e-03 -2.5482168e-03
 -4.3147441e-02 -9.2085838e-02 -1.3885020e-01 -1.6999632e-01 -1.7279027e-01
 -1.3464108e-01 -8.3945878e-02 -6.4315081e-02 -6.9559559e-02 -7.0172280e-02
 -1.0402776e-01 -1.8895356e-01 -2.0704104e-01 -9.1376998e-02  4.4155441e-02
  7.4798636e-02  2.3696892e-02 -2.2513501e-02 -6.0604919e-02 -1.0757628e-01
 -1.2663972e-01 -7.4361958e-02  3.9930839e-02  1.1576736e-01  8.9605801e-02
  3.3105638e-02 -6.0310443e-03 -2.8214782e-02  1.7286949e-03  7.0143476e-02
  1.1025900e-01  1.0363571e-01  9.0495363e-02  1.0904868e-01  1.3331124e-01
  1.0460844e-01  4.1226838e-02  1.2432960e-02  3.0507406e-02  6.9888242e-02
  1.1519495e-01  1.5815485e-01  1.7293753e-01  1.2859489e-01  7.2099000e-02
  7.3305361e-02  8.5930556e-02  4.4934839e-02 -4.4208001e-03 -1.5186313e-02
  3.3476113e-03  4.1624639e-02  6.6880800e-02  5.7438001e-02  6.0982563e-02
  1.1162701e-01  1.4791356e-01  9.5728680e-02 -9.7757997e-03 -8.8720202e-02
 -1.2338820e-01 -1.3300993e-01 -1.2938507e-01 -9.7804442e-02 -2.0892670e-02
  7.2499320e-02  1.2541105e-01  1.1091204e-01  6.0668640e-02  3.5730578e-02
  7.1442358e-02  1.4746572e-01  1.8900971e-01  1.3548960e-01  4.0273201e-02
  3.6697318e-03  3.8052361e-02  1.0790856e-01  1.9945727e-01  3.0422124e-01
  3.8780642e-01  4.1574600e-01  3.4889257e-01  1.4515813e-01 -1.3580748e-01
 -4.0264922e-01 -5.8017600e-01 -5.6923556e-01 -4.2951602e-01 -3.4046388e-01
 -3.3067691e-01 -3.0416581e-01 -2.0136024e-01 -3.4206409e-02  1.0907316e-01
  1.2598380e-01  3.9145682e-02 -4.3439399e-02 -7.3537558e-02 -6.8168521e-02
 -6.1381444e-02 -7.8853317e-02 -1.0620612e-01 -1.0664820e-01 -8.2758605e-02
 -6.6000596e-02 -6.3984238e-02 -6.0708240e-02 -3.9652560e-02
 -5.9437077e-02 -7.0791475e-02 -6.3813604e-02 -7.3683001e-02 -1.0184688e-01
 -1.4499541e-01 -1.7359847e-01 -1.4058396e-01 -7.3994398e-02 -2.9472336e-02
 -1.1871756e-02 -1.7089415e-02 -4.4487361e-02 -7.8337081e-02 -8.7661803e-02
 -5.9117038e-02 -2.3620607e-02 -7.9981564e-03 -1.1661948e-02 -3.7660681e-02
 -8.1570603e-02 -1.1222568e-01 -1.1814517e-01 -1.0171440e-01 -6.5891519e-02
 -4.8119400e-02 -5.8910038e-02 -5.9547961e-02 -3.3959266e-02 -1.4699737e-02
 -1.3107313e-02 -3.6796678e-02 -9.3780361e-02 -1.6033933e-01 -1.9207187e-01
 -1.5346368e-01 -8.9547843e-02 -6.5900162e-02 -7.6950356e-02 -9.3243599e-02
 -1.5843636e-01 -2.7419218e-01 -2.8011563e-01 -1.0056132e-01  1.0075428e-01
  1.5550092e-01  9.4016522e-02  3.3533927e-02 -9.0885237e-03 -6.4915203e-02
 -1.0945944e-01 -9.3253680e-02 -1.5699169e-02  5.0343122e-02  5.4021243e-02
  2.1514248e-02 -2.9564315e-02 -6.6583805e-02 -2.5903080e-02  6.3332997e-02
  1.1573713e-01  1.1369341e-01  1.0368144e-01  1.2814021e-01  1.5587856e-01
  1.1995523e-01  4.6903681e-02  2.1274129e-02  4.7989439e-02  8.2141921e-02
  1.1526264e-01  1.5695857e-01  1.7074728e-01  1.0819260e-01  2.8995946e-02
  2.4871824e-02  5.0821200e-02  2.9558808e-02 -2.0980836e-04  8.8314479e-03
  3.9917883e-02  8.1014760e-02  1.1125547e-01  1.1088468e-01  1.1505204e-01
  1.5092820e-01  1.6637112e-01  9.6343562e-02 -3.3857569e-02 -1.5447061e-01
 -2.2123080e-01 -2.1079800e-01 -1.4138064e-01 -5.1208921e-02  3.0009815e-02
  7.4182682e-02  8.8550642e-02  1.0278900e-01  1.1212128e-01  1.0707300e-01
  1.1546028e-01  1.4964624e-01  1.5726599e-01  8.5259885e-02 -1.1451312e-02
 -3.4192834e-02  2.0008512e-02  1.0565028e-01  2.0678976e-01  3.1713769e-01
  3.9966840e-01  4.1597641e-01  3.3984074e-01  1.3870548e-01 -1.4415300e-01
 -4.3159321e-01 -6.3552964e-01 -6.3263518e-01 -4.7834280e-01 -3.6696601e-01
 -3.3915132e-01 -3.0170125e-01 -1.9088532e-01 -1.3857516e-02  1.3383216e-01
  1.3811976e-01  3.1338576e-02 -5.9027757e-02 -8.6254194e-02 -7.9835400e-02
 -7.5049199e-02 -9.2792161e-02 -1.1704860e-01 -1.1248092e-01 -8.5306324e-02
 -6.8884924e-02 -6.7354918e-02 -6.1046280e-02 -3.7287362e-02
 -4.0535279e-02 -4.5135360e-02 -3.5744544e-02 -4.0336199e-02 -6.7581721e-02
 -1.2693456e-01 -1.8026064e-01 -1.5593220e-01 -9.1094397e-02 -5.7489123e-02
 -4.2091202e-02 -2.4516216e-02 -2.1324167e-02 -4.6722241e-02 -7.3678315e-02
 -6.4673640e-02 -2.5118928e-02  1.0506528e-02  1.4581044e-02 -2.7275508e-02
 -8.1434876e-02 -8.7459125e-02 -6.5952003e-02 -6.8916596e-02 -8.2233720e-02
 -7.9874277e-02 -7.0250042e-02 -6.4480677e-02 -4.9721040e-02 -2.7313236e-02
 -1.0951560e-02 -2.6689753e-02 -8.3121121e-02 -1.5038675e-01 -1.8484992e-01
 -1.5359363e-01 -9.4991043e-02 -6.7987077e-02 -7.3710717e-02 -9.0696238e-02
 -1.4438412e-01 -2.2995107e-01 -2.3046228e-01 -9.2166841e-02  6.3897841e-02
  1.1819880e-01  8.8743962e-02  4.9591083e-02  1.7865721e-02 -2.8244879e-02
 -7.8042954e-02 -8.7521397e-02 -4.5561958e-02  4.8474357e-03  2.7538739e-02
  1.4622157e-02 -3.9798360e-02 -8.2541876e-02 -3.6682200e-02  5.0324760e-02
  8.8455237e-02  8.7472804e-02  9.7522557e-02  1.3483332e-01  1.5910308e-01
  1.1428344e-01  4.4506438e-02  4.0897440e-02  8.3990157e-02  1.0406268e-01
  1.0819692e-01  1.3381380e-01  1.5042025e-01  9.9404998e-02  2.0654893e-02
 -3.2933555e-03  8.9772476e-04 -1.9905947e-02 -1.8797148e-02  4.1543640e-02
  1.1311560e-01  1.6168356e-01  1.8849383e-01  2.0070143e-01  2.0815019e-01
  2.0051137e-01  1.5067008e-01  3.9477959e-02 -1.0815300e-01 -2.3809896e-01
 -2.9830751e-01 -2.5459668e-01 -1.3903633e-01 -1.8146520e-02  5.9962682e-02
  7.4192762e-02  6.7967281e-02  1.0113696e-01  1.4846544e-01  1.5878376e-01
  1.5096384e-01  1.5376212e-01  1.3267224e-01  4.3535158e-02 -5.9187599e-02
 -7.4588045e-02 -5.3575204e-04  1.0297044e-01  2.0364083e-01  2.9606363e-01
  3.6657000e-01  3.9824280e-01  3.6070201e-01  1.9362348e-01 -9.3595676e-02
 -4.3161121e-01 -6.9694561e-01 -7.2406799e-01 -5.5835640e-01 -4.0734360e-01
 -3.3702517e-01 -2.7880126e-01 -1.7109431e-01 -7.2570238e-03  1.3027537e-01
  1.3268052e-01  2.8052423e-02 -6.2050678e-02 -9.3798004e-02 -9.6117117e-02
 -9.5576763e-02 -1.0515816e-01 -1.1673036e-01 -1.0784520e-01 -8.4506042e-02
 -7.1908206e-02 -6.9593757e-02 -5.9124604e-02 -3.3536054e-02
 -3.4069069e-02 -3.7995480e-02 -2.7896870e-02 -1.9407060e-02 -2.2853017e-02
 -6.4807199e-02 -1.1907036e-01 -1.1257596e-01 -7.1592122e-02 -7.4615039e-02
 -9.8160483e-02 -8.9765280e-02 -6.8817236e-02 -6.8701677e-02 -7.8491159e-02
 -6.7500360e-02 -3.2275729e-02  2.8881505e-03  8.2151638e-03 -2.7095795e-02
 -6.5496959e-02 -6.0003359e-02 -3.2136694e-02 -3.6395282e-02 -6.7570925e-02
 -8.3362684e-02 -7.7081405e-02 -6.7800239e-02 -5.1985800e-02 -2.0322360e-02
 -5.3066883e-04 -2.3751143e-02 -8.2959123e-02 -1.5172055e-01 -1.9248229e-01
 -1.7658432e-01 -1.2700729e-01 -8.9887679e-02 -7.8543000e-02 -7.7690154e-02
 -7.0641719e-02 -5.9000760e-02 -5.4938521e-02 -5.3542800e-02 -4.0968359e-02
 -8.7098042e-03  2.6324820e-02  2.9480185e-02  1.2921228e-03 -3.9930481e-02
 -7.9033680e-02 -9.0122402e-02 -6.4541519e-02 -2.2794731e-02  1.1747376e-02
  1.4812272e-02 -2.9987749e-02 -6.5601721e-02 -2.0232720e-02  5.2376039e-02
  7.4847601e-02  7.7907600e-02  1.0436040e-01  1.4607251e-01  1.6789931e-01
  1.3024187e-01  6.7276806e-02  5.6960277e-02  8.6969882e-02  9.7088404e-02
  9.2079721e-02  1.0368540e-01  1.0825848e-01  5.7768844e-02 -1.8459108e-02
 -5.3544961e-02 -5.9819043e-02 -6.5974317e-02 -2.9841121e-02  6.8586841e-02
  1.7012124e-01  2.2705667e-01  2.4147935e-01  2.4047567e-01  2.4243623e-01
  2.2970197e-01  1.7036173e-01  4.4381518e-02 -1.2210228e-01 -2.6593918e-01
 -3.2725298e-01 -2.7808309e-01 -1.5894756e-01 -3.5597052e-02  5.0835960e-02
  8.3428562e-02  9.3588121e-02  1.2810528e-01  1.6946964e-01  1.7755920e-01
  1.6737877e-01  1.6142903e-01  1.3209409e-01  4.2822361e-02 -6.1734602e-02
 -8.8393681e-02 -2.3420557e-02  7.8809038e-02  1.7377560e-01  2.5027379e-01
  3.1535459e-01  3.7784159e-01  4.0019041e-01  2.8614637e-01  1.8408024e-03
 -3.9949921e-01 -7.4949116e-01 -8.2888198e-01 -6.6797280e-01 -4.7556719e-01
 -3.4529257e-01 -2.5178796e-01 -1.4650056e-01 -9.2345402e-03  1.0393236e-01
  1.0550556e-01  1.3266251e-02 -7.1884796e-02 -1.0595736e-01 -1.0933848e-01
 -1.0496844e-01 -1.0393488e-01 -1.0233936e-01 -8.7265439e-02 -6.8320803e-02
 -6.7706995e-02 -7.9445161e-02 -7.7518083e-02 -4.8382919e-02
 -3.3690996e-02 -3.7929241e-02 -3.0742237e-02 -1.9651212e-02 -3.7981800e-03
 -1.3890168e-02 -5.5257119e-02 -7.7636883e-02 -7.8184798e-02 -9.7878240e-02
 -1.1931012e-01 -1.1255617e-01 -9.3264841e-02 -7.8210361e-02 -6.6657245e-02
 -5.5158123e-02 -4.3634880e-02 -3.3849936e-02 -3.1412341e-02 -4.2832438e-02
 -5.4324359e-02 -4.3460280e-02 -2.6433935e-02 -3.3578027e-02 -4.7616839e-02
 -4.1375522e-02 -3.1277772e-02 -3.8259000e-02 -4.6315439e-02 -3.4485914e-02
 -2.1317363e-02 -4.0495679e-02 -9.7221240e-02 -1.7052156e-01 -2.1745080e-01
 -2.0226167e-01 -1.4429629e-01 -9.2724122e-02 -7.1608678e-02 -6.9459125e-02
 -4.8233163e-02 -2.2536395e-03  1.0256436e-02 -3.5879366e-02 -8.2187995e-02
 -6.0315482e-02  4.8355558e-03  3.1714957e-02  1.0871461e-02 -2.9722644e-02
 -7.4329920e-02 -9.6100926e-02 -8.2645915e-02 -4.4008199e-02  1.1632716e-03
  1.9319328e-02 -9.4403159e-03 -3.2529421e-02  1.0099404e-02  7.6086000e-02
  1.0572624e-01  1.1528423e-01  1.3168152e-01  1.5437520e-01  1.6349617e-01
  1.3089600e-01  7.5960726e-02  4.6846800e-02  4.4372518e-02  4.9617719e-02
  6.1954200e-02  7.8567117e-02  7.7053674e-02  2.8349999e-02 -4.5120601e-02
 -9.1325156e-02 -1.0955376e-01 -1.0755468e-01 -4.9341239e-02  7.2002158e-02
  1.9675693e-01  2.7114588e-01  2.8927618e-01  2.8231633e-01  2.7204299e-01
  2.3890646e-01  1.6128504e-01  3.7478521e-02 -1.0885321e-01 -2.3611285e-01
 -3.0286369e-01 -2.8435680e-01 -1.9596024e-01 -7.5664438e-02  3.0533256e-02
  8.9803800e-02  1.2291948e-01  1.6747020e-01  2.0384675e-01  1.9445796e-01
  1.5953040e-01  1.3024548e-01  9.2059925e-02  1.9130293e-02 -5.5167839e-02
 -6.5090522e-02 -1.3387896e-02  5.1419519e-02  1.1379204e-01  1.9114020e-01
  2.9106432e-01  4.0508640e-01  4.6926001e-01  3.6598319e-01  6.2822878e-02
 -3.7868041e-01 -7.7947921e-01 -9.0776879e-01 -7.7082843e-01 -5.4815763e-01
 -3.5668728e-01 -2.2658257e-01 -1.2540241e-01 -1.6693957e-02  7.2767518e-02
  7.8431398e-02  4.3385760e-03 -7.3327675e-02 -1.0944540e-01 -1.1436839e-01
 -1.0914733e-01 -1.0251648e-01 -8.8113241e-02 -5.8626719e-02 -3.6228240e-02
 -5.0929919e-02 -8.6848199e-02 -9.7329237e-02 -6.2328957e-02
 -1.7472599e-02 -2.7177192e-02 -3.8980439e-02 -3.9395161e-02 -1.8546227e-02
 -5.6576161e-03 -2.1299148e-02 -4.0519439e-02 -5.8592163e-02 -9.9910796e-02
 -1.4050367e-01 -1.4456736e-01 -1.2158495e-01 -9.0140402e-02 -6.4912677e-02
 -5.7633121e-02 -5.9103359e-02 -5.1166799e-02 -3.6170278e-02 -2.9812286e-02
 -2.7719282e-02 -1.3820436e-02 -6.1639198e-03 -2.9603124e-02 -5.1978603e-02
 -3.7156679e-02 -1.6023420e-02 -2.6815644e-02 -4.5308162e-02 -3.5351027e-02
 -1.9691676e-02 -4.1722920e-02 -1.0306584e-01 -1.7646192e-01 -2.2267403e-01
 -2.1103849e-01 -1.5678756e-01 -1.0365588e-01 -7.9710476e-02 -8.0030166e-02
 -6.3393839e-02 -1.2087072e-02  1.7234389e-02 -1.4492052e-02 -5.5945437e-02
 -3.6647998e-02  2.1015575e-02  3.9654002e-02  1.2626856e-02 -3.1412952e-02
 -7.7925235e-02 -1.0115568e-01 -8.5014716e-02 -3.9128400e-02  9.8516522e-03
  2.9729197e-02  1.1786796e-02  1.2885192e-03  4.0928040e-02  9.9137522e-02
  1.3457015e-01  1.5046093e-01  1.5831900e-01  1.6072775e-01  1.4181983e-01
  9.0145081e-02  4.4298362e-02  3.2870412e-02  3.2995008e-02  3.6525238e-02
  4.8864599e-02  5.8452837e-02  4.9003918e-02  4.9375077e-03 -5.6910962e-02
 -9.8192520e-02 -1.1409948e-01 -1.0528380e-01 -4.5138601e-02  6.7980237e-02
  1.8486036e-01  2.5926515e-01  2.8588751e-01  2.9214326e-01  2.8726992e-01
  2.4262738e-01  1.5173820e-01  3.9271317e-02 -7.5251162e-02 -1.8086365e-01
 -2.5818983e-01 -2.8329626e-01 -2.4036480e-01 -1.3099679e-01 -2.6719812e-03
  8.9545682e-02  1.4452273e-01  1.8827209e-01  2.1536207e-01  2.0604672e-01
  1.7607348e-01  1.4097275e-01  8.3675876e-02 -9.2209680e-03 -8.9346960e-02
 -8.5359238e-02 -2.0163203e-02  3.3196356e-02  7.5857043e-02  1.6042103e-01
  2.9980800e-01  4.6532163e-01  5.5422360e-01  4.2613199e-01  7.9566121e-02
 -3.9153960e-01 -8.1262439e-01 -9.6759361e-01 -8.4966123e-01 -6.0238081e-01
 -3.6165598e-01 -2.1085596e-01 -1.2367296e-01 -4.1378401e-02  3.0179340e-02
  4.2919923e-02 -6.9756121e-03 -6.4478874e-02 -9.3642838e-02 -1.0355868e-01
 -1.0575216e-01 -9.7967878e-02 -7.7392444e-02 -4.7234159e-02 -2.9588472e-02
 -4.8488759e-02 -8.4157199e-02 -8.8758722e-02 -5.1629759e-02
 -1.1382192e-02 -2.8114740e-02 -5.3638559e-02 -6.1229162e-02 -3.7290961e-02
 -8.8087684e-03 -1.3743504e-03 -6.6812402e-03 -2.4160825e-02 -7.4105278e-02
 -1.3414967e-01 -1.6383313e-01 -1.5560676e-01 -1.1499947e-01 -7.0742883e-02
 -5.8848117e-02 -6.7759924e-02 -6.2571965e-02 -4.2382799e-02 -3.0354191e-02
 -2.9775204e-02 -2.5428349e-02 -2.0320056e-02 -2.0220228e-02 -9.9003967e-03
  8.6195162e-03  6.8351040e-03 -2.5370065e-02 -5.1376320e-02 -3.5294436e-02
 -1.2137940e-02 -3.9070081e-02 -1.1066291e-01 -1.8335161e-01 -2.1745944e-01
 -1.9562832e-01 -1.4623201e-01 -1.1500560e-01 -1.1312856e-01 -1.1778696e-01
 -8.6966999e-02 -1.3271328e-02  3.5776332e-02  2.4041699e-02  3.4726462e-03
  2.0448685e-02  4.8444480e-02  3.4142613e-02 -1.7970407e-02 -6.9305763e-02
 -1.0344924e-01 -1.1001673e-01 -7.5141355e-02 -1.2370212e-02  3.5050500e-02
  4.6061277e-02  3.6557641e-02  4.0182840e-02  7.2903238e-02  1.0233828e-01
  1.1122020e-01  1.2883428e-01  1.5687935e-01  1.6555716e-01  1.4220288e-01
  9.7194597e-02  6.1592039e-02  4.7333162e-02  3.7624322e-02  3.5807073e-02
  4.4992797e-02  4.6958040e-02  2.6898265e-02 -2.1389004e-02 -7.4126877e-02
 -9.4470479e-02 -8.3635196e-02 -5.4480601e-02 -1.6095923e-03  7.0252202e-02
  1.4150843e-01  2.0214576e-01  2.4737544e-01  2.7538234e-01  2.7537444e-01
  2.2333430e-01  1.3054609e-01  3.5016589e-02 -5.3686079e-02 -1.4543028e-01
 -2.2758301e-01 -2.7287352e-01 -2.5394833e-01 -1.5871824e-01 -3.2171689e-02
  6.8149440e-02  1.3585249e-01  1.9146815e-01  2.2869612e-01  2.2560661e-01
  1.9398600e-01  1.4832863e-01  7.9844758e-02 -1.4899571e-02 -9.2665084e-02
 -9.1797113e-02 -3.4175664e-02  1.2588696e-02  5.7353042e-02  1.5691967e-01
  3.1646809e-01  4.9463639e-01  5.7752639e-01  4.3431482e-01  8.4975839e-02
 -3.8092321e-01 -8.0838358e-01 -9.9498242e-01 -9.0701646e-01 -6.3571680e-01
 -3.4320277e-01 -1.8267624e-01 -1.2751776e-01 -8.1780843e-02 -3.0625019e-02
 -1.0087128e-02 -3.0463522e-02 -5.9761077e-02 -7.8260042e-02 -9.5700242e-02
 -1.0767563e-01 -9.6354000e-02 -6.7967638e-02 -4.1154839e-02 -2.7960660e-02
 -3.5257753e-02 -5.0449319e-02 -4.6818722e-02 -2.3247181e-02
 -2.3635872e-02 -5.1269040e-02 -8.2159199e-02 -8.7456241e-02 -5.4169919e-02
 -5.9002922e-03  2.4799787e-02  2.9457504e-02  7.6749478e-03 -5.3092442e-02
 -1.2701844e-01 -1.6976808e-01 -1.6986024e-01 -1.2922452e-01 -7.8263640e-02
 -6.0814440e-02 -6.8056203e-02 -6.3660599e-02 -4.7266919e-02 -4.0332600e-02
 -4.2465959e-02 -3.5661925e-02 -2.0009773e-02 -2.8091015e-03  1.8595800e-02
  3.3606648e-02  2.2566888e-02 -1.7018855e-02 -5.1074639e-02 -4.2488638e-02
 -2.2822704e-02 -5.1865559e-02 -1.2154536e-01 -1.7991072e-01 -1.9423728e-01
 -1.6576740e-01 -1.3246128e-01 -1.3340016e-01 -1.5710904e-01 -1.6218504e-01
 -1.0558548e-01  3.8477520e-03  7.3775157e-02  7.4221201e-02  7.2369717e-02
  8.6126402e-02  7.5219840e-02  1.0842228e-02 -8.1686519e-02 -1.3439627e-01
 -1.3102308e-01 -1.0559196e-01 -5.7471123e-02  1.2191759e-02  5.6216519e-02
  6.2852763e-02  6.8754598e-02  9.1126800e-02  1.1193985e-01  9.1522440e-02
  4.5326520e-02  6.1418880e-02  1.3688208e-01  1.7902981e-01  1.7453736e-01
  1.5616296e-01  1.2321864e-01  7.6832995e-02  3.8594879e-02  2.8908394e-02
  3.6506161e-02  3.2465197e-02  9.2546642e-03 -2.7409248e-02 -6.0503401e-02
 -7.2031677e-02 -7.1850240e-02 -6.3008279e-02 -1.9632744e-02  6.2565118e-02
  1.4779404e-01  2.0481840e-01  2.3064263e-01  2.3939244e-01  2.3033556e-01
  1.8376164e-01  1.0849140e-01  3.4194097e-02 -3.5306711e-02 -1.1286684e-01
 -1.9372824e-01 -2.5785756e-01 -2.6768664e-01 -1.9410768e-01 -7.5520433e-02
  3.0915575e-02  1.1460492e-01  1.9003607e-01  2.4337152e-01  2.4403933e-01
  2.0510173e-01  1.5147288e-01  8.5769281e-02  7.8991922e-03 -5.9543278e-02
 -7.7869803e-02 -5.2348319e-02 -1.7149825e-02  4.1713201e-02  1.6111657e-01
  3.2414436e-01  4.8211560e-01  5.4356039e-01  4.1758919e-01  1.1564568e-01
 -3.2926571e-01 -7.8487557e-01 -1.0318536e+00 -9.8619485e-01 -6.8535721e-01
 -3.3112079e-01 -1.5435109e-01 -1.2510180e-01 -1.0834200e-01 -7.4930042e-02
 -5.4356400e-02 -5.5751756e-02 -5.8650482e-02 -6.0840357e-02 -8.2368717e-02
 -1.0733148e-01 -9.8427244e-02 -6.2895961e-02 -3.1890888e-02 -1.6583761e-02
 -1.6949339e-02 -2.5683085e-02 -2.6924977e-02 -1.5494255e-02
 -5.7912122e-02 -9.4125606e-02 -1.1366820e-01 -1.0813788e-01 -7.0202157e-02
 -1.2889656e-02  3.2961957e-02  4.7404438e-02  2.6344296e-02 -3.8578320e-02
 -1.1993508e-01 -1.7252819e-01 -1.8131401e-01 -1.4222376e-01 -8.5474081e-02
 -6.2749080e-02 -6.8924882e-02 -6.6408120e-02 -5.4036360e-02 -4.9734719e-02
 -4.8307322e-02 -3.0526921e-02 -2.2964473e-03  1.6512984e-02  2.7611855e-02
  3.8299680e-02  3.4134768e-02 -2.8949329e-03 -4.5773998e-02 -4.9521960e-02
 -3.6491401e-02 -6.3977398e-02 -1.2324096e-01 -1.6288920e-01 -1.6528392e-01
 -1.4664204e-01 -1.3321763e-01 -1.4286923e-01 -1.6363764e-01 -1.6813584e-01
 -1.1636639e-01 -4.4411398e-03  8.1651606e-02  1.0659672e-01  1.2674052e-01
  1.3833900e-01  9.7334281e-02 -6.7719240e-03 -1.3298616e-01 -1.8916559e-01
 -1.5761808e-01 -1.0665288e-01 -4.6137240e-02  3.1912487e-02  7.4822403e-02
  7.6582074e-02  9.1889642e-02  1.2841272e-01  1.4187528e-01  8.1888124e-02
 -1.1150352e-02  5.1059881e-03  1.2561731e-01  1.9899613e-01  2.0544551e-01
  1.9914263e-01  1.6599564e-01  1.0734228e-01  6.4332359e-02  4.8767399e-02
  3.6912240e-02  9.2389686e-03 -2.4697620e-02 -4.8044518e-02 -5.9952237e-02
 -6.7981683e-02 -7.8236997e-02 -7.5320639e-02 -2.7766548e-02  6.5550603e-02
  1.6299000e-01  2.2216786e-01  2.3266764e-01  2.1379861e-01  1.8392004e-01
  1.4408137e-01  1.0113948e-01  6.3213840e-02  1.6152695e-02 -5.7206880e-02
 -1.5011604e-01 -2.4229583e-01 -2.8986406e-01 -2.5038794e-01 -1.4745601e-01
 -2.9104885e-02  8.6277962e-02  1.9722132e-01  2.7352294e-01  2.7353808e-01
  2.1809988e-01  1.4823613e-01  7.6885559e-02  6.3792360e-03 -5.1970679e-02
 -7.3321566e-02 -6.0062040e-02 -3.3683546e-02  2.7334837e-02  1.5568632e-01
  3.1938085e-01  4.6501562e-01  5.3042400e-01  4.5408237e-01  2.0298168e-01
 -2.6095319e-01 -7.9151040e-01 -1.1085660e+00 -1.0862569e+00 -7.4661124e-01
 -3.3740172e-01 -1.4800572e-01 -1.3631795e-01 -1.3266000e-01 -1.0418400e-01
 -8.4611163e-02 -8.0559000e-02 -7.0202880e-02 -5.7387237e-02 -7.0384681e-02
 -9.2733480e-02 -8.1289440e-02 -4.4580959e-02 -1.7828207e-02 -6.5674083e-03
 -1.9478268e-03  2.1290255e-03  1.0643436e-02  1.4016456e-02
 -6.3997559e-02 -1.1026440e-01 -1.3527828e-01 -1.2561408e-01 -8.0709122e-02
 -1.6241508e-02  3.5992511e-02  5.0152678e-02  2.5412437e-02 -3.8984038e-02
 -1.1979181e-01 -1.7808336e-01 -1.9281456e-01 -1.5069096e-01 -8.5602961e-02
 -6.0346801e-02 -7.0667639e-02 -7.3289163e-02 -6.3386999e-02 -5.5399679e-02
 -4.3841522e-02 -1.2079224e-02  2.6553674e-02  3.6373682e-02  2.2464324e-02
  2.2677120e-02  2.9591678e-02  7.4662204e-04 -4.5369718e-02 -5.2836120e-02
 -3.7217520e-02 -5.6635197e-02 -1.0496125e-01 -1.3411765e-01 -1.3402584e-01
 -1.2350880e-01 -1.1646036e-01 -1.1996748e-01 -1.3252896e-01 -1.4498316e-01
 -1.2020040e-01 -2.9746801e-02  6.5698922e-02  1.0947600e-01  1.2595139e-01
  1.2716605e-01  8.9253359e-02 -7.1347677e-03 -1.2441060e-01 -1.7221391e-01
 -1.4311692e-01 -1.0307268e-01 -5.0549757e-02  2.7589571e-02  7.5124077e-02
  7.7151962e-02  8.7125398e-02  1.2323520e-01  1.4302044e-01  8.0705523e-02
 -2.2821011e-02 -1.5697476e-03  1.3882968e-01  2.2107887e-01  2.2021201e-01
  2.0435365e-01  1.6790545e-01  1.1269116e-01  7.3634759e-02  5.4880202e-02
  3.3203557e-02 -4.6774442e-03 -4.1072041e-02 -5.4052558e-02 -5.4367561e-02
 -6.3891716e-02 -8.1293404e-02 -7.8028917e-02 -2.7210888e-02  6.2810279e-02
  1.5245821e-01  2.0497103e-01  2.1289283e-01  1.9564956e-01  1.7108604e-01
  1.4177483e-01  1.1464812e-01  9.4890244e-02  6.2630281e-02 -3.8147040e-03
 -1.0115064e-01 -2.1446604e-01 -2.9754648e-01 -2.9512081e-01 -2.1266353e-01
 -8.6104445e-02  5.7749759e-02  1.9906884e-01  2.9065931e-01  2.8353959e-01
  2.1628729e-01  1.4984280e-01  8.8357680e-02  1.7282268e-02 -5.1702838e-02
 -8.4408484e-02 -7.8524642e-02 -5.8838040e-02 -7.7741276e-03  1.1002249e-01
  2.7175826e-01  4.3350118e-01  5.3658003e-01  5.1477116e-01  3.0487859e-01
 -1.6704576e-01 -7.4597758e-01 -1.1245788e+00 -1.1518164e+00 -8.1879842e-01
 -3.8291040e-01 -1.7144856e-01 -1.5460524e-01 -1.5863724e-01 -1.4115456e-01
 -1.2271284e-01 -1.0892951e-01 -8.6194433e-02 -6.2261641e-02 -6.5417044e-02
 -7.8591600e-02 -5.8156200e-02 -1.6912872e-02  5.3479802e-03  9.4941361e-03
  1.6426943e-02  3.6154438e-02  6.2736839e-02  5.9023079e-02
 -5.7766322e-02 -1.0606140e-01 -1.3233095e-01 -1.1896020e-01 -7.5793318e-02
 -2.2875695e-02  1.8319033e-02  2.9855089e-02  1.0870632e-02 -4.1046843e-02
 -1.1025504e-01 -1.6505207e-01 -1.8265463e-01 -1.4643145e-01 -8.6931355e-02
 -6.3420482e-02 -7.2541080e-02 -7.5053155e-02 -6.5721601e-02 -5.4032400e-02
 -3.6043197e-02  1.0683252e-03  4.3401960e-02  4.8934441e-02  2.1917988e-02
  1.3728888e-02  2.2465404e-02 -3.5970479e-03 -5.0253842e-02 -5.7393719e-02
 -3.5496183e-02 -4.1094359e-02 -7.3308244e-02 -9.2239916e-02 -9.1584720e-02
 -8.6577840e-02 -8.3561040e-02 -8.6920559e-02 -1.0108872e-01 -1.2482820e-01
 -1.2865716e-01 -7.0177682e-02  2.2840705e-02  8.2181163e-02  9.7309440e-02
  9.3828604e-02  6.9621123e-02  4.1961961e-05 -8.8471442e-02 -1.2801600e-01
 -1.1784060e-01 -1.0106424e-01 -6.7379400e-02 -1.6297236e-04  5.5432800e-02
  7.0311964e-02  8.0400594e-02  1.1473849e-01  1.4172624e-01  9.6633360e-02
  1.5001092e-02  4.0408559e-02  1.6261417e-01  2.2578084e-01  2.0916216e-01
  1.7995897e-01  1.4451696e-01  1.0069092e-01  6.6514678e-02  4.5763560e-02
  2.4232859e-02 -8.5305236e-03 -3.5307575e-02 -3.7844278e-02 -3.4820568e-02
 -5.1842518e-02 -8.1946805e-02 -8.8828199e-02 -4.3791119e-02  4.0798079e-02
  1.2263291e-01  1.7057915e-01  1.8802333e-01  1.9659528e-01  1.9989468e-01
  1.8247032e-01  1.5280561e-01  1.3221325e-01  1.0399320e-01  3.9276361e-02
 -6.3803516e-02 -1.9546379e-01 -3.0539593e-01 -3.2665393e-01 -2.5925833e-01
 -1.3754448e-01  1.7810822e-02  1.9010124e-01  3.0850813e-01  2.9452068e-01
  2.0155248e-01  1.2559463e-01  7.3005117e-02  1.1715768e-02 -5.3889479e-02
 -8.7819122e-02 -8.5517637e-02 -7.3996924e-02 -3.6959041e-02  6.7267440e-02
  2.2783823e-01  4.1010481e-01  5.5078197e-01  5.7039481e-01  3.9002401e-01
 -8.0033034e-02 -6.8442839e-01 -1.1027664e+00 -1.1715840e+00 -8.6937124e-01
 -4.4165158e-01 -2.1446927e-01 -1.7934839e-01 -1.8306972e-01 -1.7726976e-01
 -1.6609897e-01 -1.4841108e-01 -1.1504447e-01 -7.8738116e-02 -6.8542205e-02
 -6.8368681e-02 -3.5252675e-02  1.5892019e-02  3.9868917e-02  3.7400398e-02
  3.7891082e-02  6.0487919e-02  9.6924603e-02  8.9156523e-02
 -4.3311600e-02 -8.1908636e-02 -1.0280988e-01 -9.3962520e-02 -6.9273718e-02
 -4.3467119e-02 -2.5027597e-02 -2.2321081e-02 -3.3781461e-02 -6.0456239e-02
 -9.8982722e-02 -1.3504571e-01 -1.4956273e-01 -1.2392604e-01 -7.9259403e-02
 -6.1275240e-02 -6.8031356e-02 -6.9990844e-02 -6.1430037e-02 -4.6255682e-02
 -2.5327260e-02  7.4251080e-03  4.3490160e-02  4.7374558e-02  2.1559177e-02
  1.2882671e-02  1.9417249e-02 -6.3218158e-03 -4.9869362e-02 -5.4686878e-02
 -2.7424475e-02 -1.8950580e-02 -3.6636122e-02 -5.1218282e-02 -5.4316439e-02
 -5.5118158e-02 -5.6716200e-02 -6.3668877e-02 -8.2511999e-02 -1.1412756e-01
 -1.3960260e-01 -1.1524212e-01 -3.4403905e-02  4.4122677e-02  7.6649040e-02
  7.5695403e-02  5.0949000e-02 -1.3728024e-02 -9.0470515e-02 -1.1552148e-01
 -9.4054319e-02 -7.3498324e-02 -4.8044518e-02  4.2548757e-03  5.2739277e-02
  6.6203997e-02  6.9838919e-02  9.8776437e-02  1.3305527e-01  1.1634984e-01
  7.1253002e-02  9.5311083e-02  1.7612135e-01  2.0847456e-01  1.8548028e-01
  1.5920280e-01  1.3000283e-01  8.9266323e-02  5.2597079e-02  2.9843638e-02
  1.0921068e-02 -1.5383808e-02 -3.6988921e-02 -4.0038120e-02 -3.8965318e-02
 -5.4558363e-02 -8.3758324e-02 -9.5021285e-02 -5.6382842e-02  2.4641460e-02
  1.0826712e-01  1.6712244e-01  2.0250432e-01  2.2844377e-01  2.4236676e-01
  2.2253545e-01  1.8085247e-01  1.5175693e-01  1.2175523e-01  5.9104800e-02
 -4.3662239e-02 -1.8899496e-01 -3.2179102e-01 -3.5706133e-01 -2.9575655e-01
 -1.8274896e-01 -2.7775872e-02  1.6973783e-01  3.1514725e-01  2.9207411e-01
  1.7361000e-01  9.9860042e-02  6.9200642e-02  1.6166700e-02 -5.6544483e-02
 -9.4125956e-02 -8.5699797e-02 -6.9303602e-02 -3.8255040e-02  5.1940802e-02
  2.0532565e-01  4.0867200e-01  6.0410517e-01  6.8375158e-01  5.1825237e-01
 -3.1543307e-03 -6.7416120e-01 -1.1080225e+00 -1.1679192e+00 -9.0906841e-01
 -5.4788762e-01 -3.2504186e-01 -2.4017689e-01 -1.9424196e-01 -1.6515900e-01
 -1.6536456e-01 -1.7433612e-01 -1.5437341e-01 -1.1338705e-01 -8.7088324e-02
 -6.6372477e-02 -1.4675580e-02  4.8722398e-02  7.4158922e-02  6.6019319e-02
  6.4039320e-02  8.6316116e-02  1.1311560e-01  9.1617122e-02
 -2.8251862e-02 -5.0921280e-02 -6.2584199e-02 -6.2816761e-02 -5.9955839e-02
 -5.8576681e-02 -6.6611521e-02 -8.9607604e-02 -1.0993356e-01 -1.1024677e-01
 -1.0279116e-01 -1.0605996e-01 -1.0839707e-01 -8.6601242e-02 -5.6945518e-02
 -5.6474999e-02 -7.6465078e-02 -8.0790482e-02 -6.1012443e-02 -2.8821960e-02
  1.1791656e-03  2.7100440e-02  4.9061518e-02  4.3919999e-02  1.4201893e-02
  1.5943320e-03  6.3912962e-03 -1.1187252e-02 -3.9635640e-02 -3.4337159e-02
 -2.5918740e-03  1.2695112e-02 -2.0345076e-04 -1.9479744e-02 -2.9916110e-02
 -3.3873662e-02 -3.7951563e-02 -5.1902641e-02 -7.9896241e-02 -1.1626811e-01
 -1.4644477e-01 -1.3660848e-01 -6.7506477e-02  1.8443195e-02  6.5996282e-02
  6.9831714e-02  4.0180318e-02 -2.9322719e-02 -1.0796975e-01 -1.2777300e-01
 -9.0627842e-02 -5.2026838e-02 -1.6244460e-02  3.3231311e-02  6.8533197e-02
  6.6464283e-02  5.4928083e-02  7.4984759e-02  1.1710367e-01  1.2743856e-01
  1.1138616e-01  1.3034664e-01  1.7354845e-01  1.7849556e-01  1.5143472e-01
  1.3333392e-01  1.1625444e-01  8.1044279e-02  4.1793838e-02  1.5704893e-02
 -3.7246321e-03 -2.7598068e-02 -4.7361240e-02 -5.2307282e-02 -5.1725522e-02
 -6.0876362e-02 -8.0622718e-02 -8.6914800e-02 -4.8927959e-02  3.0263687e-02
  1.1712275e-01  1.8806617e-01  2.3686525e-01  2.6716322e-01  2.7358994e-01
  2.3492953e-01  1.7415288e-01  1.4195628e-01  1.2471300e-01  8.0816761e-02
 -1.0803024e-02 -1.6673183e-01 -3.2079852e-01 -3.6672479e-01 -3.1383610e-01
 -2.2488588e-01 -9.0261005e-02  1.2439404e-01  3.0318663e-01  2.8083205e-01
  1.4201027e-01  7.0489444e-02  5.9893556e-02  1.5603373e-02 -5.8885921e-02
 -9.1664277e-02 -7.1956076e-02 -5.1771961e-02 -2.5283808e-02  6.1128002e-02
  2.1570228e-01  4.3273798e-01  6.5896201e-01  7.7185798e-01  6.1130881e-01
  5.3149682e-02 -6.5697479e-01 -1.0844892e+00 -1.1331000e+00 -9.3693238e-01
 -6.6523319e-01 -4.5343441e-01 -3.0985165e-01 -1.9924667e-01 -1.3434660e-01
 -1.4278860e-01 -1.8190944e-01 -1.7565264e-01 -1.2563245e-01 -8.1887044e-02
 -4.8649319e-02  3.7818360e-03  5.8362477e-02  7.1730360e-02  5.8954317e-02
  6.6477239e-02  9.7761244e-02  1.1367468e-01  7.9165079e-02
 -2.6415721e-02 -3.5997804e-02 -3.3547066e-02 -3.7553042e-02 -5.3087760e-02
 -7.1456403e-02 -9.8032676e-02 -1.3925773e-01 -1.7076024e-01 -1.6188769e-01
 -1.2709692e-01 -1.0195848e-01 -8.7427080e-02 -6.7258082e-02 -5.0438881e-02
 -5.6519639e-02 -7.2217800e-02 -6.8713918e-02 -4.0712401e-02  2.3246352e-03
  3.8435042e-02  5.4140400e-02  5.7920758e-02  4.3577280e-02  1.0659096e-02
 -1.0501453e-02 -1.1297664e-02 -1.3932756e-02 -1.3815144e-02  6.0908040e-03
  2.9410055e-02  2.9563703e-02  7.7843159e-03 -1.2248567e-02 -1.6169436e-02
 -1.2538476e-02 -1.7717795e-02 -4.5249481e-02 -8.9110084e-02 -1.2733597e-01
 -1.4044032e-01 -1.1636892e-01 -5.8486320e-02  5.2487999e-03  4.3743599e-02
  5.0640840e-02  2.8493246e-02 -2.6820719e-02 -9.4551839e-02 -1.2219264e-01
 -9.8408878e-02 -5.3999998e-02  3.0532428e-03  6.2862478e-02  8.6570643e-02
  6.5231636e-02  3.6118440e-02  4.5384120e-02  9.3808442e-02  1.2191364e-01
  1.1621700e-01  1.2664908e-01  1.5093432e-01  1.4516136e-01  1.1953368e-01
  1.0994544e-01  1.0385424e-01  7.5565435e-02  3.7472043e-02  8.4529435e-03
 -1.5411995e-02 -4.1128919e-02 -6.1354797e-02 -6.7617364e-02 -6.4557001e-02
 -6.3343436e-02 -6.8634361e-02 -6.3952558e-02 -2.2811040e-02  5.2467838e-02
  1.3290444e-01  1.9979028e-01  2.4531481e-01  2.6882926e-01  2.6702064e-01
  2.2301784e-01  1.6260011e-01  1.3847329e-01  1.3886568e-01  1.2106477e-01
  4.5011882e-02 -1.2582612e-01 -3.0745006e-01 -3.6533880e-01 -3.1819502e-01
 -2.5178578e-01 -1.4469156e-01  6.8013005e-02  2.6445997e-01  2.4753240e-01
  1.0208771e-01  3.5783570e-02  4.2994797e-02  1.5134797e-02 -4.6483200e-02
 -6.7655884e-02 -4.3197840e-02 -3.0848831e-02 -1.3320504e-02  7.9447322e-02
  2.5214005e-01  4.8438719e-01  7.0426083e-01  7.8323764e-01  5.9919840e-01
  6.7099325e-02 -5.8778280e-01 -9.7803724e-01 -1.0429884e+00 -9.2898721e-01
 -7.4697840e-01 -5.5904758e-01 -3.8213280e-01 -2.2077577e-01 -1.1146753e-01
 -1.0152683e-01 -1.4730805e-01 -1.5390612e-01 -1.1065824e-01 -6.7523763e-02
 -3.7739158e-02  3.1329251e-03  4.7030762e-02  5.8046043e-02  4.5681842e-02
  4.6981443e-02  6.3749880e-02  6.9064915e-02  4.5408241e-02
 -3.3983245e-02 -3.5948843e-02 -1.7781373e-02 -1.4686380e-02 -3.5655335e-02
 -6.5235958e-02 -9.9305637e-02 -1.3897476e-01 -1.7030269e-01 -1.7285363e-01
 -1.4926860e-01 -1.1835360e-01 -8.8190280e-02 -6.2109720e-02 -4.9582440e-02
 -5.6480762e-02 -6.5167919e-02 -5.2929722e-02 -1.9425923e-02  2.3510411e-02
  5.0189037e-02  4.9281482e-02  4.2843241e-02  3.6059760e-02  1.7754661e-02
 -3.7089360e-03 -1.2881376e-02 -4.5460439e-03  1.9777931e-02  4.3057799e-02
  4.3813437e-02  2.2288861e-02 -2.6946610e-03 -1.0715256e-02  1.0140731e-03
  1.3599181e-02  5.3246878e-03 -3.6230039e-02 -9.3080878e-02 -1.2789685e-01
 -1.2236976e-01 -9.0471238e-02 -5.2725598e-02 -1.6713900e-02  8.6025605e-03
  1.4794884e-02  3.5858159e-03 -2.0746008e-02 -5.5998363e-02 -8.7252840e-02
 -9.2285641e-02 -5.5137239e-02  2.1746304e-02  9.0162359e-02  9.5223963e-02
  5.6038320e-02  2.3851801e-02  2.9809512e-02  7.3334880e-02  1.0011636e-01
  9.0435959e-02  9.4064765e-02  1.1705796e-01  1.1859947e-01  1.0288800e-01
  9.7470000e-02  8.9968674e-02  6.1388280e-02  2.6337961e-02  1.8119809e-04
 -2.2611205e-02 -4.7464918e-02 -6.9478199e-02 -8.1152640e-02 -7.7974923e-02
 -6.5016001e-02 -5.3705517e-02 -3.7741680e-02  5.7281759e-03  7.7460483e-02
  1.4948100e-01  2.0236139e-01  2.3282459e-01  2.4451920e-01  2.3727347e-01
  1.9782937e-01  1.4668921e-01  1.2782232e-01  1.3513428e-01  1.3642488e-01
  8.2843922e-02 -7.8480005e-02 -2.6628193e-01 -3.3872581e-01 -3.0351275e-01
 -2.4303457e-01 -1.5114133e-01  2.3978123e-02  1.8474768e-01  1.6871327e-01
  5.0303880e-02  7.6560844e-03  3.2184180e-02  2.4546528e-02 -1.7144099e-02
 -3.0907296e-02 -1.4406407e-02 -1.6035516e-02 -3.2185439e-03  1.0931652e-01
  3.1421375e-01  5.5885315e-01  7.5126964e-01  7.6208401e-01  5.2864558e-01
  4.7095198e-02 -4.9034521e-01 -7.9994160e-01 -8.6835963e-01 -8.3323443e-01
 -7.5619078e-01 -6.4283401e-01 -4.8702243e-01 -2.9305115e-01 -1.2242592e-01
 -6.1210077e-02 -8.9151122e-02 -1.1060856e-01 -9.2333160e-02 -6.2871113e-02
 -3.8857322e-02 -9.9144001e-03  1.6953155e-02  1.4035752e-02 -7.0961756e-03
 -1.1473992e-02  3.9524402e-04  1.0633680e-02  1.0834380e-02
 -4.1896798e-02 -3.9825357e-02 -1.0480464e-02  1.9064989e-03 -1.5461820e-02
 -4.5326520e-02 -7.2253078e-02 -8.9096405e-02 -9.8880477e-02 -1.0922652e-01
 -1.1817037e-01 -1.1358288e-01 -9.2692800e-02 -6.7155480e-02 -4.7765881e-02
 -4.0759560e-02 -4.1353200e-02 -3.8228400e-02 -2.2609729e-02  2.3668092e-03
  6.5284199e-03 -1.3945463e-02 -1.6504487e-02  8.5146120e-03  2.4761844e-02
  1.1238948e-02 -8.2058394e-03  1.7083476e-03  3.6624603e-02  5.6579757e-02
  4.5219600e-02  2.3922179e-02  1.0690488e-02  8.7896874e-03  1.8118547e-02
  2.9693592e-02  2.3283217e-02 -1.6992144e-02 -7.0650719e-02 -1.0108980e-01
 -1.0548072e-01 -1.1350764e-01 -1.1016648e-01 -5.9736598e-02 -3.5415215e-03
  2.6999568e-03 -2.1196151e-02 -2.5423668e-02 -2.1636972e-02 -4.6307161e-02
 -7.4716561e-02 -4.7977198e-02  3.5632871e-02  9.5497198e-02  7.5813845e-02
  3.4728158e-02  3.0812580e-02  5.0454360e-02  7.2683640e-02  7.6165199e-02
  6.0200281e-02  6.0418081e-02  8.0366760e-02  9.0132475e-02  8.9490600e-02
  8.9635320e-02  7.5555362e-02  3.9377160e-02  3.3306552e-03 -1.6681680e-02
 -3.0658500e-02 -4.9472641e-02 -7.0616521e-02 -8.3711877e-02 -7.7470921e-02
 -5.5788841e-02 -3.7172519e-02 -2.2127150e-02  1.7396713e-02  9.4952874e-02
  1.7481709e-01  2.1603240e-01  2.1852288e-01  2.0333843e-01  1.7981964e-01
  1.4260572e-01  1.0738656e-01  1.0152791e-01  1.1670264e-01  1.2893076e-01
  9.5405765e-02 -3.4285646e-02 -1.9946881e-01 -2.8313568e-01 -2.7343008e-01
 -2.2041577e-01 -1.3818564e-01 -1.6460640e-02  8.3549879e-02  7.4027158e-02
  9.5172487e-03  4.3254360e-04  3.5744149e-02  4.6301402e-02  2.4769044e-02
  5.4567000e-03 -7.1826475e-03 -3.2459907e-02 -1.4376744e-02  1.4675328e-01
  4.0830478e-01  6.5243882e-01  7.8917760e-01  7.2348118e-01  4.4031599e-01
  6.5453760e-03 -4.0913641e-01 -6.1471081e-01 -6.3937080e-01 -6.3071644e-01
 -6.3841683e-01 -6.3040680e-01 -5.5226880e-01 -3.7587962e-01 -1.7087220e-01
 -5.0659560e-02 -3.5616130e-02 -6.3195474e-02 -8.0724597e-02 -7.6737598e-02
 -6.4805396e-02 -5.4770041e-02 -5.2784279e-02 -7.0419595e-02 -9.2766605e-02
 -9.1650955e-02 -7.6181039e-02 -5.9888162e-02 -3.4276102e-02
 -3.4767147e-02 -2.6827488e-02  2.5554239e-03  1.3107924e-02 -3.0990168e-03
 -2.7026063e-02 -3.7667882e-02 -2.8214566e-02 -1.4906772e-02 -2.4990084e-02
 -5.6159642e-02 -7.4516043e-02 -6.6050284e-02 -4.3352641e-02 -1.4078988e-02
  1.1100348e-02  7.6681799e-03 -3.4463234e-02 -7.5245403e-02 -7.4595600e-02
 -6.7165561e-02 -8.6335562e-02 -8.9058235e-02 -4.0437721e-02  1.6416108e-02
  2.1747598e-02 -5.4069120e-03 -9.3417836e-04  3.2990366e-02  5.0565239e-02
  4.7581919e-02  5.1424921e-02  5.8020122e-02  4.3267678e-02  2.2247965e-02
  2.1143375e-02  2.6181325e-02  6.9094803e-03 -2.8305683e-02 -5.0521679e-02
 -7.6817162e-02 -1.4467140e-01 -1.8342143e-01 -1.0861596e-01 -6.3949320e-03
  3.2056163e-03 -4.4040240e-02 -4.6492200e-02 -2.0405017e-02 -3.4309585e-02
 -6.1643522e-02 -3.2464333e-02  4.2204600e-02  7.1560077e-02  2.7699156e-02
  3.5061301e-03  4.5842040e-02  8.7077521e-02  8.2378075e-02  5.4970916e-02
  3.3712164e-02  3.0998880e-02  4.3534078e-02  5.8839481e-02  7.2552599e-02
  7.7083558e-02  5.6007359e-02  1.1451492e-02 -2.7553571e-02 -4.0082760e-02
 -3.8967840e-02 -4.2321600e-02 -4.8697561e-02 -4.9291559e-02 -3.8800437e-02
 -2.2789620e-02 -1.5062111e-02 -1.3825945e-02  1.1731897e-02  8.5156560e-02
  1.6957045e-01  2.0641105e-01  1.9150560e-01  1.5708132e-01  1.2122928e-01
  8.6645521e-02  6.4564563e-02  6.6189237e-02  8.1199795e-02  9.5334485e-02
  8.0954999e-02  1.1128320e-03 -1.1285137e-01 -1.9113481e-01 -2.1139668e-01
 -1.8362089e-01 -1.2932028e-01 -7.1825758e-02 -3.1983480e-02 -2.1629557e-02
 -1.8252900e-02  4.8325676e-03  3.7544761e-02  5.5252798e-02  5.0013721e-02
  2.5746228e-02 -1.3405465e-02 -5.5293478e-02 -1.7184565e-02  2.1103236e-01
  5.3261280e-01  7.4555278e-01  7.8875643e-01  6.4850038e-01  3.4336871e-01
 -3.6638640e-02 -3.4829819e-01 -4.5595798e-01 -4.1230080e-01 -3.8304359e-01
 -4.2016682e-01 -4.7107437e-01 -4.6156678e-01 -3.4893504e-01 -1.8990180e-01
 -8.0223121e-02 -4.5634318e-02 -5.7011399e-02 -7.7471636e-02 -8.8134840e-02
 -9.7525083e-02 -1.1418407e-01 -1.3101336e-01 -1.4760073e-01 -1.6162597e-01
 -1.6347384e-01 -1.6579367e-01 -1.6306849e-01 -1.1015928e-01
 -2.4264000e-02 -1.7797897e-02  4.0855319e-03  1.8310320e-02  1.7665235e-02
  8.3592720e-03  6.2376480e-03  1.9797012e-02  3.3197187e-02  1.7856792e-02
 -1.8448740e-02 -3.4686182e-02 -1.9426571e-02  6.9154198e-03  3.1909931e-02
  4.5586441e-02  2.3218162e-02 -4.8542041e-02 -1.2053341e-01 -1.3198788e-01
 -1.1409481e-01 -1.2260737e-01 -1.2602483e-01 -7.3076397e-02 -5.4974156e-04
  1.5394212e-02 -8.4298318e-03  4.2819842e-03  4.2949080e-02  5.6982599e-02
  6.0171843e-02  8.9142837e-02  1.1286468e-01  7.4074686e-02  9.7607514e-03
 -6.0072839e-03  2.1226248e-02  3.7158120e-02  2.7744299e-02  1.6128756e-02
 -2.3612544e-02 -1.3352507e-01 -2.1265344e-01 -1.4417100e-01 -2.7783504e-02
 -1.8564660e-02 -7.5000241e-02 -6.9709323e-02 -2.8405730e-02 -3.8993038e-02
 -6.6664077e-02 -3.7659958e-02  1.8949069e-02  1.5712092e-02 -3.7657797e-02
 -3.2034565e-02  5.3828280e-02  1.1213784e-01  8.4566519e-02  2.9507328e-02
 -1.2855529e-03 -8.9490600e-03  2.3752835e-03  2.9883709e-02  6.0861960e-02
  7.0030801e-02  3.9448082e-02 -1.4506452e-02 -5.3191081e-02 -5.5654559e-02
 -3.8136240e-02 -1.8796068e-02  2.1468275e-03  1.9370591e-02  2.5231680e-02
  1.9546092e-02  2.5939944e-03 -1.8296964e-02 -1.2615624e-02  4.9554363e-02
  1.3524048e-01  1.7529480e-01  1.5707411e-01  1.1578391e-01  7.6547883e-02
  4.7424238e-02  3.0667609e-02  2.3774689e-02  2.2597631e-02  2.9189412e-02
  3.4139413e-02  1.4925205e-02 -3.0234454e-02 -8.5550398e-02 -1.2425904e-01
 -1.2115405e-01 -1.0266372e-01 -1.1744171e-01 -1.4321087e-01 -1.1841588e-01
 -5.3547841e-02 -5.0402880e-03  1.7774353e-02  3.5806213e-02  4.5060840e-02
  2.5694963e-02 -1.8496189e-02 -4.2814080e-02  4.1011557e-02  3.1593853e-01
  6.4660323e-01  7.9196757e-01  7.3260361e-01  5.3598958e-01  2.5099847e-01
 -3.1835988e-02 -2.1736585e-01 -2.4225877e-01 -1.7531712e-01 -1.6078068e-01
 -2.1312793e-01 -2.5240213e-01 -2.4980041e-01 -2.0226997e-01 -1.3162392e-01
 -7.9631284e-02 -5.5004399e-02 -5.7355922e-02 -7.3555559e-02 -8.8881120e-02
 -1.0869227e-01 -1.3829473e-01 -1.6907796e-01 -1.9945259e-01 -2.1945672e-01
 -2.0779668e-01 -1.8688355e-01 -1.7294364e-01 -1.1748240e-01
 -2.7946692e-02 -3.1726189e-02 -1.3825729e-02  1.8616572e-02  4.8902761e-02
  5.7660840e-02  5.2970760e-02  5.4287277e-02  5.4447122e-02  3.1263553e-02
  2.0470102e-03  5.5622519e-03  3.3608522e-02  4.7613602e-02  3.7328400e-02
  1.6932601e-02 -1.4938776e-02 -7.3851123e-02 -1.3084416e-01 -1.3370904e-01
 -1.0315692e-01 -9.3865678e-02 -9.3436562e-02 -5.8197957e-02 -3.9980160e-03
  1.7580455e-02  1.6334532e-02  4.3783560e-02  8.0539562e-02  8.2024917e-02
  7.2277196e-02  9.5435642e-02  1.1921256e-01  7.9163998e-02  1.2816972e-02
  2.8004113e-03  4.5216721e-02  7.9579800e-02  8.4668763e-02  8.4168002e-02
  4.5395643e-02 -8.0443799e-02 -1.9085255e-01 -1.6466112e-01 -8.5425124e-02
 -8.7411240e-02 -1.2340332e-01 -8.1806757e-02 -8.7856567e-03 -1.6153775e-02
 -7.0155360e-02 -7.5350523e-02 -5.0837759e-02 -6.7306682e-02 -9.8772116e-02
 -6.3721083e-02  2.6524872e-02  7.3227957e-02  4.2278040e-02  9.9012605e-04
 -1.3218336e-02 -2.0143729e-02 -1.6224768e-02  1.6041420e-02  5.6450881e-02
  5.5366565e-02  1.7123759e-03 -5.9787001e-02 -8.7004803e-02 -7.3421285e-02
 -4.1185800e-02 -6.4915558e-03  3.2057244e-02  6.2062196e-02  6.5723762e-02
  4.6150919e-02  1.4610925e-02 -1.8411409e-02 -2.1316105e-02  4.0552560e-02
  1.2717432e-01  1.5440436e-01  1.1570256e-01  6.3752763e-02  2.4167376e-02
 -7.5446279e-03 -3.5454024e-02 -5.2894078e-02 -5.4815400e-02 -4.1171040e-02
 -1.2633624e-02  2.5798356e-02  5.1508799e-02  3.8920678e-02  5.6760479e-03
 -1.2213396e-02 -3.9385442e-02 -1.2984084e-01 -2.2922929e-01 -2.2548383e-01
 -1.3932900e-01 -6.6648237e-02 -2.6711352e-02  5.6625120e-03  2.6522316e-02
  1.6252307e-02  7.5162235e-03  6.8415835e-02  2.2848193e-01  4.7999880e-01
  7.0204324e-01  7.2747362e-01  5.7311279e-01  3.4583902e-01  1.3422672e-01
  2.8251430e-02  3.0581171e-02  7.9989836e-02  1.0526508e-01  4.4448119e-02
 -5.7355922e-02 -1.0233469e-01 -1.0013148e-01 -8.3061360e-02 -4.6484280e-02
  2.4780708e-03  3.4024354e-02  7.2659520e-03 -5.1571801e-02 -9.0147600e-02
 -1.0990224e-01 -1.3587192e-01 -1.7382456e-01 -2.2015800e-01 -2.4350148e-01
 -1.9926828e-01 -1.1988541e-01 -6.5340720e-02 -3.1381380e-02
 -2.1264588e-02 -2.7071424e-02 -1.3832713e-02  2.4471719e-02  7.0492320e-02
  9.0506159e-02  8.5320719e-02  7.7954039e-02  6.9408722e-02  4.9394879e-02
  3.7940759e-02  5.8982037e-02  8.7213598e-02  7.7172481e-02  2.6880264e-02
 -2.5278732e-02 -5.8872961e-02 -9.0482041e-02 -1.1383776e-01 -9.4996795e-02
 -4.6967041e-02 -1.6173253e-02 -8.8551724e-03  4.8999959e-03  3.4389503e-02
  5.9647679e-02  7.4131921e-02  9.1809720e-02  9.8861396e-02  7.6748036e-02
  4.9051441e-02  5.0109480e-02  6.6488042e-02  5.7759117e-02  3.9429002e-02
  5.6351881e-02  1.0111536e-01  1.3156344e-01  1.3644648e-01  1.3861117e-01
  1.0783584e-01 -7.6230355e-03 -1.3068505e-01 -1.5284556e-01 -1.2405312e-01
 -1.3695157e-01 -1.5077305e-01 -8.7248519e-02  2.1199104e-03  3.1642921e-03
 -6.6893399e-02 -1.1291113e-01 -1.2732480e-01 -1.4170463e-01 -1.3398948e-01
 -8.2073517e-02 -2.1432456e-02 -3.7382040e-03 -2.2214267e-02 -2.2082221e-02
 -7.8116759e-04  4.2131159e-04 -6.5093404e-03  1.6292160e-02  2.8737182e-02
 -3.6380880e-02 -1.2548628e-01 -1.4369507e-01 -1.0394604e-01 -6.3514441e-02
 -3.8494080e-02 -1.3510800e-02  1.9103365e-02  4.2531479e-02  4.6063080e-02
  4.1216042e-02  3.0736512e-02  5.9914081e-03 -1.8865800e-03  5.5591919e-02
  1.3251564e-01  1.2864168e-01  4.8270963e-02 -3.4809552e-02 -9.1662847e-02
 -1.2979873e-01 -1.5050484e-01 -1.4303304e-01 -1.1418084e-01 -8.1795238e-02
 -2.5689241e-02  8.7850079e-02  2.0972663e-01  2.4831972e-01  2.0296584e-01
  1.3163148e-01  2.7580462e-02 -1.5762781e-01 -3.4562522e-01 -3.9177001e-01
 -3.0814993e-01 -1.8926963e-01 -7.7955119e-02  6.8524559e-03  5.2111439e-02
  5.8167722e-02  1.0291319e-01  2.8073630e-01  5.1415199e-01  6.4225441e-01
  6.2294400e-01  4.8548162e-01  2.7444923e-01  7.2935998e-02  1.1630591e-03
  1.4375772e-01  3.6825481e-01  4.5078123e-01  3.6520559e-01  2.0835865e-01
  6.5937243e-02  3.1496687e-03 -1.8547921e-02 -2.6413597e-02  7.3093683e-03
  7.2782636e-02  1.1375819e-01  6.2185321e-02 -3.8855880e-02 -1.0386793e-01
 -1.2463416e-01 -1.3255703e-01 -1.4747940e-01 -1.7845091e-01 -1.9571508e-01
 -1.4990580e-01 -6.5102398e-02 -3.4222070e-03  1.5861707e-02
  9.2262607e-03  8.3416682e-03  9.6359402e-03  3.9830763e-02  8.6960524e-02
  1.1035800e-01  1.0440324e-01  9.1951199e-02  8.2812242e-02  7.7041075e-02
  8.1608765e-02  9.6582964e-02  1.0332036e-01  7.7946119e-02  2.0923812e-02
 -3.2948602e-02 -5.7422519e-02 -6.4670034e-02 -6.2303040e-02 -3.5165161e-02
  1.1951855e-02  5.0262477e-02  6.3928440e-02  6.5234877e-02  7.2322920e-02
  8.7893277e-02  1.0131480e-01  1.0080539e-01  8.0733962e-02  5.0950799e-02
  2.3422033e-02  4.5676799e-03  3.0924468e-03  2.0699171e-02  5.2058522e-02
  9.2475355e-02  1.3307977e-01  1.5798312e-01  1.6126201e-01  1.5496057e-01
  1.1469816e-01  8.0827195e-03 -9.3971521e-02 -1.0256076e-01 -6.2873997e-02
 -6.8803921e-02 -1.0123920e-01 -8.5413955e-02 -3.9054599e-02 -3.4252595e-02
 -7.2751321e-02 -1.1485692e-01 -1.4291245e-01 -1.4491764e-01 -1.1816064e-01
 -8.4352680e-02 -6.6257641e-02 -6.8188325e-02 -6.8349600e-02 -4.0268518e-02
 -3.1763702e-03  8.1191519e-03  8.7049436e-03  2.4350688e-02 -2.0692621e-03
 -1.2605579e-01 -2.2974299e-01 -1.8754056e-01 -7.7363275e-02 -2.5131851e-02
 -2.5220664e-02 -4.5816479e-03  3.2134574e-02  2.9152548e-02  4.0217401e-03
  1.1784888e-02  3.3489432e-02  1.6897427e-02 -7.5766323e-03  2.8480968e-02
  8.1291236e-02  4.5610562e-02 -6.3064799e-02 -1.5790609e-01 -2.1235284e-01
 -2.3343660e-01 -2.1898584e-01 -1.6683443e-01 -9.8481961e-02 -4.0752001e-02
  4.1950081e-02  2.0757312e-01  3.7910521e-01  4.1281199e-01  3.1626973e-01
  1.8826236e-01  3.1222222e-02 -2.1146184e-01 -4.5201242e-01 -5.3230679e-01
 -4.5209879e-01 -2.8872469e-01 -1.0496340e-01  3.6245521e-02  1.1754432e-01
  1.5947172e-01  2.4677604e-01  4.6028879e-01  6.6698998e-01  6.3812882e-01
  4.1673240e-01  1.9493748e-01  1.6265664e-02 -1.0606860e-01 -5.2991640e-02
  2.6571706e-01  6.2554324e-01  6.8609160e-01  4.8592082e-01  2.6978725e-01
  1.2698783e-01  5.7980880e-02  1.4084064e-02 -8.3175125e-03  2.2380192e-02
  8.0624521e-02  1.1706120e-01  7.9111442e-02 -6.8075280e-03 -8.3642043e-02
 -1.2952620e-01 -1.3994929e-01 -1.2967165e-01 -1.2718187e-01 -1.2796921e-01
 -1.0189116e-01 -5.5596963e-02 -1.7311104e-02  1.8711108e-03
  1.4112252e-02  1.1413800e-02  1.6070040e-02  5.3100001e-02  1.0134108e-01
  1.1888784e-01  1.0116720e-01  7.7503324e-02  6.7635357e-02  7.5351961e-02
  8.8316284e-02  8.5646160e-02  6.7628518e-02  4.1163482e-02  5.1769800e-03
 -2.4424236e-02 -3.1769641e-02 -2.6431417e-02 -1.5192864e-02  7.8803282e-03
  4.3013159e-02  7.7732638e-02  8.7888241e-02  6.6139922e-02  4.3427881e-02
  5.4024842e-02  8.2278721e-02  8.2238398e-02  5.4675359e-02  3.4588296e-02
  2.1103740e-02 -7.2744121e-03 -3.1258691e-02 -1.2710160e-02  3.7502278e-02
  8.6045764e-02  1.2606767e-01  1.5549372e-01  1.5980509e-01  1.3382964e-01
  7.5781800e-02 -1.0386792e-02 -6.6286080e-02 -4.2114962e-02  9.7611835e-03
  9.6624000e-03 -3.7090439e-02 -7.6149724e-02 -9.4212361e-02 -9.5483154e-02
 -8.5730039e-02 -9.4088160e-02 -1.1072700e-01 -9.6689522e-02 -7.2716765e-02
 -7.9441562e-02 -1.1095595e-01 -1.3272120e-01 -1.1300471e-01 -5.2425001e-02
  1.1515284e-02  4.1783400e-02  4.1047920e-02  3.4346052e-02 -2.3278140e-03
 -1.0130220e-01 -1.7838719e-01 -1.3479084e-01 -3.8226958e-02 -1.1361024e-02
 -2.9061001e-02  7.6806718e-03  6.8688720e-02  5.8699436e-02  9.4409641e-03
  6.0969600e-03  2.2626035e-02 -5.6531522e-03 -4.3162201e-02 -2.1446027e-02
  1.1742480e-02 -4.2703919e-02 -1.4959513e-01 -2.0376109e-01 -1.9513440e-01
 -1.6581924e-01 -1.3004281e-01 -8.2942918e-02 -2.9479969e-02  1.6114356e-02
  8.0542438e-02  2.1103632e-01  3.4236288e-01  3.5394949e-01  2.6005897e-01
  1.4556564e-01  6.8660276e-03 -2.0307204e-01 -4.1100121e-01 -4.9016160e-01
 -4.3175879e-01 -2.8262413e-01 -1.0125468e-01  4.1451842e-02  1.3248755e-01
  1.9961999e-01  2.8752479e-01  4.4243640e-01  5.5476719e-01  4.3844041e-01
  1.8123911e-01  5.7296883e-03 -5.8380838e-02 -6.2495641e-02  4.6592638e-02
  3.4398180e-01  6.4778042e-01  6.6953158e-01  4.7096640e-01  2.8552896e-01
  1.5938027e-01  4.9514759e-02 -2.6639532e-02 -2.6910793e-02  2.8974311e-02
  7.4272320e-02  7.8332402e-02  5.5770479e-02  1.8779760e-02 -3.4848969e-02
 -8.8899121e-02 -1.1399005e-01 -1.0870344e-01 -9.3452401e-02 -7.9423204e-02
 -6.4252801e-02 -4.9024440e-02 -3.6304921e-02 -2.0479213e-02
 -1.6354656e-02 -2.8613627e-02 -6.6916081e-03  4.9577400e-02  9.9461526e-02
  1.0450368e-01  7.2783001e-02  4.5382679e-02  3.6756001e-02  3.8653199e-02
  4.5042120e-02  4.8631322e-02  4.3511398e-02  2.1640787e-02 -9.2413081e-03
 -2.1372696e-02 -1.6674047e-02 -1.5261983e-02 -1.0679256e-02  5.9867282e-03
  3.5153281e-02  6.9793202e-02  7.5661197e-02  3.3345971e-02 -1.1320524e-02
  1.9580002e-03  5.1336721e-02  6.1330680e-02  3.1507920e-02  1.8119376e-02
  1.9746145e-02 -1.6481628e-03 -3.1208038e-02 -2.4273539e-02  1.4809500e-02
  5.8560479e-02  1.0420920e-01  1.4370120e-01  1.4849460e-01  1.0834632e-01
  4.1839920e-02 -1.9683396e-02 -3.7143361e-02 -6.4438563e-03  3.0301414e-02
  3.3704136e-02 -1.3673556e-03 -5.3490601e-02 -1.0303236e-01 -1.2384865e-01
 -1.0563444e-01 -8.4415317e-02 -7.0407718e-02 -4.5971997e-02 -3.8710080e-02
 -7.5182036e-02 -1.3674383e-01 -1.7679888e-01 -1.5104952e-01 -7.1354523e-02
  1.4110128e-02  6.6681720e-02  7.2362162e-02  5.0775480e-02  1.4262083e-02
 -4.0791959e-02 -8.0379359e-02 -6.0979322e-02 -1.2270168e-02 -3.0983833e-04
 -1.0079280e-02  2.6587367e-02  8.4109679e-02  8.1475921e-02  3.8346119e-02
  2.0605283e-02  9.6797878e-03 -3.3908002e-02 -6.6565439e-02 -3.4480620e-02
  3.9369958e-03 -4.5618840e-02 -1.3804416e-01 -1.5917833e-01 -1.0395396e-01
 -3.6325078e-02  1.0392300e-02  3.9145682e-02  5.4174960e-02  4.4918638e-02
  3.7717558e-02  8.7409437e-02  1.6462009e-01  1.8754992e-01  1.5007320e-01
  8.9475840e-02 -2.5117667e-03 -1.5197147e-01 -2.9786652e-01 -3.4335360e-01
 -2.8871855e-01 -1.8489781e-01 -7.2855718e-02  1.9218853e-02  8.9871839e-02
  1.4829516e-01  2.0599307e-01  2.7491400e-01  2.9538107e-01  1.7117280e-01
 -2.6437752e-02 -1.3868748e-01 -1.2349945e-01 -9.7251479e-03  1.7554392e-01
  4.1536799e-01  6.0038638e-01  5.9506202e-01  4.6382758e-01  3.3374482e-01
  2.0724191e-01  6.0197759e-02 -4.5320041e-02 -3.0206699e-02  5.5577878e-02
  8.7532200e-02  4.8744719e-02  1.4478697e-02  7.4617560e-03 -2.9638079e-03
 -2.5638372e-02 -5.3065799e-02 -7.3098361e-02 -6.7035243e-02 -4.3709759e-02
 -3.1052053e-02 -3.5283420e-02 -4.2987239e-02 -3.3757310e-02
 -3.5659365e-02 -5.0048638e-02 -2.1793140e-02  2.8139329e-02  5.8722842e-02
  5.1900480e-02  2.7287172e-02  1.8696059e-02  1.9516824e-02  4.1406481e-03
 -1.0317491e-02  7.7694841e-03  3.4837741e-02  1.9303201e-02 -1.9745100e-02
 -2.3578849e-02 -6.3686520e-03 -6.4572119e-03 -1.1932992e-02 -9.6316915e-03
  5.1411600e-03  3.3521436e-02  4.2419519e-02  8.2808640e-03 -2.9922914e-02
 -1.7052552e-02  2.7919546e-02  3.5213687e-02  4.8881159e-03 -6.7448160e-03
  3.6356039e-03 -5.8301276e-04 -1.6798643e-02 -1.6231967e-02  3.6057241e-03
  3.6370799e-02  8.4023640e-02  1.2948877e-01  1.3621716e-01  8.9387640e-02
  1.3581396e-02 -4.3940518e-02 -4.2248160e-02  5.2744681e-03  4.9128119e-02
  5.7720240e-02  2.6844012e-02 -2.5760844e-02 -8.7414123e-02 -1.3566564e-01
 -1.2935160e-01 -7.8819118e-02 -3.2123122e-02 -1.1771928e-02 -2.4332255e-02
 -6.1635237e-02 -1.0506707e-01 -1.3380048e-01 -1.2611808e-01 -8.6479202e-02
 -3.0709583e-02  2.8793773e-02  6.3312486e-02  5.4561239e-02  1.7882243e-02
 -2.0553587e-02 -3.7847161e-02 -2.1592656e-02  1.5498900e-02  3.9656159e-02
  4.0123440e-02  4.2739559e-02  5.3130958e-02  5.1872041e-02  4.4062920e-02
  4.3680239e-02  3.1120919e-02 -1.4226047e-02 -5.4403562e-02 -3.9952800e-02
 -9.3067922e-03 -3.9303001e-02 -1.0135728e-01 -1.0528236e-01 -4.5684002e-02
  2.5249895e-02  8.0516525e-02  1.2005028e-01  1.3012235e-01  8.1416525e-02
  1.1264795e-02 -2.1892139e-03  3.3353172e-02  5.7614759e-02  5.3268481e-02
  2.7471960e-02 -2.7374040e-02 -1.1944836e-01 -2.0071296e-01 -1.9861811e-01
 -1.2723984e-01 -5.6094117e-02 -1.0805328e-02  2.4002280e-02  5.5596963e-02
  7.9854481e-02  9.3917519e-02  9.1067404e-02  4.9578838e-02 -5.4770399e-02
 -1.8505512e-01 -2.7179316e-01 -2.5316426e-01 -8.5467242e-02  1.7650044e-01
  4.4303399e-01  6.2408161e-01  6.3530278e-01  5.2224481e-01  3.7596241e-01
  2.2574663e-01  9.2295721e-02  1.8210312e-02  3.5888039e-02  9.3425758e-02
  9.6678719e-02  4.6401840e-02  1.4689979e-02  1.8382607e-02  2.6037216e-02
  2.0354796e-02 -6.9823801e-03 -4.0969081e-02 -4.5699839e-02 -2.7750455e-02
 -2.3509979e-02 -3.8972519e-02 -5.2157160e-02 -3.9704040e-02
 -3.0289752e-02 -4.5794521e-02 -3.0847967e-02 -9.8101434e-04  1.4483771e-02
  9.4826873e-03  3.1252967e-03  1.4589936e-02  2.4771167e-02  2.4689557e-03
 -2.4607332e-02 -7.2655198e-03  2.7364321e-02  1.6090164e-02 -2.2054680e-02
 -2.7080532e-02 -1.3333861e-02 -1.7418347e-02 -2.3868576e-02 -1.6927704e-02
 -2.0730745e-03  1.2924180e-02  1.2518352e-02 -9.9459719e-03 -3.2206211e-02
 -2.4768611e-02  1.1507688e-04  1.6738056e-03 -1.7914679e-02 -2.2159152e-02
 -8.1219245e-03 -2.1372912e-03 -8.8049518e-03 -1.4250240e-02 -9.6670799e-03
  1.4399207e-02  5.8390558e-02  1.0085076e-01  1.0986552e-01  7.0242122e-02
  1.8408024e-03 -4.9372561e-02 -3.7407238e-02  2.5317289e-02  7.1682483e-02
  6.8736605e-02  3.4702308e-02 -7.5425040e-03 -5.9226483e-02 -1.1385649e-01
 -1.2126383e-01 -6.4573564e-02 -6.5087280e-03  2.4028344e-03 -2.0798352e-02
 -4.6358280e-02 -6.8747759e-02 -8.3725922e-02 -8.6478479e-02 -8.5517995e-02
 -7.4170798e-02 -2.9367251e-02  2.5674408e-02  4.2442199e-02  2.2120379e-02
 -1.9382903e-03 -9.1542248e-03  2.3657472e-03  2.7183529e-02  5.5131476e-02
  6.5060280e-02  4.5898557e-02  1.9208267e-02  1.3383216e-02  2.7706787e-02
  4.1326921e-02  3.2396328e-02 -9.8768873e-03 -5.2279919e-02 -4.5708839e-02
 -1.5551029e-02 -3.1162033e-02 -7.4921042e-02 -7.0585199e-02 -1.4522760e-02
  5.0983563e-02  1.0747224e-01  1.4985396e-01  1.6106580e-01  1.1580408e-01
  4.4017561e-02  4.9567684e-03 -8.3895847e-03 -2.5816392e-02 -3.9124798e-02
 -4.1435279e-02 -5.1579721e-02 -9.0236157e-02 -1.2950028e-01 -1.0633140e-01
 -3.3781283e-02  1.6920287e-02  3.9626639e-02  6.3052922e-02  7.4306883e-02
  5.9846401e-02  2.8258201e-02 -2.2309415e-02 -9.3646437e-02 -1.7635499e-01
 -2.5950420e-01 -3.2837328e-01 -3.1985676e-01 -1.6466364e-01  9.3908161e-02
  3.7998000e-01  5.9837037e-01  6.2000638e-01  4.8051360e-01  3.1713119e-01
  1.9363032e-01  1.2919608e-01  1.1220516e-01  1.1491235e-01  1.2055068e-01
  1.1619936e-01  9.2975765e-02  5.6412004e-02  3.1080240e-02  3.8649239e-02
  5.5517398e-02  3.4529366e-02 -1.0567152e-02 -2.7096011e-02 -1.9353457e-02
 -2.7813384e-02 -5.6719080e-02 -7.1408875e-02 -4.7643121e-02
 -1.9346040e-02 -3.1076640e-02 -2.7554832e-02 -1.5580513e-02 -4.2699240e-03
  8.3527202e-03  2.0085659e-02  2.4904260e-02  2.0427264e-02  5.4497160e-03
 -9.9892076e-03 -1.4046336e-02 -1.2020328e-02 -1.2546540e-02 -1.2378060e-02
 -8.8284956e-03 -1.5766343e-02 -4.0080242e-02 -5.7447359e-02 -4.8964322e-02
 -2.7770977e-02 -1.3293575e-02 -1.0074816e-02 -1.3484952e-02 -2.0598948e-02
 -2.6396640e-02 -2.7781162e-02 -2.9716274e-02 -3.0978110e-02 -2.2096224e-02
 -7.6338365e-03 -4.9989601e-03 -1.6214149e-02 -2.7413459e-02 -2.1870503e-02
  8.3332080e-03  4.8644282e-02  7.9204686e-02  8.5786916e-02  5.8797359e-02
  1.0995229e-02 -2.6128152e-02 -2.0113632e-02  2.3914333e-02  5.3064719e-02
  4.5894962e-02  2.5755156e-02  3.0602340e-03 -3.0954348e-02 -7.3996924e-02
 -8.5998602e-02 -4.5017280e-02 -2.2725000e-03  1.0445904e-03 -1.4066497e-02
 -3.2217875e-02 -5.0546519e-02 -6.0005520e-02 -6.9832802e-02 -8.3500199e-02
 -8.0793358e-02 -4.6190161e-02  1.4906988e-03  2.9287333e-02  3.5889514e-02
  3.7700281e-02  1.9638684e-02 -2.5929540e-02 -3.6085322e-02  1.2467052e-02
  4.9767483e-02  3.7231561e-02  6.9592684e-03 -3.4395841e-04  1.4256576e-02
  2.3757299e-02  1.0129932e-02 -3.1738929e-02 -6.9337800e-02 -5.1424921e-02
 -1.0083527e-03  5.8905361e-03 -2.1030013e-02 -7.4831755e-03  5.1659640e-02
  1.1646252e-01  1.6265951e-01  1.7220780e-01  1.4188932e-01  8.1020519e-02
  1.8429229e-02 -1.6092936e-02 -3.4060787e-02 -5.0448958e-02 -5.7233162e-02
 -5.4192238e-02 -5.0423402e-02 -5.6626558e-02 -6.5216154e-02 -3.8871720e-02
  1.4305321e-02  4.6744563e-02  6.6763796e-02  8.8449836e-02  8.1711359e-02
  4.2644881e-02 -6.7431242e-03 -6.6598199e-02 -1.3435487e-01 -1.9445725e-01
 -2.4864264e-01 -2.9899800e-01 -2.9462400e-01 -1.8095616e-01  1.4836429e-02
  2.5260338e-01  4.5025918e-01  4.7149917e-01  3.4850988e-01  2.2608539e-01
  1.5555024e-01  1.3043375e-01  1.2880692e-01  1.2421656e-01  1.2048336e-01
  1.2627217e-01  1.1881332e-01  7.9956003e-02  4.1629683e-02  4.3067522e-02
  6.3456118e-02  5.8026958e-02  2.9544624e-02  3.2056163e-03 -1.7669881e-02
 -4.0141799e-02 -6.6749036e-02 -8.1209883e-02 -5.7591002e-02
 -1.0510560e-02 -1.6119434e-02 -1.1270520e-02 -5.5783442e-03  5.1335283e-03
  3.4876946e-02  5.8190759e-02  4.0056478e-02  3.0960503e-03 -7.7120280e-03
 -1.3048380e-03 -1.5327468e-02 -3.4822259e-02 -2.2159800e-02  8.0532358e-05
 -4.0005720e-03 -2.8901843e-02 -6.1840437e-02 -8.6086802e-02 -8.6937122e-02
 -7.1744762e-02 -4.7566801e-02 -2.1989807e-02 -1.1985372e-02 -2.1555360e-02
 -3.8032200e-02 -4.6629000e-02 -3.9522599e-02 -1.9712448e-02  2.6480339e-03
  1.2314701e-02 -1.3357800e-03 -2.7025847e-02 -3.9567240e-02 -2.5627969e-02
  2.3085289e-03  2.7281232e-02  5.1560998e-02  6.7066200e-02  5.2409880e-02
  1.8767267e-02 -7.0732804e-03 -1.1348496e-02  4.7556721e-03  1.9132812e-02
  2.5423668e-02  2.6487971e-02  9.0408241e-03 -2.1900600e-02 -4.8209760e-02
 -5.4885238e-02 -4.0517639e-02 -4.0037401e-02 -5.9029918e-02 -5.3180642e-02
 -4.0685400e-02 -5.4893520e-02 -6.6696122e-02 -6.9418080e-02 -7.5281762e-02
 -7.3370159e-02 -5.4952923e-02 -2.6770717e-02  4.6412283e-04  2.5599996e-02
  4.8278522e-02  4.4150401e-02 -1.9427399e-03 -3.4673471e-02 -8.5894195e-03
  3.1058641e-02  3.2359030e-02  9.4085280e-03 -2.4922693e-04  3.4232652e-03
 -3.9393003e-03 -2.8322425e-02 -5.8204081e-02 -7.2660595e-02 -4.3754399e-02
  1.6536059e-02  5.1644161e-02  4.8143160e-02  4.5788400e-02  6.9694564e-02
  1.2066985e-01  1.6775927e-01  1.6775136e-01  1.2868200e-01  8.3117522e-02
  4.1449320e-02  2.3865157e-03 -2.6827272e-02 -2.9766096e-02 -2.1830255e-02
 -3.6950760e-02 -5.4396000e-02 -3.7972443e-02 -9.5358957e-03  6.1187758e-03
  2.3587739e-02  6.3502923e-02  1.1238516e-01  1.1452896e-01  6.1803002e-02
  1.5595129e-02 -1.2146616e-02 -6.2153637e-02 -1.2482388e-01 -1.6453151e-01
 -1.9557288e-01 -2.4099192e-01 -2.5455600e-01 -1.7033400e-01 -1.0886939e-02
  1.5846156e-01  2.7857196e-01  2.8966105e-01  2.1783708e-01  1.4374045e-01
  9.7357318e-02  7.8942239e-02  8.0710560e-02  9.6228719e-02  1.2442752e-01
  1.3867632e-01  1.0813644e-01  4.3732800e-02 -7.7160602e-03 -1.1254644e-02
  1.6780861e-02  4.0163040e-02  4.3353721e-02  2.5593661e-02 -1.2334176e-04
 -1.9188359e-02 -3.2749813e-02 -3.8355842e-02 -2.6311463e-02
