 -5.1975398e+00 -5.4058800e+00 -5.4153099e+00 -5.4373999e+00 -5.7043200e+00
 -5.9571700e+00 -5.9084902e+00 -5.9088702e+00 -6.5441599e+00 -7.7683902e+00
 -8.9287796e+00 -9.5972099e+00 -9.8522902e+00 -1.0137300e+01 -1.0796900e+01
 -1.1353200e+01 -1.1144300e+01 -1.0377800e+01 -9.6296597e+00 -9.1625299e+00
 -9.0898199e+00 -8.9105597e+00 -8.7846899e+00 -8.3932695e+00 -8.0644598e+00
 -7.9569201e+00 -8.0859003e+00 -8.4488201e+00 -8.9857998e+00 -9.3526001e+00
 -9.8131905e+00 -1.0018700e+01 -1.0586400e+01 -1.1320700e+01 -1.1933400e+01
 -1.2292700e+01 -1.2446800e+01 -1.2431000e+01 -1.2238600e+01 -1.1816900e+01
 -1.0968900e+01 -9.5283699e+00 -7.9245100e+00 -6.7268400e+00 -5.7266698e+00
 -4.7792001e+00 -4.1575599e+00 -4.0588799e+00 -4.6941800e+00 -5.7707801e+00
 -4.9560599e+00 -4.9719300e+00 -5.5006800e+00 -7.0041099e+00 -8.4336796e+00
 -8.8614902e+00 -8.3346701e+00 -7.1019101e+00 -6.1589999e+00 -6.3530698e+00
 -7.5724502e+00 -9.1988602e+00 -1.0384700e+01 -1.1177300e+01 -1.1987100e+01
 -1.1941500e+01 -1.0634700e+01 -9.5608196e+00 -9.5729904e+00 -9.9966898e+00
 -1.0192700e+01 -1.0160100e+01 -1.0122000e+01 -9.8794899e+00 -8.9622898e+00
 -7.4728298e+00 -6.0943298e+00 -5.2100701e+00 -4.6673698e+00 -4.0212998e+00
 -2.8324699e+00 -1.2551399e+00  1.2914699e-01  8.5456401e-01  2.7739799e+00
  1.0259300e+00 -1.1350800e+00 -2.8867400e+00 -3.7417800e+00 -3.6293001e+00
 -2.8346200e+00 -1.7295300e+00 -2.2396900e-01  1.8288200e+00  4.1086402e+00
  5.8486700e+00  6.3808999e+00  5.7723298e+00  3.3879700e+00  2.3234701e+00
  1.2205200e+00  3.3608600e-01  2.0077799e-01 -8.5842498e-03 -1.9876000e-01
 -5.1174402e-01 -9.2289901e-01 -1.3583900e+00 -1.9078200e+00 -2.6267099e+00
 -3.7567699e+00 -5.7544098e+00 -8.7842798e+00 -1.1365800e+01 -1.1374900e+01
 -9.1226902e+00 -5.9806099e+00 -2.7923100e+00  2.9495399e+00  5.7474098e+00
  1.9576900e+00  2.2593701e+00  2.6726301e+00  2.9547000e+00  2.6175201e+00
  1.8736399e+00  1.2782400e+00  1.1214600e+00  1.5584700e+00  2.4199700e+00
  3.4150300e+00  4.0529799e+00  3.8354800e+00  3.1530499e+00  2.6281800e+00
  2.3342199e+00  2.1852701e+00  2.1449001e+00  2.1902800e+00
 -5.1975398e+00 -5.4058800e+00 -5.4153099e+00 -5.4373999e+00 -5.7043200e+00
 -5.9571700e+00 -5.9084902e+00 -5.9088702e+00 -6.5441599e+00 -7.7683902e+00
 -8.9287796e+00 -9.5972099e+00 -9.8522902e+00 -1.0137300e+01 -1.0796900e+01
 -1.1353200e+01 -1.1144300e+01 -1.0377800e+01 -9.6296597e+00 -9.1625299e+00
 -9.0898199e+00 -8.9105597e+00 -8.7846899e+00 -8.3932695e+00 -8.0644598e+00
 -7.9569201e+00 -8.0859003e+00 -8.4488201e+00 -8.9857998e+00 -9.3526001e+00
 -9.8131905e+00 -1.0018700e+01 -1.0586400e+01 -1.1320700e+01 -1.1933400e+01
 -1.2292700e+01 -1.2446800e+01 -1.2431000e+01 -1.2238600e+01 -1.1816900e+01
 -1.0968900e+01 -9.5283699e+00 -7.9245100e+00 -6.7268400e+00 -5.7266698e+00
 -4.7792001e+00 -4.1575599e+00 -4.0588799e+00 -4.6941800e+00 -5.7707801e+00
 -6.5790501e+00 -7.1586199e+00 -7.9177499e+00 -8.6260099e+00 -8.9452696e+00
 -8.9930401e+00 -8.9103403e+00 -8.9207602e+00 -9.2077303e+00 -1.0288100e+01
 -1.2250900e+01 -1.3826600e+01 -1.4609200e+01 -1.5452700e+01 -1.6390800e+01
 -1.5712500e+01 -1.3004400e+01 -1.0954800e+01 -1.0836600e+01 -1.1484600e+01
 -1.2013000e+01 -1.2435200e+01 -1.3149700e+01 -1.3895300e+01 -1.3590800e+01
 -1.1815000e+01 -9.3334103e+00 -7.0243402e+00 -5.2133498e+00 -3.6601701e+00
 -1.8874900e+00  2.4480800e-01  2.2484701e+00  3.2799599e+00  2.7739799e+00
  1.0259300e+00 -1.1350800e+00 -2.8867400e+00 -3.7417800e+00 -3.6293001e+00
 -2.8346200e+00 -1.7295300e+00 -2.2396900e-01  1.8288200e+00  4.1086402e+00
  5.8486700e+00  6.3808999e+00  5.7723298e+00  4.5145202e+00  3.0463700e+00
  1.6792001e+00  6.8692899e-01  2.0077799e-01 -8.5842498e-03 -1.9876000e-01
 -5.1174402e-01 -9.2289901e-01 -1.3583900e+00 -1.9078200e+00 -2.6267099e+00
 -3.7567699e+00 -5.7544098e+00 -8.7842798e+00 -1.1365800e+01 -1.1374900e+01
 -9.1226902e+00 -5.9806099e+00 -2.7923100e+00  2.9495399e+00  5.7474098e+00
  1.9576900e+00  2.2593701e+00  2.6726301e+00  2.9547000e+00  2.6175201e+00
  1.8736399e+00  1.2782400e+00  1.1214600e+00  1.5584700e+00  2.4199700e+00
  3.4150300e+00  4.0529799e+00  3.8354800e+00  3.1530499e+00  2.6281800e+00
  2.3342199e+00  2.1852701e+00  2.1449001e+00  2.1902800e+00
 -7.1177301e+00 -7.1938901e+00 -7.3483300e+00 -7.6377802e+00 -8.2885904e+00
 -9.1102200e+00 -9.6307497e+00 -9.9394302e+00 -1.0572300e+01 -1.1266700e+01
 -1.1548400e+01 -1.1713600e+01 -1.2158000e+01 -1.2832500e+01 -1.3669100e+01
 -1.4458000e+01 -1.4766500e+01 -1.4232600e+01 -1.3021700e+01 -1.2010300e+01
 -1.1701300e+01 -1.1377000e+01 -1.0823200e+01 -1.0017600e+01 -9.5301199e+00
 -9.4696999e+00 -9.6286001e+00 -1.0078300e+01 -1.0880800e+01 -1.1432800e+01
 -1.1726900e+01 -1.1721000e+01 -1.2206900e+01 -1.2870900e+01 -1.3345900e+01
 -1.3639200e+01 -1.3891500e+01 -1.3970200e+01 -1.3668600e+01 -1.2976200e+01
 -1.1929800e+01 -1.0554000e+01 -9.1309204e+00 -7.9584098e+00 -6.8956399e+00
 -5.9464202e+00 -5.3319402e+00 -5.1732702e+00 -5.6183500e+00 -6.3556499e+00
 -6.8301902e+00 -7.0989099e+00 -7.4769301e+00 -7.9081302e+00 -8.1610098e+00
 -8.2460499e+00 -8.2339201e+00 -9.4658604e+00 -1.1803100e+01 -1.3007700e+01
 -1.3734900e+01 -1.4763400e+01 -1.5431000e+01 -1.6160500e+01 -1.7078300e+01
 -1.6621201e+01 -1.4273400e+01 -1.2432400e+01 -1.2445700e+01 -1.3286300e+01
 -1.3867400e+01 -1.4207200e+01 -1.4840600e+01 -1.5424900e+01 -1.4853300e+01
 -1.2738000e+01 -9.7738895e+00 -6.8014398e+00 -4.2306800e+00 -2.2319701e+00
 -6.7788100e-01  9.0132201e-01  2.5168600e+00  3.2986000e+00  2.5485699e+00
  9.1895801e-01 -5.2674901e-01 -1.4645900e+00 -1.8785599e+00 -1.6247801e+00
 -7.8986400e-01  2.5744700e-01  1.5358500e+00  3.2166901e+00  5.0332298e+00
  6.3378701e+00  6.5725398e+00  5.8192601e+00  4.5466599e+00  3.1463201e+00
  1.8865401e+00  9.7531301e-01  4.7990099e-01  1.5385699e-01 -2.1478800e-01
 -6.3939703e-01 -1.0142200e+00 -1.3370301e+00 -1.7973700e+00 -2.4943700e+00
 -3.7200000e+00 -6.1851902e+00 -1.0265800e+01 -1.3722300e+01 -1.3441100e+01
 -1.0011600e+01 -5.4964900e+00 -9.2942703e-01  2.9495399e+00  5.7474098e+00
  7.5406098e+00  8.3475504e+00  8.1142197e+00  7.0053902e+00  5.2917299e+00
  3.6770999e+00  2.8037300e+00  2.3972700e+00  2.1533699e+00  2.3759401e+00
  3.3833201e+00  4.5236001e+00  4.7088399e+00  4.0431800e+00  3.3145599e+00
  2.8486300e+00  2.6842501e+00  2.8352201e+00  3.2057400e+00
 -7.5864701e+00 -7.7618799e+00 -7.8639798e+00 -8.0049000e+00 -8.5610399e+00
 -9.3598003e+00 -9.8936996e+00 -1.0179900e+01 -1.0711000e+01 -1.1299800e+01
 -1.1610500e+01 -1.1947200e+01 -1.2609700e+01 -1.3482600e+01 -1.4474500e+01
 -1.5331700e+01 -1.5531000e+01 -1.4823100e+01 -1.3561000e+01 -1.2467100e+01
 -1.1855700e+01 -1.1054300e+01 -1.0104300e+01 -9.0275002e+00 -8.4877501e+00
 -8.5404797e+00 -8.8608398e+00 -9.5877600e+00 -1.0978400e+01 -1.2236000e+01
 -1.2779600e+01 -1.2653300e+01 -1.2697200e+01 -1.2876400e+01 -1.3105500e+01
 -1.3433200e+01 -1.3871500e+01 -1.4120900e+01 -1.3840700e+01 -1.3044500e+01
 -1.1966000e+01 -1.0829500e+01 -9.7339096e+00 -8.6295900e+00 -7.4231501e+00
 -6.3131800e+00 -5.6094999e+00 -5.4473801e+00 -5.9877400e+00 -6.8624301e+00
 -7.3766098e+00 -7.6006999e+00 -8.0652399e+00 -8.8396101e+00 -9.4692202e+00
 -9.7343197e+00 -9.7777901e+00 -9.8965902e+00 -1.0207500e+01 -1.0959800e+01
 -1.2304500e+01 -1.3482200e+01 -1.4059800e+01 -1.4616000e+01 -1.5450500e+01
 -1.5484400e+01 -1.4132000e+01 -1.2999300e+01 -1.3222500e+01 -1.3973200e+01
 -1.4210700e+01 -1.4065200e+01 -1.4068400e+01 -1.3701500e+01 -1.2071400e+01
 -9.6042404e+00 -7.2699199e+00 -5.0952001e+00 -2.7554300e+00 -6.9111103e-01
  5.1810801e-01  1.2305900e+00  2.0270500e+00  2.4641800e+00  1.7517200e+00
  4.2122701e-01 -5.4049402e-01 -1.0581000e+00 -1.2875500e+00 -1.0595000e+00
 -3.3267099e-01  7.5259602e-01  2.3169899e+00  4.2612801e+00  6.0097699e+00
  7.0080199e+00  6.9770198e+00  6.0978599e+00  4.8001399e+00  3.4219201e+00
  2.1424601e+00  1.0811300e+00  3.1688401e-01 -2.1572600e-01 -5.5432898e-01
 -7.8949898e-01 -1.0308599e+00 -1.2894100e+00 -1.6461200e+00 -2.1966100e+00
 -3.2335200e+00 -5.4514198e+00 -9.2971897e+00 -1.2441200e+01 -1.1647700e+01
 -7.6413598e+00 -2.6062801e+00  2.2966199e+00  6.3779101e+00  9.2253199e+00
  1.0875300e+01  1.1381500e+01  1.0744800e+01  9.1607800e+00  6.9135599e+00
  4.7563300e+00  3.4034300e+00  2.5274701e+00  1.7745500e+00  1.6093200e+00
  2.5227599e+00  3.8440001e+00  4.3111401e+00  3.9029000e+00  3.4010601e+00
  3.0602601e+00  2.8831601e+00  3.0799799e+00  3.7036901e+00
 -7.5955100e+00 -7.9964399e+00 -8.1430798e+00 -8.1341801e+00 -8.4743099e+00
 -9.0421000e+00 -9.3652601e+00 -9.4769697e+00 -9.8238201e+00 -1.0270200e+01
 -1.0536200e+01 -1.0854300e+01 -1.1453400e+01 -1.2242200e+01 -1.3148400e+01
 -1.3889300e+01 -1.3945400e+01 -1.3306500e+01 -1.2467700e+01 -1.1842800e+01
 -1.1489400e+01 -1.0679400e+01 -9.6951599e+00 -8.6537600e+00 -8.2842798e+00
 -8.4818201e+00 -8.7830801e+00 -9.3706903e+00 -1.0628800e+01 -1.1888400e+01
 -1.2613100e+01 -1.2505700e+01 -1.2430200e+01 -1.2407000e+01 -1.2444800e+01
 -1.2723600e+01 -1.3308900e+01 -1.3772100e+01 -1.3602600e+01 -1.2823100e+01
 -1.1790000e+01 -1.0793700e+01 -9.8436203e+00 -8.7689896e+00 -7.5458498e+00
 -6.4415598e+00 -5.7379999e+00 -5.6219902e+00 -6.3696899e+00 -7.5335302e+00
 -8.1443701e+00 -8.2637596e+00 -8.6382704e+00 -9.3731699e+00 -9.9806299e+00
 -1.0246400e+01 -1.0256300e+01 -1.0178200e+01 -1.0224600e+01 -1.0610600e+01
 -1.1438700e+01 -1.2342500e+01 -1.2835000e+01 -1.3181500e+01 -1.3810400e+01
 -1.4065400e+01 -1.3414400e+01 -1.2841700e+01 -1.3329500e+01 -1.4253500e+01
 -1.4475300e+01 -1.4096600e+01 -1.3622600e+01 -1.2452600e+01 -9.9734201e+00
 -7.0460000e+00 -4.7029300e+00 -2.7924700e+00 -8.2473600e-01  8.5965002e-01
  1.5997300e+00  1.7620100e+00  2.1660800e+00  2.4761300e+00  1.7825500e+00
  4.6010199e-01 -5.5730200e-01 -1.0913000e+00 -1.1871099e+00 -8.6135602e-01
 -3.0925000e-01  5.6714302e-01  2.2119100e+00  4.4563999e+00  6.5100398e+00
  7.6530499e+00  7.5369401e+00  6.4143300e+00  4.8476901e+00  3.2718699e+00
  1.8955899e+00  8.0303103e-01  5.4285400e-02 -3.8496700e-01 -5.2778703e-01
 -5.7647002e-01 -8.1221801e-01 -1.2461100e+00 -1.8023601e+00 -2.3788600e+00
 -3.1372001e+00 -4.8569798e+00 -8.1440096e+00 -1.0765600e+01 -9.5664101e+00
 -5.2899299e+00 -1.2390400e-01  4.5388799e+00  7.9669199e+00  1.0041400e+01
  1.0995500e+01  1.1008500e+01  1.0255800e+01  8.8153200e+00  6.6475000e+00
  4.3078098e+00  2.5917599e+00  1.5548700e+00  1.0281700e+00  1.1862800e+00
  2.2793200e+00  3.6248400e+00  4.0535102e+00  3.7293100e+00  3.4783800e+00
  3.3831100e+00  3.2971101e+00  3.4332399e+00  3.9357200e+00
 -6.2614498e+00 -7.3061299e+00 -7.8189998e+00 -7.9075899e+00 -8.3336201e+00
 -9.0371304e+00 -9.4601698e+00 -9.5727196e+00 -9.7510004e+00 -1.0050300e+01
 -1.0204400e+01 -1.0449500e+01 -1.0933300e+01 -1.1429300e+01 -1.1921600e+01
 -1.2412000e+01 -1.2518000e+01 -1.2080000e+01 -1.1361400e+01 -1.1037300e+01
 -1.0776000e+01 -1.0118100e+01 -9.3065596e+00 -8.4993095e+00 -8.5128403e+00
 -8.9982204e+00 -9.2944498e+00 -9.7519999e+00 -1.0936400e+01 -1.2139700e+01
 -1.2783300e+01 -1.2579200e+01 -1.2488900e+01 -1.2490400e+01 -1.2497000e+01
 -1.2705200e+01 -1.3254500e+01 -1.3738800e+01 -1.3643800e+01 -1.2972800e+01
 -1.2028400e+01 -1.1022300e+01 -9.9786596e+00 -8.8410702e+00 -7.5856400e+00
 -6.4335499e+00 -5.7134099e+00 -5.6372199e+00 -6.4744501e+00 -7.7622399e+00
 -8.4657402e+00 -8.6435699e+00 -9.1080999e+00 -9.9492598e+00 -1.0614700e+01
 -1.0869300e+01 -1.0754400e+01 -1.0405400e+01 -1.0210300e+01 -1.0424700e+01
 -1.0832600e+01 -1.1114400e+01 -1.1335300e+01 -1.1855000e+01 -1.2752700e+01
 -1.3236000e+01 -1.2783100e+01 -1.2397000e+01 -1.3222700e+01 -1.4527800e+01
 -1.4763700e+01 -1.3969900e+01 -1.2723700e+01 -1.0506200e+01 -7.0676599e+00
 -3.5451300e+00 -1.0252800e+00  5.4737598e-01  1.7787100e+00  2.7521300e+00
  3.0257399e+00  2.8911600e+00  3.0427101e+00  3.0520899e+00  1.9845800e+00
  2.9007700e-01 -9.3005198e-01 -1.3518600e+00 -1.0410800e+00 -4.0573999e-01
  2.6702899e-02  5.8733499e-01  1.9487400e+00  3.9196100e+00  5.8012600e+00
  7.0172701e+00  7.2257700e+00  6.4648800e+00  5.0392599e+00  3.3969600e+00
  1.9048800e+00  6.7443198e-01 -2.5187600e-01 -7.6096803e-01 -7.0254099e-01
 -4.7178701e-01 -6.8908203e-01 -1.3124300e+00 -1.9570100e+00 -2.3803999e+00
 -2.7948501e+00 -4.1188202e+00 -7.1088300e+00 -9.7231798e+00 -8.8373699e+00
 -4.8072701e+00  4.9726900e-01  5.2431202e+00  8.1973801e+00  9.6082096e+00
  1.0245600e+01  1.0260800e+01  9.6142302e+00  8.2702398e+00  6.1715498e+00
  3.8753300e+00  2.2443399e+00  1.4870400e+00  1.3848400e+00  1.7750100e+00
  2.7177100e+00  3.6604600e+00  3.6747301e+00  3.1463499e+00  2.9975300e+00
  3.2072999e+00  3.3489699e+00  3.3157101e+00  3.2362700e+00
 -4.8623099e+00 -5.9520602e+00 -6.5928302e+00 -6.9474802e+00 -7.7652998e+00
 -8.8673697e+00 -9.4214697e+00 -9.3881302e+00 -9.1401196e+00 -9.0838203e+00
 -9.0796404e+00 -9.3344803e+00 -9.8937302e+00 -1.0495000e+01 -1.1133400e+01
 -1.1865100e+01 -1.2299500e+01 -1.2032400e+01 -1.1064100e+01 -1.0323900e+01
 -9.7542496e+00 -9.2285204e+00 -8.7026501e+00 -8.1568899e+00 -8.2098198e+00
 -8.5197802e+00 -8.6564999e+00 -9.1276398e+00 -1.0462100e+01 -1.1776500e+01
 -1.2366200e+01 -1.1898400e+01 -1.1679500e+01 -1.1794000e+01 -1.1985900e+01
 -1.2181500e+01 -1.2498600e+01 -1.2815100e+01 -1.2857200e+01 -1.2579500e+01
 -1.2066600e+01 -1.1371000e+01 -1.0472900e+01 -9.3521404e+00 -8.0152903e+00
 -6.7435899e+00 -5.9774699e+00 -5.8861899e+00 -6.5686898e+00 -7.6031799e+00
 -8.2004004e+00 -8.4762602e+00 -9.2067604e+00 -1.0437300e+01 -1.1419600e+01
 -1.1744400e+01 -1.1432900e+01 -1.0656600e+01 -1.0075300e+01 -1.0112100e+01
 -1.0303000e+01 -1.0262100e+01 -1.0336000e+01 -1.0937600e+01 -1.1978800e+01
 -1.2619300e+01 -1.2296200e+01 -1.1939700e+01 -1.2704300e+01 -1.3905300e+01
 -1.3915400e+01 -1.2754100e+01 -1.1160300e+01 -8.8045101e+00 -5.3594799e+00
 -1.7555400e+00  8.2126200e-01  2.2601900e+00  3.2627800e+00  4.0738802e+00
  4.3180599e+00  4.1497002e+00  4.0572300e+00  3.7156200e+00  2.3762300e+00
  4.4735599e-01 -1.0110300e+00 -1.4940600e+00 -8.6044300e-01  2.7010500e-01
  9.4292802e-01  1.3133200e+00  2.0767100e+00  3.3605101e+00  4.9077101e+00
  6.2271399e+00  6.8439398e+00  6.5915198e+00  5.5194001e+00  3.9989300e+00
  2.5197599e+00  1.2992300e+00  3.6538899e-01 -1.8870600e-01 -1.9707200e-01
 -1.2491100e-01 -6.3692701e-01 -1.5360900e+00 -2.2696500e+00 -2.6183200e+00
 -2.8276899e+00 -3.7087801e+00 -6.1021199e+00 -8.5495796e+00 -8.2466002e+00
 -4.9638300e+00  1.0744900e-01  5.0598202e+00  8.1599503e+00  9.5546198e+00
  1.0256900e+01  1.0452200e+01  9.9922705e+00  8.7956305e+00  6.7877002e+00
  4.5404301e+00  2.9868600e+00  2.3281600e+00  2.2237799e+00  2.4896300e+00
  3.2941999e+00  4.1098399e+00  3.9750900e+00  3.3090200e+00  3.1033900e+00
  3.4112000e+00  3.7219300e+00  3.6001401e+00  3.0252099e+00
 -3.3211401e+00 -4.1947098e+00 -4.8863401e+00 -5.3634701e+00 -6.3597999e+00
 -7.6215100e+00 -8.3543196e+00 -8.4583197e+00 -8.2465897e+00 -8.1848202e+00
 -8.1469202e+00 -8.3362103e+00 -8.8643398e+00 -9.5646400e+00 -1.0430000e+01
 -1.1425400e+01 -1.2102800e+01 -1.2087200e+01 -1.1286900e+01 -1.0469600e+01
 -9.4617205e+00 -8.5502501e+00 -7.7904902e+00 -7.2032399e+00 -7.2420702e+00
 -7.3326402e+00 -7.1768699e+00 -7.4445000e+00 -8.6374702e+00 -9.9434099e+00
 -1.0654600e+01 -1.0322100e+01 -1.0232600e+01 -1.0601100e+01 -1.1120100e+01
 -1.1534900e+01 -1.1882800e+01 -1.2093900e+01 -1.1970100e+01 -1.1538100e+01
 -1.1111200e+01 -1.1016400e+01 -1.0902700e+01 -1.0126200e+01 -8.6220198e+00
 -6.9765701e+00 -5.9527202e+00 -5.7204499e+00 -6.1293302e+00 -6.8298001e+00
 -7.3397999e+00 -7.7786002e+00 -8.5993996e+00 -9.6380596e+00 -1.0343400e+01
 -1.0454100e+01 -1.0110200e+01 -9.7468796e+00 -9.6768398e+00 -9.8705902e+00
 -1.0029600e+01 -9.9796200e+00 -1.0049200e+01 -1.0557500e+01 -1.1427200e+01
 -1.2001300e+01 -1.1776700e+01 -1.1417000e+01 -1.1807100e+01 -1.2409100e+01
 -1.1941800e+01 -1.0486800e+01 -8.7606897e+00 -6.6362600e+00 -3.7676799e+00
 -7.2190601e-01  1.5456200e+00  2.8891399e+00  3.8930500e+00  4.7176499e+00
  5.0180702e+00  4.9769602e+00  4.9745998e+00  4.6019702e+00  3.1178501e+00
  9.0614498e-01 -9.2282099e-01 -1.6122800e+00 -8.3330202e-01  6.0700500e-01
  1.4708900e+00  1.8766500e+00  2.5156600e+00  3.5034001e+00  4.7330499e+00
  5.9384198e+00  6.7663999e+00  6.9392800e+00  6.2578802e+00  4.9509802e+00
  3.5480800e+00  2.3500800e+00  1.3876899e+00  6.9752902e-01  4.2243999e-01
  2.0478100e-01 -4.6300301e-01 -1.3632600e+00 -2.0359299e+00 -2.4209499e+00
 -2.8175800e+00 -3.8808501e+00 -6.3793101e+00 -9.1128397e+00 -9.4472399e+00
 -6.8582602e+00 -2.0472200e+00  3.2686300e+00  7.0717301e+00  9.0607996e+00
  1.0151500e+01  1.0555900e+01  1.0139200e+01  8.9199800e+00  6.9266200e+00
  4.7901001e+00  3.4198799e+00  2.8798699e+00  2.7406499e+00  2.9777100e+00
  3.9462600e+00  5.0859098e+00  5.2791100e+00  4.7158198e+00  4.2258000e+00
  3.9945600e+00  3.8066199e+00  3.3482599e+00  2.5466101e+00
 -2.3370099e+00 -3.2242401e+00 -4.2316499e+00 -4.9252400e+00 -5.9183998e+00
 -7.0121999e+00 -7.6662302e+00 -7.8052802e+00 -7.6667600e+00 -7.6359801e+00
 -7.6736898e+00 -7.9248600e+00 -8.4523296e+00 -9.1261196e+00 -9.9203501e+00
 -1.0789500e+01 -1.1384100e+01 -1.1560600e+01 -1.1271700e+01 -1.0903000e+01
 -9.9886303e+00 -8.8996296e+00 -7.7828598e+00 -6.5879502e+00 -5.9293699e+00
 -5.6646199e+00 -5.4659400e+00 -5.5959601e+00 -6.4416299e+00 -7.5963502e+00
 -8.4608698e+00 -8.4875603e+00 -8.6261702e+00 -9.2477198e+00 -1.0112800e+01
 -1.0863400e+01 -1.1428900e+01 -1.1683400e+01 -1.1424900e+01 -1.0788200e+01
 -1.0287700e+01 -1.0320000e+01 -1.0378600e+01 -9.7442703e+00 -8.5031204e+00
 -7.2029200e+00 -6.2854900e+00 -5.8243999e+00 -5.6609101e+00 -5.6970301e+00
 -5.9851699e+00 -6.6680899e+00 -7.9615302e+00 -9.7340498e+00 -1.1131500e+01
 -1.1612000e+01 -1.1339100e+01 -1.0574300e+01 -9.9280396e+00 -9.8265600e+00
 -9.7490101e+00 -9.4042301e+00 -9.3098602e+00 -9.7046299e+00 -1.0480800e+01
 -1.1212900e+01 -1.1308900e+01 -1.0933800e+01 -1.0616900e+01 -1.0259600e+01
 -9.3229799e+00 -7.9765902e+00 -6.6842299e+00 -5.0731602e+00 -2.5866201e+00
  1.9149899e-01  2.2273200e+00  3.4198000e+00  4.3586202e+00  5.1426702e+00
  5.4333901e+00  5.4872599e+00  5.7013602e+00  5.4894900e+00  3.9507799e+00
  1.5197099e+00 -5.4756200e-01 -1.4095600e+00 -7.9136002e-01  4.7518799e-01
  1.2763200e+00  1.8035400e+00  2.6605000e+00  3.7638299e+00  4.8768802e+00
  5.8462100e+00  6.5030198e+00  6.6557698e+00  6.0965400e+00  5.0115900e+00
  3.9171600e+00  3.0604401e+00  2.3622601e+00  1.7007500e+00  1.0977300e+00
  4.0101799e-01 -4.9803999e-01 -1.2833900e+00 -1.7158800e+00 -2.0469899e+00
 -2.6946199e+00 -4.0573401e+00 -6.6738701e+00 -9.6213999e+00 -1.0607600e+01
 -8.7935400e+00 -4.3242998e+00  1.2632999e+00  5.6618700e+00  8.0767097e+00
  9.2335196e+00  9.5864601e+00  9.2953997e+00  8.3571100e+00  6.6268201e+00
  4.7058301e+00  3.5124400e+00  3.0505500e+00  2.8721900e+00  3.0388999e+00
  3.9595799e+00  5.0624199e+00  5.2511902e+00  4.7329702e+00  4.3031402e+00
  4.0794201e+00  3.8004999e+00  3.1861000e+00  2.2336099e+00
 -2.6036999e+00 -3.3280001e+00 -4.1668601e+00 -4.7841101e+00 -5.7870002e+00
 -7.1066298e+00 -8.2216301e+00 -8.7895803e+00 -8.6877098e+00 -8.4857903e+00
 -8.3212099e+00 -8.5471497e+00 -9.0399504e+00 -9.4657602e+00 -9.8431196e+00
 -1.0237800e+01 -1.0441400e+01 -1.0554100e+01 -1.0631100e+01 -1.0800300e+01
 -1.0144600e+01 -9.1307898e+00 -7.8717198e+00 -6.4030800e+00 -5.3610201e+00
 -4.7145600e+00 -4.2373600e+00 -4.2923002e+00 -5.3100200e+00 -6.7902598e+00
 -7.9491901e+00 -8.0681496e+00 -7.9068899e+00 -8.0739698e+00 -8.7523098e+00
 -9.6962900e+00 -1.0608300e+01 -1.1051100e+01 -1.0659600e+01 -9.7032204e+00
 -9.0150299e+00 -9.1123695e+00 -9.3054199e+00 -8.8076496e+00 -7.9071598e+00
 -7.0975800e+00 -6.4239998e+00 -5.9178300e+00 -5.6040702e+00 -5.4262600e+00
 -5.5280299e+00 -6.1128502e+00 -7.3587298e+00 -9.1657801e+00 -1.0646900e+01
 -1.1197600e+01 -1.1037400e+01 -1.0421500e+01 -9.8459702e+00 -9.7104197e+00
 -9.5401897e+00 -9.0651903e+00 -8.8324003e+00 -9.0764999e+00 -9.7025700e+00
 -1.0476200e+01 -1.0831800e+01 -1.0558400e+01 -9.8905602e+00 -8.9375000e+00
 -7.6063399e+00 -6.0501699e+00 -4.5159898e+00 -2.7937500e+00 -5.2339602e-01
  1.8199800e+00  3.3624499e+00  4.0833502e+00  4.6270499e+00  5.1502399e+00
  5.4312201e+00  5.6778998e+00  6.0237799e+00  5.7747202e+00  4.1909099e+00
  1.8403100e+00 -8.3704598e-02 -9.9049503e-01 -7.7550501e-01  7.0772201e-02
  8.9400703e-01  1.7713200e+00  2.9471900e+00  4.1392002e+00  5.0603199e+00
  5.6834798e+00  5.9863901e+00  5.8731298e+00  5.2201600e+00  4.2589202e+00
  3.4958401e+00  3.0651400e+00  2.7164400e+00  2.2419500e+00  1.6748199e+00
  9.4331503e-01  3.8309101e-02 -7.0397198e-01 -1.1327200e+00 -1.6905000e+00
 -2.8422999e+00 -4.6687102e+00 -7.3112302e+00 -9.9731197e+00 -1.0938300e+01
 -9.3639803e+00 -4.9202099e+00  7.9818600e-01  5.1570902e+00  7.3647799e+00
  8.2499399e+00  8.4094696e+00  8.2013197e+00  7.6039000e+00  6.2811499e+00
  4.6786199e+00  3.6399500e+00  3.2260101e+00  3.0938699e+00  3.3078499e+00
  4.2018199e+00  5.1834302e+00  5.2341199e+00  4.6521902e+00  4.2631698e+00
  4.1003699e+00  3.7930501e+00  3.0772300e+00  2.0206101e+00
 -2.2849300e+00 -2.8715100e+00 -3.5155201e+00 -4.0334001e+00 -4.8934102e+00
 -5.9760299e+00 -6.8653598e+00 -7.3681302e+00 -7.6178598e+00 -8.0256004e+00
 -8.5699997e+00 -9.1887598e+00 -9.6955204e+00 -9.8992004e+00 -9.9420700e+00
 -9.9987698e+00 -9.8902302e+00 -9.6630802e+00 -9.4333200e+00 -9.4669905e+00
 -8.8870697e+00 -8.0129805e+00 -7.0221801e+00 -5.9256001e+00 -5.2214098e+00
 -4.7451000e+00 -4.2662101e+00 -4.2166700e+00 -5.0190001e+00 -6.1900301e+00
 -7.0715399e+00 -7.0922098e+00 -6.9406300e+00 -7.1630802e+00 -7.9117098e+00
 -8.9654198e+00 -1.0009700e+01 -1.0527900e+01 -1.0105100e+01 -9.0597095e+00
 -8.3434896e+00 -8.4137297e+00 -8.5080004e+00 -8.0005798e+00 -7.3954601e+00
 -7.0529199e+00 -6.6157899e+00 -6.0945902e+00 -5.7398701e+00 -5.4955602e+00
 -5.4703598e+00 -5.8972001e+00 -6.8813901e+00 -8.2424898e+00 -9.3131399e+00
 -9.7341003e+00 -9.7261696e+00 -9.4510603e+00 -9.1507998e+00 -9.0950499e+00
 -9.0860004e+00 -8.9144602e+00 -8.8292303e+00 -9.0032997e+00 -9.4408102e+00
 -9.9486599e+00 -1.0067000e+01 -9.6748199e+00 -8.9566097e+00 -7.8765602e+00
 -6.4194899e+00 -4.7539001e+00 -2.9766099e+00 -9.7658998e-01  1.3716800e+00
  3.5158601e+00  4.6718602e+00  4.9820299e+00  5.2043600e+00  5.5141101e+00
  5.7385402e+00  6.0377498e+00  6.3566098e+00  6.0015202e+00  4.4651198e+00
  2.3930600e+00  7.7406901e-01 -1.5288401e-01 -4.3756899e-01 -1.1249300e-01
  7.3214298e-01  2.0351801e+00  3.5718100e+00  4.8199501e+00  5.5197101e+00
  5.9085999e+00  6.1600800e+00  6.0849299e+00  5.4301000e+00  4.4563899e+00
  3.7358601e+00  3.3379600e+00  2.9482701e+00  2.4497900e+00  1.9620900e+00
  1.3938600e+00  6.6747999e-01  3.2544900e-02 -3.9594299e-01 -1.0535001e+00
 -2.3801899e+00 -4.3824301e+00 -7.1062398e+00 -9.7833595e+00 -1.0888800e+01
 -9.4120703e+00 -4.6545601e+00  1.4369600e+00  5.6730800e+00  7.4598999e+00
  7.9949598e+00  8.0271702e+00  8.0164404e+00  7.7950201e+00  6.7347798e+00
  5.1441002e+00  3.9200599e+00  3.3030400e+00  3.0888400e+00  3.3138900e+00
  4.2015400e+00  5.1485901e+00  5.2250600e+00  4.7288098e+00  4.4241600e+00
  4.3248000e+00  4.0510998e+00  3.3246601e+00  2.2180400e+00
 -2.3573799e+00 -2.6472700e+00 -3.0542901e+00 -3.5172601e+00 -4.2863698e+00
 -5.2130599e+00 -5.9560800e+00 -6.4508400e+00 -7.0450301e+00 -7.8787398e+00
 -8.6973400e+00 -9.2350798e+00 -9.4930801e+00 -9.6768103e+00 -9.9856396e+00
 -1.0261600e+01 -1.0190900e+01 -9.8833199e+00 -9.4794302e+00 -9.2778301e+00
 -8.4316702e+00 -7.3606901e+00 -6.3238802e+00 -5.2995000e+00 -4.7780199e+00
 -4.6283598e+00 -4.5070200e+00 -4.5717902e+00 -5.0314598e+00 -5.5346799e+00
 -5.9096498e+00 -5.9733000e+00 -6.4107599e+00 -7.2066798e+00 -7.9354000e+00
 -8.5307302e+00 -9.1806498e+00 -9.5552902e+00 -9.1665401e+00 -8.2735796e+00
 -7.8118200e+00 -8.1937799e+00 -8.5489502e+00 -8.1761599e+00 -7.6393900e+00
 -7.3335700e+00 -6.8523102e+00 -6.2225900e+00 -5.7221899e+00 -5.3274598e+00
 -5.2274098e+00 -5.6406498e+00 -6.4944701e+00 -7.4810200e+00 -8.1687202e+00
 -8.4628801e+00 -8.5516701e+00 -8.4683599e+00 -8.2949600e+00 -8.2639399e+00
 -8.4109802e+00 -8.5431604e+00 -8.6144896e+00 -8.7424498e+00 -9.0156403e+00
 -9.2129097e+00 -8.9750404e+00 -8.4756603e+00 -8.1419296e+00 -7.6955199e+00
 -6.5406599e+00 -4.7036800e+00 -2.5002799e+00 -1.4691401e-01  2.2242100e+00
  4.2824101e+00  5.4990902e+00  5.8424602e+00  5.8483601e+00  5.8537798e+00
  5.9783001e+00  6.4186301e+00  6.9356599e+00  6.7402601e+00  5.3841801e+00
  3.4860201e+00  1.9101200e+00  7.9217303e-01  6.6467002e-02 -3.1826001e-02
  7.1984798e-01  2.1573601e+00  3.8033700e+00  5.0576501e+00  5.6802802e+00
  6.0260201e+00  6.3925200e+00  6.5767202e+00  6.2101402e+00  5.4326100e+00
  4.7843499e+00  4.3807201e+00  3.9566200e+00  3.3786099e+00  2.7161100e+00
  1.9631300e+00  1.1929801e+00  6.5477902e-01  3.9423999e-01 -9.0155303e-02
 -1.3098000e+00 -3.3242800e+00 -6.2122898e+00 -9.1381102e+00 -1.0562300e+01
 -9.4081802e+00 -4.7314100e+00  1.4127899e+00  5.5814400e+00  7.2644100e+00
  7.7983699e+00  7.9759002e+00  8.2751799e+00  8.3572397e+00  7.3335299e+00
  5.4735298e+00  3.8626001e+00  2.9751401e+00  2.7230999e+00  3.0612900e+00
  4.0309801e+00  4.9752202e+00  5.0527902e+00  4.5800600e+00  4.2751598e+00
  4.1454301e+00  3.8298199e+00  3.0831499e+00  1.9957100e+00
 -2.5999100e+00 -2.6095200e+00 -2.8556399e+00 -3.3171000e+00 -4.1420898e+00
 -5.1315799e+00 -5.9958200e+00 -6.6674299e+00 -7.3585200e+00 -8.1470098e+00
 -8.8008404e+00 -9.2096996e+00 -9.4305496e+00 -9.6505003e+00 -9.9976902e+00
 -1.0203900e+01 -9.9413605e+00 -9.4451904e+00 -8.9701099e+00 -8.6439104e+00
 -7.6142502e+00 -6.4003100e+00 -5.3132100e+00 -4.3890800e+00 -3.9776001e+00
 -3.8879399e+00 -3.8421700e+00 -4.0121198e+00 -4.5616798e+00 -5.1153598e+00
 -5.4848900e+00 -5.5172100e+00 -5.9309602e+00 -6.7184501e+00 -7.4353499e+00
 -7.9667702e+00 -8.4862604e+00 -8.7229795e+00 -8.2569904e+00 -7.3840499e+00
 -6.9822102e+00 -7.2990198e+00 -7.4811301e+00 -7.0849800e+00 -6.7465401e+00
 -6.6856799e+00 -6.2816000e+00 -5.5496302e+00 -4.8272099e+00 -4.1354699e+00
 -3.8170400e+00 -4.1438098e+00 -4.9856801e+00 -6.0567298e+00 -6.8697300e+00
 -7.2371802e+00 -7.3959398e+00 -7.3927102e+00 -7.2319899e+00 -7.1695199e+00
 -7.3730502e+00 -7.6398602e+00 -7.7634201e+00 -7.8325701e+00 -8.0486803e+00
 -8.3700600e+00 -8.4168196e+00 -8.0329704e+00 -7.4599199e+00 -6.6286802e+00
 -5.2584300e+00 -3.4328499e+00 -1.3939800e+00  6.9769597e-01  2.8312900e+00
  4.8148298e+00  6.0996599e+00  6.4763999e+00  6.3892798e+00  6.3455300e+00
  6.6023002e+00  7.1072602e+00  7.3368602e+00  6.7587199e+00  5.3630500e+00
  3.7108600e+00  2.3640299e+00  1.3257800e+00  5.1377898e-01  2.2492801e-01
  7.8948998e-01  2.0708101e+00  3.6187201e+00  4.8677301e+00  5.5164900e+00
  5.8457499e+00  6.1468401e+00  6.2758698e+00  5.9099398e+00  5.2392902e+00
  4.8548598e+00  4.8345199e+00  4.7856302e+00  4.4437099e+00  3.8138700e+00
  2.9354200e+00  2.0021100e+00  1.3500400e+00  1.0618100e+00  6.2626803e-01
 -5.1776099e-01 -2.4907501e+00 -5.3837700e+00 -8.3360395e+00 -9.9439602e+00
 -9.1754503e+00 -4.8355598e+00  1.1059099e+00  5.1500602e+00  6.7622199e+00
  7.2311101e+00  7.4332299e+00  7.9674902e+00  8.3680296e+00  7.5014100e+00
  5.5614400e+00  3.7181101e+00  2.5686600e+00  2.1248000e+00  2.4011199e+00
  3.4168100e+00  4.4762502e+00  4.7254500e+00  4.3862801e+00  4.0946102e+00
  3.9173801e+00  3.5912900e+00  2.9191799e+00  1.9737999e+00
 -3.0191801e+00 -2.6579499e+00 -2.6565399e+00 -3.0471900e+00 -3.8148999e+00
 -4.7605901e+00 -5.6968198e+00 -6.5561900e+00 -7.4429998e+00 -8.3493099e+00
 -9.0364304e+00 -9.5154400e+00 -9.8938704e+00 -1.0166100e+01 -1.0286700e+01
 -1.0142600e+01 -9.5905600e+00 -8.8327703e+00 -8.0932999e+00 -7.4800501e+00
 -6.4155798e+00 -5.4110498e+00 -4.6061902e+00 -3.9619701e+00 -3.5966401e+00
 -3.3416200e+00 -3.2151799e+00 -3.4844501e+00 -4.2144098e+00 -4.9370298e+00
 -5.3639498e+00 -5.3293600e+00 -5.5422602e+00 -6.0372000e+00 -6.5359902e+00
 -6.9884501e+00 -7.4974098e+00 -7.7438002e+00 -7.2961202e+00 -6.4406700e+00
 -5.9056602e+00 -5.6159801e+00 -5.0186100e+00 -4.3841500e+00 -4.4000602e+00
 -4.8302798e+00 -4.6656399e+00 -3.9469099e+00 -3.3300900e+00 -2.8435400e+00
 -2.5926399e+00 -2.8088601e+00 -3.5807700e+00 -4.8406901e+00 -5.9521298e+00
 -6.4874201e+00 -6.6486101e+00 -6.4748101e+00 -6.0738602e+00 -5.8991098e+00
 -6.2355299e+00 -6.8052301e+00 -7.1183801e+00 -7.1863098e+00 -7.3132801e+00
 -7.4611902e+00 -7.3210301e+00 -6.8655000e+00 -6.3572202e+00 -5.6673398e+00
 -4.4324098e+00 -2.6978800e+00 -7.1851802e-01  1.2782500e+00  3.2197499e+00
  4.9824800e+00  6.0986700e+00  6.3727798e+00  6.2694898e+00  6.3346901e+00
  6.7996202e+00  7.3404799e+00  7.2024102e+00  6.1554899e+00  4.6162400e+00
  3.1245601e+00  2.0415001e+00  1.2936900e+00  7.5074500e-01  5.4969698e-01
  9.0949601e-01  1.8669200e+00  3.2487099e+00  4.5357099e+00  5.2856302e+00
  5.6319098e+00  5.8312602e+00  5.8534799e+00  5.4905601e+00  4.9354401e+00
  4.7388501e+00  4.9581299e+00  5.1494999e+00  4.9685302e+00  4.4172602e+00
  3.6704600e+00  3.0368099e+00  2.6876700e+00  2.4923100e+00  1.9382401e+00
  5.6943798e-01 -1.6053300e+00 -4.5095501e+00 -7.3306298e+00 -8.9804497e+00
 -8.4899597e+00 -4.5325999e+00  9.8615098e-01  4.6669102e+00  6.1016898e+00
  6.5644898e+00  6.8998199e+00  7.6704402e+00  8.2617397e+00  7.4072399e+00
  5.3697200e+00  3.4626000e+00  2.2725301e+00  1.7216700e+00  1.8392500e+00
  2.7323401e+00  3.8100300e+00  4.2616801e+00  4.1550698e+00  3.9571099e+00
  3.7846601e+00  3.4967501e+00  2.9026401e+00  2.0120499e+00
 -3.0674901e+00 -2.8048301e+00 -2.9110701e+00 -3.3549800e+00 -4.0486598e+00
 -4.7743001e+00 -5.4407501e+00 -6.0879998e+00 -7.0025001e+00 -8.1836901e+00
 -9.3358898e+00 -1.0118500e+01 -1.0456500e+01 -1.0563400e+01 -1.0678700e+01
 -1.0614000e+01 -1.0045800e+01 -9.1705999e+00 -8.2421799e+00 -7.1745801e+00
 -6.0656400e+00 -5.1252599e+00 -4.2687998e+00 -3.5804400e+00 -3.1994200e+00
 -2.9884801e+00 -2.9741399e+00 -3.3313899e+00 -4.0429902e+00 -4.6700401e+00
 -4.7358999e+00 -4.5371399e+00 -4.6157298e+00 -5.0205302e+00 -5.5096102e+00
 -5.9988298e+00 -6.5324898e+00 -6.8004198e+00 -6.4012198e+00 -5.5885201e+00
 -4.9189501e+00 -4.1488900e+00 -3.0487399e+00 -2.3410800e+00 -2.6402099e+00
 -3.3963799e+00 -3.3735499e+00 -2.6424799e+00 -2.1161499e+00 -1.9166300e+00
 -1.9437600e+00 -2.2675200e+00 -2.9691401e+00 -3.9813800e+00 -4.8810401e+00
 -5.4229898e+00 -5.6942101e+00 -5.6239200e+00 -5.2760100e+00 -5.0904298e+00
 -5.4469199e+00 -6.1028700e+00 -6.4479198e+00 -6.4632001e+00 -6.4797001e+00
 -6.3369999e+00 -5.8192301e+00 -5.2345400e+00 -4.9406700e+00 -4.6640701e+00
 -3.8079600e+00 -2.2842801e+00 -3.5155401e-01  1.6806400e+00  3.6026199e+00
  5.2855501e+00  6.3329501e+00  6.5231900e+00  6.2524600e+00  6.1109400e+00
  6.4120202e+00  6.8300700e+00  6.6249900e+00  5.6771898e+00  4.4623299e+00
  3.3335500e+00  2.3997400e+00  1.5909801e+00  9.5485902e-01  7.4201900e-01
  1.1373600e+00  2.0545900e+00  3.2923901e+00  4.4954000e+00  5.3420000e+00
  5.8231802e+00  6.0386701e+00  6.0353699e+00  5.7179298e+00  5.1932302e+00
  4.8642101e+00  4.8891401e+00  5.0287399e+00  4.9871802e+00  4.7083101e+00
  4.3106198e+00  4.0281000e+00  3.9267600e+00  3.8078699e+00  3.2189701e+00
  1.7966200e+00 -4.2438999e-01 -3.4328001e+00 -6.5453701e+00 -8.6254301e+00
 -8.4752598e+00 -4.7761998e+00  5.3431600e-01  4.1124501e+00  5.5098000e+00
  6.0297699e+00  6.6123400e+00  7.7745800e+00  8.6532602e+00  7.8048000e+00
  5.6466999e+00  3.7312701e+00  2.5775399e+00  1.9146500e+00  1.7902300e+00
  2.4287100e+00  3.3116901e+00  3.7077899e+00  3.7171400e+00  3.7184601e+00
  3.6551800e+00  3.2694600e+00  2.4912500e+00  1.5445400e+00
 -2.7890000e+00 -2.6750400e+00 -2.9772601e+00 -3.5755701e+00 -4.3375301e+00
 -5.0842099e+00 -5.7603302e+00 -6.3743701e+00 -7.1698399e+00 -8.2688398e+00
 -9.4863100e+00 -1.0377300e+01 -1.0759300e+01 -1.0768100e+01 -1.0623500e+01
 -1.0342300e+01 -9.7891798e+00 -9.0463200e+00 -8.1230898e+00 -6.9260702e+00
 -5.7273302e+00 -4.7292900e+00 -3.7385299e+00 -2.8822601e+00 -2.4331400e+00
 -2.2461801e+00 -2.2285199e+00 -2.5516100e+00 -3.2899499e+00 -3.9929900e+00
 -4.1041799e+00 -3.8282700e+00 -3.7120099e+00 -3.8476300e+00 -4.0802002e+00
 -4.4300299e+00 -5.0029802e+00 -5.4184899e+00 -5.1485801e+00 -4.4101000e+00
 -3.8745100e+00 -3.6313100e+00 -3.3362200e+00 -3.0696800e+00 -3.0922101e+00
 -3.1659100e+00 -2.6824200e+00 -1.8514400e+00 -1.4006000e+00 -1.3778501e+00
 -1.5324200e+00 -1.8546799e+00 -2.4424200e+00 -3.2195699e+00 -3.9407499e+00
 -4.5086999e+00 -4.9039302e+00 -4.9626198e+00 -4.6935902e+00 -4.4907999e+00
 -4.7359099e+00 -5.2203302e+00 -5.4064698e+00 -5.3283901e+00 -5.3295598e+00
 -5.2047100e+00 -4.7073498e+00 -4.1208200e+00 -3.6646700e+00 -3.1412101e+00
 -2.2592299e+00 -9.4759202e-01  7.1629298e-01  2.4838800e+00  4.1599898e+00
  5.6582799e+00  6.5860300e+00  6.6364999e+00  6.1169500e+00  5.6764102e+00
  5.7960000e+00  6.2843699e+00  6.4085999e+00  5.8433900e+00  4.8170800e+00
  3.5973799e+00  2.3616300e+00  1.2538100e+00  5.0678301e-01  3.5083500e-01
  8.1260300e-01  1.6802200e+00  2.7962899e+00  4.0153899e+00  5.1434698e+00
  6.0281000e+00  6.5510302e+00  6.6651702e+00  6.3153601e+00  5.7070498e+00
  5.2466402e+00  5.0528798e+00  4.9532700e+00  4.8383098e+00  4.7575402e+00
  4.6676602e+00  4.5970402e+00  4.6478901e+00  4.7577901e+00  4.4809699e+00
  3.3205600e+00  1.1760200e+00 -2.0578101e+00 -5.6822000e+00 -8.2066202e+00
 -8.2313995e+00 -4.6942101e+00  4.1927600e-01  3.9348099e+00  5.4042201e+00
  6.0457501e+00  6.7755198e+00  8.0928001e+00  9.0804100e+00  8.2498503e+00
  6.0555401e+00  4.1290898e+00  2.9790800e+00  2.2662799e+00  2.0392001e+00
  2.5582099e+00  3.3482299e+00  3.7538300e+00  3.8615201e+00  3.9262900e+00
  3.7690899e+00  3.0857699e+00  2.0043499e+00  1.0431401e+00
 -3.2119701e+00 -2.8642800e+00 -2.9600599e+00 -3.5019500e+00 -4.2633700e+00
 -4.9834900e+00 -5.5862699e+00 -6.1108899e+00 -6.7839398e+00 -7.7137899e+00
 -8.7833004e+00 -9.6988497e+00 -1.0343900e+01 -1.0612400e+01 -1.0445200e+01
 -1.0004600e+01 -9.4409504e+00 -8.8521404e+00 -8.0698404e+00 -6.9095302e+00
 -5.7043099e+00 -4.6324701e+00 -3.4056599e+00 -2.2263701e+00 -1.6133200e+00
 -1.5234100e+00 -1.6519901e+00 -2.0213399e+00 -2.7382500e+00 -3.4235001e+00
 -3.5435801e+00 -3.2193100e+00 -2.9436300e+00 -2.8129201e+00 -2.7327299e+00
 -2.8607299e+00 -3.4216700e+00 -3.9616001e+00 -3.7792399e+00 -3.0497701e+00
 -2.5846801e+00 -2.8016200e+00 -3.2627201e+00 -3.4438601e+00 -3.2930701e+00
 -2.8377299e+00 -1.9724700e+00 -1.0149400e+00 -5.1420897e-01 -4.9487799e-01
 -6.8730998e-01 -1.0289600e+00 -1.5778400e+00 -2.2418900e+00 -2.8997900e+00
 -3.5344801e+00 -4.0030899e+00 -4.0406699e+00 -3.6933899e+00 -3.4327199e+00
 -3.7050400e+00 -4.2779698e+00 -4.4757500e+00 -4.3290801e+00 -4.3040500e+00
 -4.2324100e+00 -3.8430400e+00 -3.3211401e+00 -2.7097199e+00 -1.9081900e+00
 -9.9350399e-01  2.9614700e-02  1.2761199e+00  2.6920700e+00  4.1861300e+00
  5.5695901e+00  6.3375902e+00  6.2260199e+00  5.6111002e+00  5.1820102e+00
  5.4695301e+00  6.2887902e+00  6.8325901e+00  6.5821199e+00  5.5748200e+00
  4.0861502e+00  2.4550700e+00  1.0244100e+00  7.0926502e-02 -3.1336400e-01
 -1.4647600e-01  5.8604002e-01  1.9100000e+00  3.4712200e+00  4.8154502e+00
  5.8747902e+00  6.7066202e+00  7.1691999e+00  7.0154099e+00  6.4155202e+00
  5.7386298e+00  5.1143098e+00  4.6411500e+00  4.5070801e+00  4.8144002e+00
  5.2766299e+00  5.5563002e+00  5.6334901e+00  5.6012602e+00  5.2472601e+00
  4.1627002e+00  2.0881801e+00 -1.3654799e+00 -5.5769901e+00 -8.6277599e+00
 -8.9373398e+00 -5.7420802e+00 -8.3311701e-01  2.9504600e+00  4.9039798e+00
  5.8644500e+00  6.7343998e+00  8.1145496e+00  9.1491899e+00  8.3907299e+00
  6.3032198e+00  4.4833899e+00  3.3370800e+00  2.4363999e+00  1.9209599e+00
  2.2287700e+00  3.0016000e+00  3.6344199e+00  4.0623899e+00  4.3020501e+00
  4.1328101e+00  3.3118200e+00  2.0493100e+00  9.8423898e-01
 -3.7032001e+00 -3.2261500e+00 -3.1745501e+00 -3.6110101e+00 -4.2772102e+00
 -5.0042500e+00 -5.7917500e+00 -6.5256500e+00 -7.1700301e+00 -7.8150001e+00
 -8.5439997e+00 -9.2905302e+00 -9.9906301e+00 -1.0351000e+01 -1.0118200e+01
 -9.5301304e+00 -8.9022799e+00 -8.3213396e+00 -7.5242801e+00 -6.3566098e+00
 -5.2356901e+00 -4.2755699e+00 -3.0501800e+00 -1.6923800e+00 -8.3260798e-01
 -6.5996701e-01 -9.2668903e-01 -1.4631600e+00 -2.2177999e+00 -2.8055301e+00
 -2.7943799e+00 -2.3883700e+00 -2.1005599e+00 -1.9438400e+00 -1.7347100e+00
 -1.6952400e+00 -2.1862700e+00 -2.7663300e+00 -2.6634300e+00 -2.0063801e+00
 -1.6123101e+00 -2.0289600e+00 -2.8871300e+00 -3.3657601e+00 -3.1164100e+00
 -2.2866800e+00 -1.1494200e+00 -1.2174400e-01  3.7262201e-01  4.1360399e-01
  3.6874300e-01  2.5969899e-01 -1.5247500e-01 -9.1660899e-01 -1.8209200e+00
 -2.6515000e+00 -3.1909699e+00 -3.1724701e+00 -2.7073600e+00 -2.3742099e+00
 -2.6942301e+00 -3.4089799e+00 -3.6744101e+00 -3.4949901e+00 -3.4894600e+00
 -3.6125600e+00 -3.5520401e+00 -3.2315199e+00 -2.5239999e+00 -1.5296700e+00
 -6.3032901e-01  1.8714900e-01  1.2345200e+00  2.5161400e+00  3.8818099e+00
  5.1045899e+00  5.7101598e+00  5.4859900e+00  4.8422599e+00  4.4819398e+00
  4.9315300e+00  5.9915299e+00  6.8367500e+00  6.8697400e+00  6.0375299e+00
  4.5703802e+00  2.7809601e+00  1.0920399e+00 -9.7628899e-02 -6.5575600e-01
 -5.9331697e-01  1.4931500e-01  1.5956800e+00  3.2286201e+00  4.4844599e+00
  5.4488502e+00  6.3748598e+00  7.0670700e+00  7.1111102e+00  6.6217098e+00
  5.9418702e+00  5.1868300e+00  4.5542898e+00  4.4365201e+00  5.0721102e+00
  6.0491500e+00  6.7306399e+00  6.8829899e+00  6.5570798e+00  5.6694798e+00
  4.0238600e+00  1.6023099e+00 -1.7400800e+00 -5.5646601e+00 -8.5039301e+00
 -9.1960001e+00 -6.7729602e+00 -2.5261900e+00  1.2965400e+00  3.7600200e+00
  5.1419802e+00  6.2038698e+00  7.6182098e+00  8.6649399e+00  8.0301199e+00
  6.2013502e+00  4.6738100e+00  3.6630900e+00  2.6182401e+00  1.8068399e+00
  1.9068201e+00  2.6994500e+00  3.5934300e+00  4.3270898e+00  4.6914201e+00
  4.5249701e+00  3.7300100e+00  2.5102701e+00  1.4536500e+00
 -3.7250700e+00 -3.0978501e+00 -3.0623701e+00 -3.6031899e+00 -4.3177900e+00
 -5.1284599e+00 -6.1288600e+00 -7.1085701e+00 -7.8266501e+00 -8.3034401e+00
 -8.7269297e+00 -9.2901402e+00 -1.0082900e+01 -1.0606000e+01 -1.0327100e+01
 -9.5438004e+00 -8.6996803e+00 -7.7839499e+00 -6.5700698e+00 -5.2382498e+00
 -4.3155599e+00 -3.6457200e+00 -2.5630100e+00 -1.1365300e+00 -6.1108701e-02
  2.5596499e-01 -7.5091101e-02 -7.5781399e-01 -1.6319900e+00 -2.3351300e+00
 -2.4104900e+00 -1.9825400e+00 -1.5381500e+00 -1.1471500e+00 -7.2636598e-01
 -6.0005999e-01 -1.1777300e+00 -1.9253900e+00 -1.9274100e+00 -1.2833200e+00
 -9.0266597e-01 -1.5046500e+00 -2.7785101e+00 -3.5764999e+00 -3.2645099e+00
 -2.1009400e+00 -6.9103003e-01  4.6188599e-01  1.0734700e+00  1.2939800e+00
  1.4762599e+00  1.5725100e+00  1.1778700e+00  5.5745799e-02 -1.3663300e+00
 -2.5019801e+00 -3.1191599e+00 -3.0474999e+00 -2.4686501e+00 -2.0432000e+00
 -2.2358401e+00 -2.7456801e+00 -2.8146999e+00 -2.5185599e+00 -2.5283000e+00
 -2.8803101e+00 -3.1842899e+00 -3.1274199e+00 -2.5421600e+00 -1.6429900e+00
 -8.8008600e-01 -1.6813400e-01  9.1482103e-01  2.2571199e+00  3.5158601e+00
  4.5176702e+00  4.9439502e+00  4.6149602e+00  3.9135201e+00  3.5470300e+00
  4.0491099e+00  5.2287502e+00  6.2834101e+00  6.5952902e+00  6.0534000e+00
  4.7771201e+00  2.9205899e+00  9.0181297e-01 -6.9268101e-01 -1.4732100e+00
 -1.3503100e+00 -4.5198700e-01  1.0590800e+00  2.6979699e+00  4.0065899e+00
  5.1093702e+00  6.2555299e+00  7.1943898e+00  7.4337702e+00  7.0721002e+00
  6.4496498e+00  5.6725302e+00  4.9807200e+00  4.8456502e+00  5.5293102e+00
  6.5794702e+00  7.3458900e+00  7.5470700e+00  7.1219401e+00  5.9701200e+00
  3.9868200e+00  1.3501500e+00 -1.8455499e+00 -5.3119998e+00 -8.1977100e+00
 -9.3836403e+00 -7.9375100e+00 -4.5367599e+00 -6.8541300e-01  2.3540299e+00
  4.1292100e+00  5.2981300e+00  6.7351499e+00  7.8547001e+00  7.3918400e+00
  5.8217001e+00  4.5720201e+00  3.7488201e+00  2.7500401e+00  1.9314899e+00
  2.0584300e+00  2.8938501e+00  3.8227100e+00  4.5974102e+00  5.0382500e+00
  5.0186601e+00  4.4450498e+00  3.4639399e+00  2.5738699e+00
 -3.9482999e+00 -3.2189801e+00 -3.2709000e+00 -3.9473100e+00 -4.6409702e+00
 -5.2693200e+00 -6.0774999e+00 -6.9952402e+00 -7.7713900e+00 -8.2807302e+00
 -8.5748901e+00 -9.0010700e+00 -9.8585501e+00 -1.0507600e+01 -1.0211900e+01
 -9.3423300e+00 -8.4397297e+00 -7.4152598e+00 -6.0161300e+00 -4.6053200e+00
 -3.8057899e+00 -3.2577600e+00 -2.0658700e+00 -3.4314501e-01  8.9049703e-01
  1.0430700e+00  4.3131500e-01 -3.9888299e-01 -1.2462300e+00 -1.8949900e+00
 -1.9624701e+00 -1.4683400e+00 -7.9682499e-01 -1.3366801e-01  4.8091701e-01
  7.8772801e-01  4.2628601e-01 -2.3780499e-01 -4.6739900e-01 -2.3012400e-01
 -1.4218400e-01 -8.8990998e-01 -2.3671501e+00 -3.4207001e+00 -3.3284400e+00
 -2.3073399e+00 -8.9580703e-01  4.1838101e-01  1.3664300e+00  1.9925900e+00
  2.4053700e+00  2.5244701e+00  2.0818901e+00  8.7383199e-01 -6.9498402e-01
 -1.9844199e+00 -2.7203500e+00 -2.7441499e+00 -2.2106500e+00 -1.7432300e+00
 -1.7292200e+00 -1.8929900e+00 -1.7000700e+00 -1.3238200e+00 -1.3879700e+00
 -1.8959900e+00 -2.3873301e+00 -2.4853799e+00 -2.0565600e+00 -1.3528100e+00
 -8.1051302e-01 -2.8819999e-01  6.7576098e-01  1.8818001e+00  2.9084101e+00
  3.6947300e+00  4.0652299e+00  3.8351700e+00  3.3431900e+00  3.2271500e+00
  3.8636401e+00  4.9932799e+00  5.9372401e+00  6.2322402e+00  5.7973900e+00
  4.6587601e+00  2.8580999e+00  7.6742297e-01 -1.0193700e+00 -2.0973201e+00
 -2.3595500e+00 -1.8119800e+00 -4.0683901e-01  1.4820000e+00  3.2981901e+00
  4.8990898e+00  6.3479700e+00  7.4411001e+00  7.8045602e+00  7.5527101e+00
  6.9844999e+00  6.1929698e+00  5.3910198e+00  5.0194101e+00  5.3743401e+00
  6.2463198e+00  7.2196798e+00  7.7766500e+00  7.4739799e+00  6.2331901e+00
  4.1584401e+00  1.5524499e+00 -1.3009400e+00 -4.0982399e+00 -6.5247998e+00
 -8.0854397e+00 -7.9833202e+00 -6.0622501e+00 -2.6856201e+00  7.1696103e-01
  2.7880800e+00  3.9831500e+00  5.4324298e+00  6.7119699e+00  6.5611300e+00
  5.3621702e+00  4.4356799e+00  3.8385799e+00  2.9684801e+00  2.1853800e+00
  2.2393899e+00  2.9342201e+00  3.7725599e+00  4.5738702e+00  5.1458302e+00
  5.3201199e+00  4.9583902e+00  4.1745701e+00  3.4303300e+00
 -3.6379800e+00 -2.9054301e+00 -3.0143399e+00 -3.8105600e+00 -4.6863399e+00
 -5.5201802e+00 -6.4716001e+00 -7.4464898e+00 -8.1792002e+00 -8.4929895e+00
 -8.4689198e+00 -8.6265898e+00 -9.3672199e+00 -9.9928799e+00 -9.7001200e+00
 -8.8451099e+00 -7.9539700e+00 -6.8727598e+00 -5.3398399e+00 -3.8726001e+00
 -3.1701200e+00 -2.7018499e+00 -1.3513000e+00  7.3286802e-01  2.1687500e+00
  2.1631000e+00  1.2673000e+00  2.7306601e-01 -5.6443900e-01 -1.0166500e+00
 -8.2457501e-01 -1.5988800e-01  5.4950303e-01  1.1422100e+00  1.6931900e+00
  2.2134299e+00  2.4230199e+00  2.1631300e+00  1.6018600e+00  1.0272200e+00
  5.2467501e-01 -4.2021000e-01 -2.0068600e+00 -3.3094399e+00 -3.6758101e+00
 -3.1306701e+00 -1.8322999e+00 -2.2183700e-01  1.3046499e+00  2.5226500e+00
  3.1593699e+00  3.1781800e+00  2.6882901e+00  1.7027900e+00  3.8309300e-01
 -8.9630598e-01 -1.8150600e+00 -2.1668301e+00 -1.9349900e+00 -1.5273200e+00
 -1.3139700e+00 -1.1398600e+00 -6.9124103e-01 -2.2150899e-01 -3.0136099e-01
 -9.2975402e-01 -1.6205900e+00 -1.9075201e+00 -1.6264499e+00 -1.0961800e+00
 -7.8210801e-01 -5.0218499e-01  2.4514300e-01  1.2757300e+00  2.1565001e+00
  2.8115699e+00  3.1231899e+00  3.0198500e+00  2.8311501e+00  3.0365901e+00
  3.8720801e+00  5.0287900e+00  5.9014201e+00  6.1449199e+00  5.7051802e+00
  4.6029902e+00  2.9342101e+00  1.1319600e+00 -3.2389000e-01 -1.3978601e+00
 -2.2176900e+00 -2.4607999e+00 -1.5753300e+00  2.1660700e-01  2.2283001e+00
  4.1354899e+00  5.9175401e+00  7.3547101e+00  8.0209103e+00  7.9223800e+00
  7.3165598e+00  6.4297800e+00  5.5620298e+00  5.0609398e+00  5.1760702e+00
  5.9224601e+00  7.1276698e+00  8.0648403e+00  7.9368701e+00  6.6777601e+00
  4.5583501e+00  1.9838901e+00 -5.3183800e-01 -2.5534101e+00 -4.2656798e+00
 -5.9970398e+00 -7.2772298e+00 -7.1103001e+00 -4.6001000e+00 -1.0938500e+00
  1.3308600e+00  2.7728000e+00  4.3303199e+00  5.7094402e+00  5.8023701e+00
  4.9541502e+00  4.3333201e+00  3.9376099e+00  3.1838100e+00  2.4099801e+00
  2.3419499e+00  2.9101400e+00  3.7958901e+00  4.7746801e+00  5.4858198e+00
  5.7012000e+00  5.3155198e+00  4.5301399e+00  3.8779800e+00
 -3.2972600e+00 -2.6156199e+00 -2.6623099e+00 -3.3786600e+00 -4.2980399e+00
 -5.2495399e+00 -6.2526498e+00 -7.2338700e+00 -8.0553398e+00 -8.5554600e+00
 -8.6284904e+00 -8.6296196e+00 -8.9944897e+00 -9.2813702e+00 -8.9552202e+00
 -8.2978497e+00 -7.5823398e+00 -6.5180001e+00 -4.8306599e+00 -3.1708200e+00
 -2.3634200e+00 -1.9033800e+00 -7.0940399e-01  1.1215200e+00  2.4220099e+00
  2.4842601e+00  1.6861100e+00  7.2073603e-01 -8.1712097e-02 -3.7557900e-01
  5.8635700e-02  9.2948502e-01  1.7554700e+00  2.3365200e+00  2.6254101e+00
  2.6496999e+00  2.3789501e+00  1.9171900e+00  1.4860600e+00  1.1777200e+00
  8.9064997e-01  9.3121700e-02 -1.4522901e+00 -2.8501401e+00 -3.3854401e+00
 -2.9700201e+00 -1.6798500e+00  2.6540000e-02  1.6684999e+00  2.9260700e+00
  3.4985900e+00  3.4187601e+00  2.9391699e+00  2.2016499e+00  1.1389400e+00
 -1.1868100e-01 -1.1480600e+00 -1.6891201e+00 -1.6490999e+00 -1.2739400e+00
 -9.0711999e-01 -4.9241099e-01  1.1332000e-01  5.9698099e-01  4.1991001e-01
 -4.3202201e-01 -1.4258800e+00 -1.9437600e+00 -1.7252100e+00 -1.1609401e+00
 -8.6816698e-01 -7.4937701e-01 -2.8779101e-01  5.0873601e-01  1.3450000e+00
  1.9706800e+00  2.1414199e+00  2.0065999e+00  2.0278299e+00  2.4634299e+00
  3.3764501e+00  4.5775800e+00  5.6535802e+00  6.2361498e+00  6.1129098e+00
  5.2265301e+00  3.6953499e+00  2.0882599e+00  9.2498600e-01 -6.3379303e-02
 -1.2887900e+00 -2.2313399e+00 -1.9648499e+00 -5.3714800e-01  1.3983001e+00
  3.4886301e+00  5.6478000e+00  7.5248399e+00  8.5531197e+00  8.6499300e+00
  8.0221100e+00  6.9972801e+00  6.0505700e+00  5.5306902e+00  5.5937700e+00
  6.3107700e+00  7.6178799e+00  8.7009401e+00  8.5860205e+00  7.2096500e+00
  4.9828000e+00  2.4440899e+00  3.4164101e-01 -7.9778498e-01 -1.6684500e+00
 -3.3774199e+00 -5.7621198e+00 -7.1561198e+00 -5.6791301e+00 -2.3845699e+00
  3.8746801e-01  2.2077000e+00  3.7029099e+00  4.7969699e+00  4.8608799e+00
  4.2376800e+00  3.8071301e+00  3.5558701e+00  3.0814700e+00  2.6091800e+00
  2.5896699e+00  3.0395899e+00  3.9508700e+00  5.1236100e+00  6.0027699e+00
  6.2595901e+00  5.8026199e+00  4.9537802e+00  4.3849902e+00
 -3.1458900e+00 -2.5170801e+00 -2.4646900e+00 -2.9992800e+00 -3.8545201e+00
 -4.8481202e+00 -5.8539000e+00 -6.7772698e+00 -7.5798302e+00 -8.2155199e+00
 -8.5501299e+00 -8.7212400e+00 -8.9878597e+00 -9.0024204e+00 -8.4692402e+00
 -7.7632699e+00 -7.0737500e+00 -6.0315700e+00 -4.3094101e+00 -2.5343800e+00
 -1.5740100e+00 -1.0322500e+00  1.0545900e-02  1.5069700e+00  2.6013899e+00
  2.7332699e+00  2.0908101e+00  1.2381200e+00  5.8287698e-01  4.9889699e-01
  1.0645800e+00  2.0042200e+00  2.9347501e+00  3.6150401e+00  3.8320000e+00
  3.6095099e+00  3.1172700e+00  2.5836201e+00  2.1738701e+00  1.9076800e+00
  1.6978000e+00  1.0966300e+00 -2.5313100e-01 -1.6436800e+00 -2.3241200e+00
 -2.0357900e+00 -7.6759499e-01  9.5653301e-01  2.4943299e+00  3.5195000e+00
  3.9321799e+00  3.8293500e+00  3.3484001e+00  2.5747700e+00  1.4119600e+00
  4.2338099e-02 -9.2627400e-01 -1.2095300e+00 -9.2241198e-01 -4.3643799e-01
 -7.2633699e-02  2.4615200e-01  7.1569997e-01  1.0387599e+00  6.3732201e-01
 -4.5656201e-01 -1.6301000e+00 -2.2739699e+00 -2.1042900e+00 -1.4662000e+00
 -1.0704600e+00 -1.0275800e+00 -9.6334898e-01 -6.2515301e-01  8.0433100e-02
  7.7600402e-01  9.3201399e-01  7.8040898e-01  9.2446601e-01  1.5442500e+00
  2.6162500e+00  4.0110102e+00  5.3926101e+00  6.3286200e+00  6.5046301e+00
  5.8455701e+00  4.4702802e+00  2.9094200e+00  1.6279100e+00  3.4262499e-01
 -1.3158100e+00 -2.7086101e+00 -2.8024099e+00 -1.5706100e+00  4.0929401e-01
  2.7354500e+00  5.2088499e+00  7.4686699e+00  8.9833899e+00  9.4969196e+00
  8.9585695e+00  7.8754001e+00  7.1076598e+00  6.8896499e+00  7.0015702e+00
  7.4922800e+00  8.5143499e+00  9.4073601e+00  9.2061501e+00  7.8147101e+00
  5.7030101e+00  3.4993200e+00  2.1377599e+00  2.1448700e+00  2.2741001e+00
  6.7267501e-01 -2.9889300e+00 -6.5925999e+00 -7.0662398e+00 -4.5614500e+00
 -1.2967800e+00  1.4628201e+00  3.3023300e+00  4.1506200e+00  3.9098499e+00
  3.0789399e+00  2.4875100e+00  2.2763500e+00  2.2774501e+00  2.4688799e+00
  2.7694399e+00  3.1896000e+00  4.0839701e+00  5.3094902e+00  6.1951399e+00
  6.5110202e+00  6.2945700e+00  5.6805801e+00  5.0455799e+00
 -2.9555500e+00 -2.6424401e+00 -2.7317500e+00 -3.1134901e+00 -3.7127800e+00
 -4.5321102e+00 -5.5213900e+00 -6.4978299e+00 -7.2901301e+00 -7.9809299e+00
 -8.5735302e+00 -8.9751196e+00 -9.1389303e+00 -8.8231401e+00 -8.0732803e+00
 -7.3304601e+00 -6.6260200e+00 -5.5456100e+00 -3.7575300e+00 -1.8274400e+00
 -6.1996001e-01  1.5351900e-01  1.2866900e+00  2.7148700e+00  3.6452100e+00
  3.6387300e+00  2.9554000e+00  2.1486299e+00  1.6380700e+00  1.6919200e+00
  2.1978500e+00  2.9757900e+00  3.8491900e+00  4.5832801e+00  4.8649998e+00
  4.7277899e+00  4.3830400e+00  3.9260099e+00  3.3710699e+00  2.8486099e+00
  2.5517600e+00  2.3207600e+00  1.5096500e+00  2.9657000e-01 -6.1710697e-01
 -6.8032801e-01  3.8187701e-01  2.0493300e+00  3.4874201e+00  4.3476400e+00
  4.6669502e+00  4.5591102e+00  4.0921202e+00  3.3552101e+00  2.1846800e+00
  7.4392200e-01 -1.8417200e-01 -3.0104500e-01  1.2142200e-01  6.5808803e-01
  9.0072799e-01  8.8715798e-01  1.0296299e+00  1.1187400e+00  5.2250600e-01
 -5.3226298e-01 -1.3988500e+00 -1.9076999e+00 -2.0477400e+00 -1.8930800e+00
 -1.7311000e+00 -1.7090300e+00 -1.7787000e+00 -1.6494600e+00 -1.0019400e+00
 -2.5622299e-01 -7.5457998e-02 -1.4502500e-01  2.2693200e-01  1.1326400e+00
  2.4545600e+00  4.0452600e+00  5.6041198e+00  6.7402000e+00  7.1548200e+00
  6.7464700e+00  5.5206800e+00  3.8129799e+00  2.0109799e+00  1.1956100e-01
 -1.8734300e+00 -3.2980900e+00 -3.3182099e+00 -2.0360601e+00  1.5568000e-02
  2.4663999e+00  5.0799098e+00  7.5294800e+00  9.3752298e+00  1.0249200e+01
  9.8894100e+00  8.9731798e+00  8.6078796e+00  8.7468100e+00  8.7805204e+00
  8.8519001e+00  9.4466105e+00  1.0097600e+01  9.8595304e+00  8.6347198e+00
  6.9469199e+00  5.3791499e+00  4.7933302e+00  5.5581799e+00  6.1116199e+00
  4.2667198e+00 -9.1028601e-01 -7.2093701e+00 -1.0106400e+01 -8.3927402e+00
 -4.1072402e+00  3.5027701e-01  3.1421700e+00  4.0378098e+00  3.5207400e+00
  2.4076400e+00  1.6229300e+00  1.3954700e+00  1.6428400e+00  2.1512799e+00
  2.5544701e+00  3.0531001e+00  4.3244100e+00  5.9509201e+00  6.8566198e+00
  7.0328498e+00  6.9137802e+00  6.4521999e+00  5.5951800e+00
 -3.0500400e+00 -2.8491199e+00 -2.8488400e+00 -2.9773600e+00 -3.3863001e+00
 -4.2049699e+00 -5.3333602e+00 -6.4355102e+00 -7.2027202e+00 -7.7886801e+00
 -8.3616505e+00 -8.7665796e+00 -8.7774601e+00 -8.3046303e+00 -7.6461501e+00
 -7.0965400e+00 -6.4300399e+00 -5.2346702e+00 -3.2573700e+00 -1.0501699e+00
  5.0024199e-01  1.4849800e+00  2.5173600e+00  3.6602700e+00  4.4759998e+00
  4.6380401e+00  4.1603098e+00  3.4698999e+00  3.0644400e+00  3.0873899e+00
  3.3264699e+00  3.8292899e+00  4.6713500e+00  5.5194101e+00  5.8730998e+00
  5.8209801e+00  5.6838698e+00  5.3917999e+00  4.7534399e+00  3.9939201e+00
  3.5954700e+00  3.6863599e+00  3.3829501e+00  2.3501799e+00  1.1604600e+00
  6.1174899e-01  1.3292100e+00  2.8783200e+00  4.2687802e+00  5.0862598e+00
  5.3571401e+00  5.1806402e+00  4.6756701e+00  4.0256600e+00  2.9495499e+00
  1.4986500e+00  5.9793103e-01  5.7182300e-01  1.0529500e+00  1.6288600e+00
  1.8673199e+00  1.7406501e+00  1.6933700e+00  1.5602000e+00  7.5095999e-01
 -3.1416199e-01 -9.5560598e-01 -1.4067800e+00 -1.9975200e+00 -2.5405600e+00
 -2.7420199e+00 -2.6971200e+00 -2.7186601e+00 -2.6510899e+00 -2.1149700e+00
 -1.4485600e+00 -1.2604001e+00 -1.1975000e+00 -5.8718002e-01  6.1050200e-01
  2.2446899e+00  4.1005201e+00  5.8584499e+00  7.1851301e+00  7.8154702e+00
  7.6264000e+00  6.5206099e+00  4.6716800e+00  2.4431000e+00  1.1461700e-01
 -2.0654199e+00 -3.4992001e+00 -3.5464499e+00 -2.3027799e+00 -1.5801799e-01
  2.4993401e+00  5.2748899e+00  7.7649899e+00  9.6429596e+00  1.0670300e+01
  1.0581100e+01  1.0027200e+01  1.0013400e+01  1.0311500e+01  1.0259500e+01
  1.0092700e+01  1.0399500e+01  1.0828700e+01  1.0554100e+01  9.6200504e+00
  8.6564102e+00  7.9612298e+00  7.8695798e+00  8.4534702e+00  8.3591499e+00
  5.6448798e+00 -8.6460900e-01 -8.7237701e+00 -1.2815100e+01 -1.1615100e+01
 -6.8861599e+00 -1.3756500e+00  2.2871699e+00  3.5611501e+00  3.0257399e+00
  1.7198400e+00  7.7859098e-01  5.1272500e-01  8.5404801e-01  1.4970400e+00
  1.9624701e+00  2.6275401e+00  4.3837600e+00  6.5383601e+00  7.6190500e+00
  7.7169800e+00  7.5392499e+00  6.9492002e+00  5.6847901e+00
 -3.5010200e+00 -3.0322599e+00 -2.7000999e+00 -2.5820100e+00 -2.9006400e+00
 -3.8246601e+00 -5.1606598e+00 -6.3842702e+00 -7.0691500e+00 -7.3885999e+00
 -7.6908898e+00 -7.9540601e+00 -7.9268398e+00 -7.6132898e+00 -7.3136702e+00
 -7.0350199e+00 -6.3788099e+00 -5.0587001e+00 -2.9928401e+00 -6.7277700e-01
  1.1191700e+00  2.3096099e+00  3.3982000e+00  4.5941200e+00  5.6100602e+00
  6.0457501e+00  5.7290001e+00  5.0631399e+00  4.6288099e+00  4.5211902e+00
  4.5256701e+00  4.8261299e+00  5.6093402e+00  6.4607201e+00  6.7656002e+00
  6.6783900e+00  6.6548700e+00  6.5638399e+00  6.0499301e+00  5.3032899e+00
  4.9324799e+00  5.2508202e+00  5.3374300e+00  4.4684401e+00  2.9949200e+00
  1.9087100e+00  2.2177200e+00  3.6116600e+00  5.0117202e+00  5.9062700e+00
  6.1823802e+00  5.9061098e+00  5.2397799e+00  4.3770399e+00  3.1143899e+00
  1.6115201e+00  8.1700897e-01  1.0208200e+00  1.7370501e+00  2.4476800e+00
  2.7733700e+00  2.6904600e+00  2.5425000e+00  2.2128699e+00  1.2248400e+00
 -4.7729298e-02 -9.6464700e-01 -1.6714000e+00 -2.4469299e+00 -3.1045001e+00
 -3.3765099e+00 -3.4613099e+00 -3.7677300e+00 -4.0374498e+00 -3.7014501e+00
 -3.0634601e+00 -2.7884300e+00 -2.6070800e+00 -1.9269100e+00 -6.4159602e-01
  1.2202300e+00  3.4245601e+00  5.6074500e+00  7.4166002e+00  8.5239801e+00
  8.7140102e+00  7.7751698e+00  5.8874998e+00  3.5652699e+00  1.1572300e+00
 -1.1811700e+00 -2.9627600e+00 -3.5139101e+00 -2.6511900e+00 -5.0099498e-01
  2.4998600e+00  5.7545099e+00  8.5798101e+00  1.0488100e+01  1.1387600e+01
  1.1204400e+01  1.0676000e+01  1.0775100e+01  1.1181700e+01  1.1214300e+01
  1.1088900e+01  1.1330500e+01  1.1644900e+01  1.1355500e+01  1.0757900e+01
  1.0733900e+01  1.1103200e+01  1.1296900e+01  1.1127200e+01  9.7092800e+00
  5.6285100e+00 -2.0473001e+00 -1.0560500e+01 -1.4958500e+01 -1.4209200e+01
 -9.8974400e+00 -4.2586198e+00  2.4970500e-01  2.5778899e+00  2.6632800e+00
  1.4918600e+00  4.6860501e-01  4.7981899e-02  1.8915901e-01  6.8343598e-01
  1.1875800e+00  2.0961001e+00  4.1755800e+00  6.6006899e+00  7.8470998e+00
  8.0257902e+00  7.8822498e+00  7.2777700e+00  5.9345598e+00
 -4.1721301e+00 -3.4791300e+00 -3.0246201e+00 -2.8419399e+00 -2.9082100e+00
 -3.4336801e+00 -4.4869699e+00 -5.5893402e+00 -6.1129498e+00 -6.1084599e+00
 -6.0463099e+00 -6.0666199e+00 -5.9726400e+00 -5.9177098e+00 -6.1376500e+00
 -6.1622701e+00 -5.3508000e+00 -3.8183899e+00 -1.9707400e+00 -5.9820902e-02
  1.6396300e+00  2.9736800e+00  4.1957102e+00  5.6073098e+00  7.0275102e+00
  7.8363299e+00  7.6395302e+00  6.9202299e+00  6.3881502e+00  6.1761699e+00
  6.0000601e+00  6.1483002e+00  6.8614502e+00  7.6404500e+00  7.7810998e+00
  7.5187898e+00  7.4978900e+00  7.6210699e+00  7.3700099e+00  6.7635798e+00
  6.3316598e+00  6.4906301e+00  6.4751601e+00  5.6135998e+00  4.1197000e+00
  2.9350801e+00  3.0946500e+00  4.3320098e+00  5.6256199e+00  6.4275799e+00
  6.5768900e+00  6.1785998e+00  5.4555802e+00  4.6818199e+00  3.6436999e+00
  2.3439901e+00  1.6233900e+00  1.7780300e+00  2.4406099e+00  3.1777301e+00
  3.5332799e+00  3.3750501e+00  2.9992399e+00  2.4247000e+00  1.3471900e+00
  2.7947400e-02 -1.0703800e+00 -2.0136800e+00 -2.9431400e+00 -3.7002599e+00
 -4.1240401e+00 -4.4445300e+00 -5.0325599e+00 -5.5982499e+00 -5.5626502e+00
 -5.1528702e+00 -4.9211102e+00 -4.6480999e+00 -3.8702400e+00 -2.4410400e+00
 -2.2110100e-01  2.5662301e+00  5.4068499e+00  7.8036699e+00  9.3496799e+00
  9.8538799e+00  9.1232300e+00  7.3319101e+00  5.0201001e+00  2.4945400e+00
 -1.5323600e-01 -2.3570700e+00 -3.3222899e+00 -2.7862000e+00 -8.1053001e-01
  2.3325100e+00  6.2519898e+00  9.9419098e+00  1.2307800e+01  1.3145900e+01
  1.2593100e+01  1.1650500e+01  1.1542400e+01  1.1987100e+01  1.2184700e+01
  1.2140400e+01  1.2201500e+01  1.2222900e+01  1.1816200e+01  1.1664900e+01
  1.3049400e+01  1.5014900e+01  1.5602300e+01  1.4451300e+01  1.1372900e+01
  5.7260098e+00 -2.8273900e+00 -1.1495900e+01 -1.5854900e+01 -1.5438400e+01
 -1.1929600e+01 -6.9457102e+00 -2.2083600e+00  1.0512700e+00  2.1044700e+00
  1.5934800e+00  8.4518403e-01  3.6539999e-01  2.0044300e-01  3.7304601e-01
  8.4976500e-01  1.8871400e+00  3.8505299e+00  6.0567899e+00  7.3835101e+00
  7.8332701e+00  7.8557701e+00  7.3691902e+00  6.2586899e+00
 -4.8577600e+00 -4.1662302e+00 -3.8840101e+00 -3.7631500e+00 -3.3907599e+00
 -3.1012101e+00 -3.5251601e+00 -4.3483500e+00 -4.6759901e+00 -4.4446802e+00
 -4.2203999e+00 -4.1098299e+00 -3.8195701e+00 -3.5854299e+00 -3.7445900e+00
 -3.6053100e+00 -2.2967401e+00 -4.3172699e-01  8.9813298e-01  1.8645200e+00
  3.0606599e+00  4.3511801e+00  5.5464902e+00  6.8996000e+00  8.3896198e+00
  9.3390303e+00  9.2306099e+00  8.5950699e+00  8.2029600e+00  8.0551300e+00
  7.8162599e+00  7.8879299e+00  8.6590204e+00  9.4996700e+00  9.4760504e+00
  8.8863697e+00  8.6459398e+00  8.7844400e+00  8.6828499e+00  8.1890602e+00
  7.6633301e+00  7.5132899e+00  7.1772199e+00  6.2657499e+00  4.9769702e+00
  4.0377698e+00  4.2271199e+00  5.2722101e+00  6.2886000e+00  6.7549801e+00
  6.6055698e+00  6.0424900e+00  5.3167300e+00  4.7902799e+00  4.1697302e+00
  3.1779201e+00  2.5101600e+00  2.4854600e+00  2.9524000e+00  3.6566801e+00
  3.9895799e+00  3.6596799e+00  2.9913800e+00  2.1786499e+00  1.0921800e+00
 -1.5306599e-01 -1.3654500e+00 -2.5546601e+00 -3.6848600e+00 -4.6204500e+00
 -5.2717099e+00 -5.8305302e+00 -6.6404200e+00 -7.5777898e+00 -8.1900301e+00
 -8.4044399e+00 -8.3691502e+00 -7.8881202e+00 -6.7368898e+00 -4.7705002e+00
 -1.7046601e+00  2.1153100e+00  5.8746800e+00  8.8536701e+00  1.0530100e+01
  1.0833700e+01  9.8405895e+00  7.9346099e+00  5.7148299e+00  3.2938499e+00
  5.3700799e-01 -1.9229100e+00 -3.1640699e+00 -2.9388101e+00 -1.3139800e+00
  1.7157201e+00  6.1666698e+00  1.0810100e+01  1.3908200e+01  1.5004800e+01
  1.4309800e+01  1.3031100e+01  1.2646500e+01  1.2959200e+01  1.3105500e+01
  1.2952900e+01  1.2760400e+01  1.2507000e+01  1.2072400e+01  1.2582700e+01
  1.5811100e+01  1.9842899e+01  2.1002701e+01  1.8755600e+01  1.3850900e+01
  6.6687899e+00 -2.3584001e+00 -1.0749600e+01 -1.5020900e+01 -1.5105000e+01
 -1.2653500e+01 -8.8432102e+00 -4.6711102e+00 -1.1470701e+00  7.0128399e-01
  1.1118701e+00  1.0013300e+00  7.5888401e-01  5.4056603e-01  6.1471403e-01
  1.1997499e+00  2.2846000e+00  3.7920101e+00  5.4107499e+00  6.6760302e+00
  7.4056902e+00  7.5367198e+00  7.0779500e+00  6.2673702e+00
 -5.3534398e+00 -4.6610198e+00 -4.5215602e+00 -4.4493198e+00 -3.7317801e+00
 -2.7826600e+00 -2.6325200e+00 -3.1248801e+00 -3.2452900e+00 -2.8942201e+00
 -2.6659300e+00 -2.5548401e+00 -2.1262801e+00 -1.5894901e+00 -1.3988100e+00
 -9.2135698e-01  7.9998302e-01  2.9079700e+00  3.8858700e+00  4.1633701e+00
  4.9366498e+00  6.1187201e+00  7.1633201e+00  8.2013102e+00  9.3637600e+00
  1.0145700e+01  1.0096200e+01  9.6654596e+00  9.5070200e+00  9.5377998e+00
  9.4922800e+00  9.7663298e+00  1.0815600e+01  1.1883000e+01  1.1782800e+01
  1.0822900e+01  1.0133900e+01  9.9578800e+00  9.7906399e+00  9.3772697e+00
  8.8184700e+00  8.4017801e+00  7.7994099e+00  6.8697600e+00  5.7310700e+00
  4.9148302e+00  5.0505600e+00  5.9108901e+00  6.7852502e+00  7.1636100e+00
  6.8979301e+00  6.2013402e+00  5.3896799e+00  4.8849502e+00  4.4257002e+00
  3.6414299e+00  3.0771799e+00  3.0275500e+00  3.4607899e+00  4.1906099e+00
  4.5502701e+00  4.1776299e+00  3.3405199e+00  2.3388100e+00  1.2142000e+00
 -1.0004200e-01 -1.6335500e+00 -3.1882601e+00 -4.5359001e+00 -5.6388502e+00
 -6.5090899e+00 -7.3229499e+00 -8.4102497e+00 -9.7499199e+00 -1.0917000e+01
 -1.1531200e+01 -1.1407800e+01 -1.0521100e+01 -8.9924603e+00 -6.5918598e+00
 -2.8054900e+00  1.9267900e+00  6.5556102e+00  1.0108500e+01  1.1833300e+01
  1.1780600e+01  1.0423600e+01  8.4750795e+00  6.6303802e+00  4.6819501e+00
  2.0658400e+00 -6.3845497e-01 -2.3774600e+00 -2.7951500e+00 -1.8240800e+00
  8.5072601e-01  5.6108999e+00  1.1048000e+01  1.4893100e+01  1.6454100e+01
  1.5895600e+01  1.4383300e+01  1.3497400e+01  1.3370700e+01  1.3445000e+01
  1.3475100e+01  1.3349000e+01  1.2888000e+01  1.2590300e+01  1.3861800e+01
  1.8811701e+01  2.4741100e+01  2.6650101e+01  2.3807199e+01  1.7493200e+01
  8.8871098e+00 -7.3010099e-01 -9.0449400e+00 -1.3332600e+01 -1.3790400e+01
 -1.2047600e+01 -9.1567001e+00 -5.7820101e+00 -2.5135500e+00 -4.7425401e-01
  4.0880501e-01  8.1739002e-01  9.6014100e-01  8.6333901e-01  8.6523199e-01
  1.4032201e+00  2.4041200e+00  3.5955400e+00  4.8865399e+00  6.1421499e+00
  7.0211701e+00  7.1646600e+00  6.7031898e+00  6.1452599e+00
 -5.2361102e+00 -4.5364399e+00 -4.3193598e+00 -4.1280198e+00 -3.2957001e+00
 -2.1664901e+00 -1.7207700e+00 -1.9089200e+00 -1.8388400e+00 -1.3926899e+00
 -1.0920900e+00 -9.1663897e-01 -4.5155799e-01  1.1628200e-01  3.4816501e-01
  8.3811301e-01  2.5212500e+00  4.5668502e+00  5.4385300e+00  5.5538702e+00
  6.1973100e+00  7.3352699e+00  8.3309402e+00  9.1832895e+00  1.0037900e+01
  1.0600000e+01  1.0604100e+01  1.0378300e+01  1.0354900e+01  1.0499700e+01
  1.0699600e+01  1.1262500e+01  1.2493800e+01  1.3637400e+01  1.3541400e+01
  1.2464800e+01  1.1462800e+01  1.0894400e+01  1.0531800e+01  1.0119600e+01
  9.4777803e+00  8.7804804e+00  8.0214996e+00  7.1963201e+00  6.2201300e+00
  5.4556098e+00  5.4862599e+00  6.1415300e+00  6.8628602e+00  7.2507801e+00
  7.1092100e+00  6.5374198e+00  5.7519202e+00  5.0741701e+00  4.4442401e+00
  3.7368300e+00  3.3532300e+00  3.4682801e+00  4.0389600e+00  4.8245802e+00
  5.3087101e+00  5.2306900e+00  4.5891600e+00  3.5744500e+00  2.3723900e+00
  8.2406503e-01 -1.1217099e+00 -3.0006800e+00 -4.5594902e+00 -5.8902602e+00
 -6.9824400e+00 -7.9867001e+00 -9.2306995e+00 -1.0674000e+01 -1.1876500e+01
 -1.2426200e+01 -1.2079700e+01 -1.0862700e+01 -9.0095901e+00 -6.3149600e+00
 -2.3159299e+00  2.4953001e+00  7.1713800e+00  1.0778900e+01  1.2431000e+01
  1.2238100e+01  1.0920200e+01  9.2921801e+00  7.9911199e+00  6.5423498e+00
  4.0676398e+00  1.1467700e+00 -9.8056298e-01 -1.9028500e+00 -1.5550600e+00
  6.2555099e-01  5.3867798e+00  1.1273100e+01  1.5641700e+01  1.7593300e+01
  1.7214300e+01  1.5567500e+01  1.4296000e+01  1.3829100e+01  1.3886600e+01
  1.4124200e+01  1.4037200e+01  1.3530200e+01  1.3558400e+01  1.5751500e+01
  2.2164400e+01  2.9654499e+01  3.2587799e+01  2.9834400e+01  2.2529600e+01
  1.2528400e+01  2.1235299e+00 -6.4122400e+00 -1.0947300e+01 -1.1836200e+01
 -1.0603000e+01 -8.1411200e+00 -4.9706898e+00 -1.8888299e+00 -9.8778397e-02
  5.6144899e-01  1.0140500e+00  1.4128600e+00  1.4424200e+00  1.3579600e+00
  1.7740099e+00  2.6051600e+00  3.4233401e+00  4.2659798e+00  5.2713599e+00
  6.1069198e+00  6.3191700e+00  6.0575900e+00  5.8184700e+00
 -4.2081399e+00 -3.6105101e+00 -3.1593699e+00 -2.6770501e+00 -1.8985300e+00
 -9.8747098e-01 -5.1592201e-01 -4.8209599e-01 -2.6651400e-01  2.7844301e-01
  7.4963599e-01  1.0405200e+00  1.3965501e+00  1.7130001e+00  1.7615900e+00
  2.0865700e+00  3.4089701e+00  5.0729299e+00  5.8622098e+00  6.0545602e+00
  6.6492500e+00  7.6777501e+00  8.6705599e+00  9.5098801e+00  1.0202100e+01
  1.0624200e+01  1.0735900e+01  1.0740300e+01  1.0800300e+01  1.0982300e+01
  1.1341500e+01  1.2090300e+01  1.3252100e+01  1.4210100e+01  1.4138800e+01
  1.3216400e+01  1.2183600e+01  1.1404400e+01  1.0924800e+01  1.0493500e+01
  9.7050505e+00  8.7315998e+00  7.9558101e+00  7.3715000e+00  6.6012902e+00
  5.9140701e+00  5.9141302e+00  6.4024801e+00  6.8170199e+00  6.9983101e+00
  7.0231400e+00  6.8604102e+00  6.3962102e+00  5.7588100e+00  5.0946298e+00
  4.5392699e+00  4.3544998e+00  4.5965900e+00  5.2289500e+00  5.9834499e+00
  6.4900799e+00  6.6470098e+00  6.3001800e+00  5.4526801e+00  4.2701402e+00
  2.5882199e+00  4.8547700e-01 -1.4196900e+00 -2.9636700e+00 -4.3440499e+00
 -5.4987402e+00 -6.5033002e+00 -7.6083398e+00 -8.7227898e+00 -9.4947701e+00
 -9.7126398e+00 -9.2280302e+00 -7.9619002e+00 -6.0359001e+00 -3.3716300e+00
  2.5839499e-01  4.4062700e+00  8.4092598e+00  1.1494800e+01  1.2718600e+01
  1.2217100e+01  1.0861800e+01  9.4277697e+00  8.4280996e+00  7.3654599e+00
  5.3345599e+00  2.8479900e+00  1.1202500e+00  4.0275601e-01  5.1247901e-01
  2.0971999e+00  6.2315402e+00  1.1770400e+01  1.6170401e+01  1.8334000e+01
  1.8115499e+01  1.6552500e+01  1.5443200e+01  1.5139600e+01  1.5070500e+01
  1.4944800e+01  1.4559900e+01  1.4196000e+01  1.4928000e+01  1.8157600e+01
  2.5396299e+01  3.3619900e+01  3.7630100e+01  3.5671600e+01  2.7847300e+01
  1.6660801e+01  5.7606802e+00 -2.6763101e+00 -7.3414402e+00 -8.7521296e+00
 -8.1641102e+00 -6.2035599e+00 -3.2736599e+00 -3.9903200e-01  1.2118800e+00
  1.6839100e+00  1.9697000e+00  2.2338600e+00  2.0858099e+00  1.8385201e+00
  2.2208500e+00  2.9626601e+00  3.3047199e+00  3.4188099e+00  3.9077401e+00
  4.6032400e+00  4.9766402e+00  5.0626101e+00  5.1698599e+00
 -2.4173999e+00 -1.8984600e+00 -1.3255301e+00 -7.5617898e-01 -2.3966900e-01
  2.8267199e-01  6.9843400e-01  9.2197502e-01  1.1861500e+00  1.6561900e+00
  2.1271701e+00  2.4284999e+00  2.6770899e+00  2.8801401e+00  2.9530399e+00
  3.2326901e+00  4.1566601e+00  5.3053598e+00  5.9085398e+00  6.1564202e+00
  6.6871300e+00  7.5505500e+00  8.4894400e+00  9.3214798e+00  9.9261999e+00
  1.0316700e+01  1.0592700e+01  1.0793300e+01  1.0839000e+01  1.0884000e+01
  1.1219100e+01  1.1976500e+01  1.2903100e+01  1.3556100e+01  1.3505300e+01
  1.2828400e+01  1.1903000e+01  1.1102400e+01  1.0704400e+01  1.0401900e+01
  9.6036501e+00  8.4607296e+00  7.7354999e+00  7.3945198e+00  6.8126202e+00
  6.2587900e+00  6.4053998e+00  6.9264002e+00  7.0984702e+00  6.9781599e+00
  7.0340600e+00  7.1741900e+00  6.9958100e+00  6.6184702e+00  6.3272400e+00
  6.1566701e+00  6.1963301e+00  6.6029501e+00  7.3896699e+00  8.1507301e+00
  8.4699697e+00  8.4069700e+00  8.0692902e+00  7.4332800e+00  6.4456000e+00
  4.9921999e+00  3.2754500e+00  1.7886600e+00  6.1055899e-01 -4.2723200e-01
 -1.2964000e+00 -2.0185001e+00 -2.7055299e+00 -3.3279901e+00 -3.7605600e+00
 -3.8491499e+00 -3.3595800e+00 -2.1990600e+00 -5.4207999e-01  1.5481000e+00
  4.1973901e+00  7.2243400e+00  1.0336700e+01  1.2808400e+01  1.3582800e+01
  1.2840400e+01  1.1531400e+01  1.0130300e+01  8.8384600e+00  7.5926600e+00
  6.1263700e+00  4.7097001e+00  3.9241199e+00  3.7837100e+00  4.0562901e+00
  5.2591901e+00  8.3300304e+00  1.2526700e+01  1.5983300e+01  1.7818199e+01
  1.7819000e+01  1.6824400e+01  1.6334801e+01  1.6391600e+01  1.6150101e+01
  1.5583400e+01  1.5117100e+01  1.5263900e+01  1.6754299e+01  2.0463499e+01
  2.7356199e+01  3.5204102e+01  4.0230701e+01  4.0086700e+01  3.3106300e+01
  2.1743000e+01  1.0631800e+01  2.0005300e+00 -3.2184200e+00 -5.4008298e+00
 -5.5455599e+00 -4.2636099e+00 -2.0193801e+00  3.2926399e-01  1.8637400e+00
  2.5434401e+00  2.9210601e+00  3.1088300e+00  2.8800399e+00  2.5535200e+00
  2.7467401e+00  3.1989200e+00  3.2085600e+00  2.9281800e+00  2.9822199e+00
  3.3758800e+00  3.7768199e+00  4.1281099e+00  4.4347200e+00
  3.0803499e-01  6.0647601e-01  9.8804200e-01  1.3582000e+00  1.5581100e+00
  1.7664200e+00  2.1526301e+00  2.5035901e+00  2.6654100e+00  2.7823601e+00
  2.9295700e+00  3.0906100e+00  3.3696799e+00  3.7397001e+00  3.9898901e+00
  4.2104902e+00  4.7335200e+00  5.4098101e+00  5.8330498e+00  6.1156301e+00
  6.5746999e+00  7.2673202e+00  8.1639404e+00  9.0810003e+00  9.7274599e+00
  1.0086800e+01  1.0342200e+01  1.0544900e+01  1.0573700e+01  1.0514300e+01
  1.0731900e+01  1.1295100e+01  1.1937700e+01  1.2394900e+01  1.2452400e+01
  1.2042200e+01  1.1251300e+01  1.0487600e+01  1.0221200e+01  1.0103600e+01
  9.3795500e+00  8.2578897e+00  7.6410999e+00  7.4771199e+00  7.0033798e+00
  6.5110698e+00  6.7903500e+00  7.4126201e+00  7.4386001e+00  7.0616298e+00
  7.0791898e+00  7.3697200e+00  7.3167200e+00  7.1163902e+00  7.2146301e+00
  7.4542599e+00  7.6699200e+00  8.0881205e+00  8.8579302e+00  9.5732002e+00
  9.7799196e+00  9.6234598e+00  9.4130096e+00  9.1029100e+00  8.4977503e+00
  7.6381898e+00  6.7556801e+00  5.9800000e+00  5.2451901e+00  4.5509501e+00
  4.0331602e+00  3.6840100e+00  3.3848100e+00  3.0672100e+00  2.7208400e+00
  2.5695601e+00  2.9615901e+00  3.8974500e+00  5.0905900e+00  6.4537902e+00
  8.1262903e+00  1.0128400e+01  1.2384200e+01  1.4198800e+01  1.4545400e+01
  1.3674500e+01  1.2483100e+01  1.1148400e+01  9.5970402e+00  8.1609402e+00
  7.1846900e+00  6.7050400e+00  6.7318001e+00  7.2062001e+00  7.9439602e+00
  9.0586300e+00  1.0931600e+01  1.3198900e+01  1.5024800e+01  1.6068001e+01
  1.6208401e+01  1.5800200e+01  1.5592600e+01  1.5568500e+01  1.5220500e+01
  1.4774000e+01  1.4842200e+01  1.5807100e+01  1.7897301e+01  2.1524300e+01
  2.7238701e+01  3.3854000e+01  3.9338001e+01  4.1064800e+01  3.5877300e+01
  2.5545799e+01  1.4621300e+01  5.5432701e+00 -3.2641599e-01 -3.0486500e+00
 -3.5545001e+00 -2.6333101e+00 -1.0127701e+00  6.5181500e-01  1.8234000e+00
  2.5512600e+00  3.1941900e+00  3.7021699e+00  3.7574000e+00  3.5258100e+00
  3.4513299e+00  3.4737799e+00  3.2631900e+00  2.9287601e+00  2.8437500e+00
  3.0480199e+00  3.3916199e+00  3.7963099e+00  4.1283498e+00
  3.1912100e+00  3.0888200e+00  3.2118199e+00  3.4803700e+00  3.5039101e+00
  3.4804201e+00  3.7403800e+00  4.0273900e+00  4.0428901e+00  3.8870001e+00
  3.7282200e+00  3.6816199e+00  3.9096501e+00  4.3522301e+00  4.6912398e+00
  4.8807502e+00  5.1906099e+00  5.5991101e+00  5.8706598e+00  6.1146698e+00
  6.5491400e+00  7.2028599e+00  8.0777197e+00  8.9862204e+00  9.6417599e+00
  1.0016200e+01  1.0226600e+01  1.0370600e+01  1.0468000e+01  1.0534300e+01
  1.0667200e+01  1.0923400e+01  1.1287500e+01  1.1623800e+01  1.1707000e+01
  1.1415600e+01  1.0773800e+01  1.0144000e+01  9.9468498e+00  9.8489199e+00
  9.1744404e+00  8.1420002e+00  7.6163101e+00  7.5390000e+00  7.1312099e+00
  6.6698999e+00  6.9510298e+00  7.5454798e+00  7.5287800e+00  7.1772199e+00
  7.3251400e+00  7.7600899e+00  7.8188300e+00  7.7466102e+00  8.0485096e+00
  8.5064201e+00  8.7311296e+00  8.7804699e+00  9.0545702e+00  9.5642300e+00
  9.9327002e+00  1.0203200e+01  1.0489600e+01  1.0588700e+01  1.0376400e+01
  1.0036700e+01  9.7333002e+00  9.3488197e+00  8.7530899e+00  8.1074600e+00
  7.7092500e+00  7.5329399e+00  7.3752499e+00  7.1422601e+00  6.8305502e+00
  6.6729298e+00  6.9614100e+00  7.6353102e+00  8.4557600e+00  9.4401798e+00
  1.0744700e+01  1.2302100e+01  1.3955800e+01  1.5162700e+01  1.5194000e+01
  1.4301500e+01  1.3156500e+01  1.1865300e+01  1.0393500e+01  9.1080103e+00
  8.4285603e+00  8.4083796e+00  9.0237303e+00  1.0059900e+01  1.1029600e+01
  1.1803500e+01  1.2621400e+01  1.3420900e+01  1.3972900e+01  1.4276300e+01
  1.4306300e+01  1.4092700e+01  1.3885500e+01  1.3759800e+01  1.3549200e+01
  1.3472400e+01  1.4018600e+01  1.5405200e+01  1.7642401e+01  2.0831200e+01
  2.5162399e+01  3.0015900e+01  3.4377800e+01  3.5957901e+01  3.1820801e+01
  2.3381201e+01  1.4193500e+01  6.3493400e+00  1.2448500e+00 -1.1091300e+00
 -1.4011500e+00 -5.0175202e-01  6.1028701e-01  1.5138600e+00  2.1549699e+00
  2.7677500e+00  3.6115799e+00  4.4231501e+00  4.7296400e+00  4.6065402e+00
  4.3998399e+00  4.1405301e+00  3.6976800e+00  3.2456901e+00  3.1321199e+00
  3.3231900e+00  3.5963900e+00  3.9298201e+00  4.3004599e+00
  5.8777800e+00  5.4213400e+00  5.3711700e+00  5.6058898e+00  5.4649901e+00
  5.1465998e+00  5.1520300e+00  5.2842398e+00  5.2113700e+00  4.9871302e+00
  4.7418599e+00  4.5358000e+00  4.5000100e+00  4.7426500e+00  5.1553502e+00
  5.5396399e+00  5.8461399e+00  6.0446100e+00  6.1092801e+00  6.2839799e+00
  6.7908902e+00  7.5480599e+00  8.4095001e+00  9.1828003e+00  9.7960100e+00
  1.0314600e+01  1.0624300e+01  1.0719600e+01  1.0793500e+01  1.0892800e+01
  1.0929500e+01  1.0951500e+01  1.1125100e+01  1.1319800e+01  1.1249000e+01
  1.0902900e+01  1.0424400e+01  1.0027800e+01  9.8570004e+00  9.6304302e+00
  8.9591599e+00  8.0924101e+00  7.7042799e+00  7.6901398e+00  7.3748298e+00
  6.9992599e+00  7.2020798e+00  7.6447902e+00  7.6544399e+00  7.4563198e+00
  7.6542902e+00  8.0665503e+00  8.2044497e+00  8.2891502e+00  8.7124100e+00
  9.2612000e+00  9.5369301e+00  9.4522600e+00  9.4432402e+00  9.8047600e+00
  1.0300200e+01  1.0887700e+01  1.1487100e+01  1.1811300e+01  1.1803500e+01
  1.1616800e+01  1.1337300e+01  1.0921300e+01  1.0372900e+01  9.8694801e+00
  9.6330404e+00  9.5836000e+00  9.5095797e+00  9.3588495e+00  9.1769304e+00
  9.1081600e+00  9.2847004e+00  9.6654100e+00  1.0179700e+01  1.0959300e+01
  1.2147900e+01  1.3499900e+01  1.4684000e+01  1.5376700e+01  1.5231900e+01
  1.4474900e+01  1.3530800e+01  1.2430600e+01  1.1156700e+01  1.0074700e+01
  9.6290998e+00  9.8623600e+00  1.0674000e+01  1.1752400e+01  1.2560300e+01
  1.2967600e+01  1.3181900e+01  1.3260700e+01  1.3173900e+01  1.3007000e+01
  1.2827800e+01  1.2609800e+01  1.2392100e+01  1.2307900e+01  1.2391100e+01
  1.2711700e+01  1.3499200e+01  1.4859600e+01  1.6744699e+01  1.9155600e+01
  2.2122801e+01  2.5146000e+01  2.7467600e+01  2.7720699e+01  2.4436399e+01
  1.8700300e+01  1.2527700e+01  7.1213598e+00  3.3928001e+00  1.4664800e+00
  1.1481700e+00  1.7210000e+00  2.2369399e+00  2.5446701e+00  2.8574700e+00
  3.3703301e+00  4.1948299e+00  5.0195999e+00  5.4064202e+00  5.4004002e+00
  5.2301798e+00  4.9020200e+00  4.3366199e+00  3.7862899e+00  3.6736000e+00
  3.8946700e+00  4.1137400e+00  4.3991899e+00  4.8857002e+00
  8.1125097e+00  7.5336399e+00  7.2798700e+00  7.3674898e+00  7.1581101e+00
  6.7521400e+00  6.6199002e+00  6.5837598e+00  6.3331699e+00  6.0466299e+00
  5.9320798e+00  5.8139801e+00  5.5446301e+00  5.4030900e+00  5.6738300e+00
  6.1412802e+00  6.4624500e+00  6.5821199e+00  6.6326900e+00  6.8679800e+00
  7.4583802e+00  8.2937298e+00  9.1686497e+00  9.8917103e+00  1.0469600e+01
  1.1006900e+01  1.1334000e+01  1.1364900e+01  1.1297700e+01  1.1270200e+01
  1.1257900e+01  1.1231900e+01  1.1214800e+01  1.1125600e+01  1.0910500e+01
  1.0625700e+01  1.0278700e+01  9.9779301e+00  9.8578501e+00  9.7049398e+00
  9.2050304e+00  8.5663795e+00  8.3045397e+00  8.2344904e+00  7.8464999e+00
  7.4724498e+00  7.5742302e+00  7.8639898e+00  7.9084702e+00  7.8161998e+00
  7.9349599e+00  8.1853800e+00  8.2940502e+00  8.4813299e+00  9.0290203e+00
  9.6645098e+00  1.0080400e+01  1.0267700e+01  1.0448100e+01  1.0757800e+01
  1.1122900e+01  1.1597700e+01  1.2162200e+01  1.2567200e+01  1.2642500e+01
  1.2435900e+01  1.2069000e+01  1.1585500e+01  1.1038100e+01  1.0666300e+01
  1.0658000e+01  1.0804700e+01  1.0791300e+01  1.0660800e+01  1.0658900e+01
  1.0775500e+01  1.0811100e+01  1.0878300e+01  1.1310700e+01  1.2110300e+01
  1.3007100e+01  1.3850700e+01  1.4695400e+01  1.5340800e+01  1.5395500e+01
  1.5011500e+01  1.4511000e+01  1.3806900e+01  1.2802300e+01  1.1888000e+01
  1.1544400e+01  1.1673600e+01  1.2028500e+01  1.2566100e+01  1.3187000e+01
  1.3671000e+01  1.3809100e+01  1.3580300e+01  1.3049500e+01  1.2390000e+01
  1.1900400e+01  1.1633100e+01  1.1403700e+01  1.1264200e+01  1.1432900e+01
  1.1953500e+01  1.2831200e+01  1.4043800e+01  1.5495600e+01  1.7194599e+01
  1.9202801e+01  2.1069201e+01  2.2059099e+01  2.1561800e+01  1.9209801e+01
  1.5669600e+01  1.1784400e+01  8.0631304e+00  5.0993800e+00  3.2965801e+00
  2.8998001e+00  3.2941699e+00  3.5243900e+00  3.5325000e+00  3.6307199e+00
  4.0233998e+00  4.8461599e+00  5.7632499e+00  6.2158098e+00  6.2249699e+00
  6.1139598e+00  5.8606801e+00  5.2334099e+00  4.5475998e+00  4.4209199e+00
  4.7119699e+00  4.9531398e+00  5.2128201e+00  5.6696601e+00
  1.1033300e+01  1.0442500e+01  9.8491096e+00  9.5366297e+00  9.1899796e+00
  8.8078098e+00  8.7563801e+00  8.7673101e+00  8.3681402e+00  7.8637500e+00
  7.7258701e+00  7.6904898e+00  7.3445001e+00  6.9807401e+00  7.0899401e+00
  7.4502101e+00  7.5671000e+00  7.5451398e+00  7.7914600e+00  8.2849102e+00
  8.7202196e+00  9.1592798e+00  9.8984804e+00  1.0752400e+01  1.1299300e+01
  1.1554200e+01  1.1709200e+01  1.1760500e+01  1.1682300e+01  1.1608700e+01
  1.1649500e+01  1.1631500e+01  1.1320000e+01  1.0885000e+01  1.0732800e+01
  1.0776100e+01  1.0576400e+01  1.0253400e+01  1.0247500e+01  1.0368000e+01
  1.0126600e+01  9.6918402e+00  9.5495901e+00  9.4727898e+00  9.0324697e+00
  8.6032400e+00  8.6165199e+00  8.8106604e+00  8.8218899e+00  8.7048502e+00
  8.6899204e+00  8.7755003e+00  8.7875900e+00  8.8718700e+00  9.3013697e+00
  9.9021397e+00  1.0411300e+01  1.0839900e+01  1.1201200e+01  1.1445800e+01
  1.1650800e+01  1.1958200e+01  1.2420300e+01  1.2837800e+01  1.2925700e+01
  1.2737000e+01  1.2512900e+01  1.2205200e+01  1.1654200e+01  1.1201600e+01
  1.1311300e+01  1.1721100e+01  1.1850500e+01  1.1771400e+01  1.1951000e+01
  1.2231300e+01  1.2055100e+01  1.1748400e+01  1.2167200e+01  1.3111100e+01
  1.3733600e+01  1.4101200e+01  1.4848100e+01  1.5688700e+01  1.5887900e+01
  1.5669100e+01  1.5623400e+01  1.5577100e+01  1.5000300e+01  1.4140900e+01
  1.3750400e+01  1.3785700e+01  1.3776500e+01  1.3837500e+01  1.4264900e+01
  1.4734200e+01  1.4662800e+01  1.4103100e+01  1.3372900e+01  1.2523000e+01
  1.1632700e+01  1.0882100e+01  1.0341200e+01  1.0025600e+01  1.0013900e+01
  1.0390100e+01  1.1203400e+01  1.2316300e+01  1.3499700e+01  1.4748400e+01
  1.6173599e+01  1.7456100e+01  1.8055099e+01  1.7712500e+01  1.6284901e+01
  1.4025600e+01  1.1368400e+01  8.6592302e+00  6.3285899e+00  4.7334199e+00
  4.0992699e+00  4.1518602e+00  4.3583002e+00  4.5210099e+00  4.6355400e+00
  4.8848801e+00  5.6211500e+00  6.6388898e+00  7.2830801e+00  7.4415302e+00
  7.4336700e+00  7.2583199e+00  6.6422601e+00  5.9251599e+00  5.7775502e+00
  6.0202699e+00  6.1265502e+00  6.1494598e+00  6.3885698e+00
  1.3831300e+01  1.3519800e+01  1.3151500e+01  1.2870700e+01  1.2477700e+01
  1.1996600e+01  1.1848300e+01  1.1859800e+01  1.1512500e+01  1.1076500e+01
  1.0994000e+01  1.0947000e+01  1.0502100e+01  9.9663095e+00  9.9537897e+00
  1.0243500e+01  1.0147700e+01  9.8986101e+00  1.0207300e+01  1.0828400e+01
  1.1032400e+01  1.1048300e+01  1.1607300e+01  1.2449300e+01  1.2767300e+01
  1.2665700e+01  1.2767900e+01  1.2957200e+01  1.2738200e+01  1.2357300e+01
  1.2397400e+01  1.2563000e+01  1.2134700e+01  1.1437800e+01  1.1368500e+01
  1.1715600e+01  1.1620700e+01  1.1257700e+01  1.1370900e+01  1.1767300e+01
  1.1780100e+01  1.1432500e+01  1.1184500e+01  1.1031800e+01  1.0647900e+01
  1.0353900e+01  1.0534600e+01  1.0701500e+01  1.0495200e+01  1.0346000e+01
  1.0500500e+01  1.0642500e+01  1.0548100e+01  1.0420000e+01  1.0582100e+01
  1.0996400e+01  1.1418100e+01  1.1740600e+01  1.1867700e+01  1.1874000e+01
  1.2051500e+01  1.2451000e+01  1.2943100e+01  1.3350900e+01  1.3472400e+01
  1.3400900e+01  1.3362500e+01  1.3240100e+01  1.2810000e+01  1.2402400e+01
  1.2544900e+01  1.2968500e+01  1.3005100e+01  1.2805500e+01  1.2996100e+01
  1.3355800e+01  1.3165400e+01  1.2778200e+01  1.3158500e+01  1.4037100e+01
  1.4432000e+01  1.4559000e+01  1.5337900e+01  1.6479000e+01  1.7041599e+01
  1.7186399e+01  1.7629499e+01  1.8175301e+01  1.8021601e+01  1.7227200e+01
  1.6661699e+01  1.6516701e+01  1.6374399e+01  1.6269199e+01  1.6460100e+01
  1.6628700e+01  1.6184299e+01  1.5300600e+01  1.4553400e+01  1.3852500e+01
  1.2782100e+01  1.1585600e+01  1.0817300e+01  1.0386400e+01  9.9419098e+00
  9.6398497e+00  9.8076000e+00  1.0286300e+01  1.0739200e+01  1.1230900e+01
  1.1983500e+01  1.2725500e+01  1.3000600e+01  1.2774000e+01  1.2065400e+01
  1.0896100e+01  9.4001904e+00  7.8559599e+00  6.6455102e+00  5.8313699e+00
  5.2877202e+00  4.9776101e+00  4.8772101e+00  4.9316902e+00  5.1041999e+00
  5.4973202e+00  6.3247600e+00  7.3913598e+00  8.1544399e+00  8.4483900e+00
  8.4656801e+00  8.3049898e+00  7.8736401e+00  7.3360300e+00  7.0730801e+00
  7.0375700e+00  6.9723301e+00  6.9654102e+00  7.2568002e+00
