 -2.6361074e-04 -7.0447680e-03 -1.2046464e-02 -4.0610161e-04  7.1397000e-03
  8.3412360e-03  4.5278999e-03  4.5635398e-03  7.0047718e-03  2.5967124e-03
 -5.9930640e-03 -1.5442812e-02 -1.8745271e-02 -9.1195200e-03 -2.3655817e-03
 -2.4986446e-03 -2.5887492e-03 -5.6053799e-05  1.9980360e-04  7.6469040e-04
  8.1924833e-03  1.2403548e-02  1.1464776e-02  5.7047401e-03 -7.2637554e-03
 -1.2409416e-02 -5.3191441e-03 -2.5091243e-03 -1.3175317e-03  1.9408284e-03
 -4.2064562e-03 -2.2307399e-03 -2.5409735e-03 -1.4919804e-04  5.1539038e-05
  1.2418308e-04  7.3551237e-05  2.3856985e-04 -1.2744684e-03 -3.2739695e-03
 -2.4372470e-03 -3.0376008e-03 -5.0584679e-03 -7.3743835e-03 -9.4656963e-03
 -8.7825600e-03 -7.4481475e-03 -7.1497797e-03 -1.2519216e-02 -1.7100755e-02
 -8.9820363e-03 -1.6424352e-02 -1.2258540e-02 -9.5872320e-03 -8.9292247e-03
 -8.0273524e-03 -7.1468279e-03 -5.5656000e-03 -4.3812362e-03 -4.6125720e-03
 -6.5546636e-03 -7.3257843e-03 -6.7457519e-03 -6.9653518e-03 -8.2829874e-03
 -1.0252728e-02 -8.8630207e-03 -3.8301118e-03  1.8374687e-04  1.8884412e-03
  2.6289828e-03  3.9503882e-03  6.4339559e-03  9.2770923e-03  1.2358296e-02
  1.8508932e-02  3.3871286e-02  3.5076603e-02  2.2641191e-02 -3.2377715e-04
 -2.3749271e-02 -4.8921477e-02 -7.4687041e-02 -9.8635681e-02 -7.4105278e-02
 -4.2836040e-02 -9.9587524e-03 -3.3240528e-03 -1.8912924e-02 -5.1481798e-02
 -8.0888756e-02 -7.1592480e-02 -1.5448284e-02  2.3834772e-02  8.1564123e-03
 -3.6511201e-02 -5.4106921e-02 -3.3627205e-02 -3.0775608e-02 -5.8055762e-04
  2.9850049e-02  6.4644836e-02  4.1100118e-02  1.3179203e-02  6.3519478e-03
  1.3614948e-02  4.3517161e-02  1.0560348e-01  1.5440148e-01  1.9844820e-01
  2.3194224e-01  2.4929640e-01  2.1820788e-01  3.1191157e-02 -6.3683279e-02
 -1.1071151e-01 -1.2876947e-01 -1.1203236e-01 -8.7450117e-02 -3.5592914e-02
 -9.7880764e-03 -8.4772803e-02 -1.2663721e-01 -1.0421712e-01 -6.8948641e-02
 -6.2532000e-02 -8.2595162e-02 -9.8822519e-02 -1.1512620e-01 -1.0979460e-01
 -7.1109720e-02 -3.9043799e-02 -1.1193192e-02  1.3006188e-02  2.8993824e-02
  3.9313082e-02  4.6132199e-02  4.2518519e-02  2.6929369e-02
 -2.6361074e-04 -7.0447680e-03 -1.2046464e-02 -4.0610161e-04  7.1397000e-03
  8.3412360e-03  4.5278999e-03  4.5635398e-03  7.0047718e-03  2.5967124e-03
 -5.9930640e-03 -1.5442812e-02 -1.8745271e-02 -9.1195200e-03 -2.3655817e-03
 -2.4986446e-03 -2.5887492e-03 -5.6053799e-05  1.9980360e-04  7.6469040e-04
  8.1924833e-03  1.2403548e-02  1.1464776e-02  5.7047401e-03 -7.2637554e-03
 -1.2409416e-02 -5.3191441e-03 -2.5091243e-03 -1.3175317e-03  1.9408284e-03
 -4.2064562e-03 -2.2307399e-03 -2.5409735e-03 -1.4919804e-04  5.1539038e-05
  1.2418308e-04  7.3551237e-05  2.3856985e-04 -1.2744684e-03 -3.2739695e-03
 -2.4372470e-03 -3.0376008e-03 -5.0584679e-03 -7.3743835e-03 -9.4656963e-03
 -8.7825600e-03 -7.4481475e-03 -7.1497797e-03 -1.2519216e-02 -1.7100755e-02
 -1.6794827e-02 -2.0731788e-02 -1.5413471e-02 -1.2820536e-02 -1.5721092e-02
 -1.0249596e-02 -1.0980720e-02 -9.7814882e-03 -8.9200083e-03 -1.2601764e-02
 -2.0679839e-02 -2.2884265e-02 -2.0512188e-02 -1.8871021e-02 -1.7498052e-02
 -1.4668344e-02 -8.5596116e-03 -3.2479884e-03 -2.9504305e-04  3.0732264e-03
  6.2763840e-03  8.6015165e-03  1.2499920e-02  1.9296827e-02  3.2095153e-02
  6.6415682e-02  1.3496545e-01  1.6111873e-01  1.6017155e-01  1.9593360e-01
  1.7308296e-01  5.3382598e-02 -5.5943638e-02 -9.6316561e-02 -7.4105278e-02
 -4.2836040e-02 -9.9587524e-03 -3.3240528e-03 -1.8912924e-02 -5.1481798e-02
 -8.0888756e-02 -7.1592480e-02 -1.5448284e-02  2.3834772e-02  8.1564123e-03
 -3.6511201e-02 -5.4106921e-02 -3.3627205e-02 -1.1772792e-02  1.7477533e-02
  4.0707000e-02  5.7175562e-02  4.1100118e-02  1.3179203e-02  6.3519478e-03
  1.3614948e-02  4.3517161e-02  1.0560348e-01  1.5440148e-01  1.9844820e-01
  2.3194224e-01  2.4929640e-01  2.1820788e-01  3.1191157e-02 -6.3683279e-02
 -1.1071151e-01 -1.2876947e-01 -1.1203236e-01 -8.7450117e-02 -3.5592914e-02
 -9.7880764e-03 -8.4772803e-02 -1.2663721e-01 -1.0421712e-01 -6.8948641e-02
 -6.2532000e-02 -8.2595162e-02 -9.8822519e-02 -1.1512620e-01 -1.0979460e-01
 -7.1109720e-02 -3.9043799e-02 -1.1193192e-02  1.3006188e-02  2.8993824e-02
  3.9313082e-02  4.6132199e-02  4.2518519e-02  2.6929369e-02
 -1.4837004e-03 -1.5761340e-02 -2.4439104e-02  1.6080695e-03  5.9637241e-03
  4.1767200e-03 -1.0767384e-02 -1.6237440e-02 -8.2947239e-03 -1.0942560e-02
 -1.7269667e-02 -3.1087225e-02 -3.8525403e-02 -1.8793477e-02 -5.4709204e-03
 -7.1735396e-03 -3.3114816e-03  9.9241559e-04 -4.8939843e-04 -4.3149958e-03
  1.9736243e-02  3.8985841e-02  3.4533430e-02  1.4193504e-02 -2.1694032e-02
 -3.1759884e-02 -1.2254544e-02 -3.2665320e-03  4.1113078e-04  9.1335606e-03
 -1.1790000e-02 -6.7838761e-03 -7.3962002e-03  2.7465408e-03  3.2739695e-03
  3.4428672e-03  3.2106889e-03  3.0451464e-03 -4.1596922e-03 -6.5265843e-03
 -1.6330031e-03 -2.5631855e-03 -5.3272080e-03 -1.0006740e-02 -1.5221519e-02
 -1.9427581e-02 -1.8084779e-02 -1.5897961e-02 -1.9524816e-02 -2.5553484e-02
 -2.4426937e-02 -2.4154020e-02 -1.6246548e-02 -1.2740796e-02 -1.9625796e-02
 -6.3379803e-03 -8.4166918e-03 -6.3232924e-03 -1.5380784e-03 -8.5889520e-03
 -2.3624387e-02 -3.4477271e-02 -3.9265200e-02 -4.2269040e-02 -4.2710040e-02
 -3.5638161e-02 -1.8802296e-02 -1.1948399e-02 -5.4306360e-03  6.4318320e-03
  1.5581341e-02  1.9980360e-02  2.6737021e-02  4.1735519e-02  6.7584962e-02
  1.2975805e-01  2.3844168e-01  2.7874261e-01  3.0039984e-01  3.9316320e-01
  3.4612235e-01  1.3720067e-01 -1.9588716e-02 -5.9317563e-02 -5.2398361e-02
 -3.4539621e-02 -5.2617243e-03 -1.1811457e-02 -4.4809919e-02 -9.6744604e-02
 -1.4075495e-01 -1.3104756e-01 -4.8128039e-02  2.0220516e-02  2.4740748e-02
 -4.5721079e-03 -1.3632337e-02 -6.1091641e-03  7.4582282e-03  2.5777692e-02
  3.8094841e-02  3.6942478e-02  1.9815013e-02 -4.9172398e-03 -3.3221664e-03
  8.3351880e-03  3.4806166e-02  1.0638468e-01  1.8167004e-01  3.0290183e-01
  4.1709241e-01  5.0012642e-01  4.5606962e-01  3.0568789e-03 -2.4848638e-01
 -3.4607375e-01 -3.4424135e-01 -2.5350553e-01 -8.7450117e-02 -3.5592914e-02
 -6.3752763e-02 -1.3359925e-01 -1.6716708e-01 -1.3629313e-01 -8.9208722e-02
 -7.4678406e-02 -8.1841685e-02 -8.8661157e-02 -1.0473516e-01 -1.0469484e-01
 -7.4414521e-02 -3.5684280e-02  4.2722640e-03  3.0078037e-02  3.9938759e-02
  4.5186479e-02  5.0533202e-02  4.6779480e-02  2.7778069e-02
 -8.1325439e-04 -2.8610352e-02 -4.4414282e-02 -5.3264881e-03 -3.8020322e-03
 -8.9147883e-03 -3.3551496e-02 -4.7523599e-02 -3.2173920e-02 -2.9443104e-02
 -2.4857568e-02 -3.6219597e-02 -4.6982519e-02 -2.5145713e-02 -1.3458816e-02
 -1.9662263e-02 -8.9233918e-03 -4.4926920e-04 -2.1490667e-03 -1.5264289e-02
  2.6866477e-02  7.4871361e-02  6.2217362e-02  2.1886416e-02 -3.1245228e-02
 -4.2348240e-02 -1.3495500e-02 -5.9071317e-04  3.2428547e-03  1.6882416e-02
 -2.5889184e-02 -2.1535631e-02 -2.0866752e-02  2.5225345e-03  8.6936047e-03
  1.2973104e-02  1.3197312e-02  1.0708704e-02 -2.4999012e-03 -5.1433560e-03
  1.5975900e-03  2.2782022e-03 -1.5221520e-03 -1.1638908e-02 -2.6314450e-02
 -4.2371999e-02 -3.9788637e-02 -2.7094932e-02 -2.2649581e-02 -2.5246512e-02
 -2.2214988e-02 -2.4911856e-02 -1.5240384e-02 -1.2163392e-02 -3.6265317e-02
  3.0501755e-03  7.6526636e-04  1.0541916e-02  2.5774345e-02  2.1922885e-02
  6.5404079e-03 -3.5067383e-02 -9.3696125e-02 -1.4034024e-01 -1.6998191e-01
 -1.5893207e-01 -8.8140957e-02 -6.6293277e-02 -3.0294720e-02  1.0501272e-02
  2.9154347e-02  3.8900882e-02  5.3852037e-02  8.5189685e-02  1.2258072e-01
  1.8692316e-01  2.7874079e-01  2.9448575e-01  3.3631957e-01  4.4082001e-01
  3.7201682e-01  1.5873732e-01  6.9494401e-03 -3.1501297e-02 -2.2656061e-02
 -9.0470165e-03  5.0063040e-03 -1.5461244e-02 -4.9485240e-02 -8.2882799e-02
 -1.0786644e-01 -1.1088252e-01 -6.8142243e-02 -1.5405083e-02  5.2072559e-03
 -3.8950560e-03 -3.2492303e-03  8.4460322e-03  2.2010040e-02  3.8520720e-02
  4.8599280e-02  3.8881797e-02  7.3794965e-03 -2.7071027e-02 -2.6055973e-02
 -6.4869481e-03  2.7048960e-02  1.0050336e-01  1.7217432e-01  2.9093903e-01
  4.1296318e-01  5.1257879e-01  4.5401764e-01 -8.8284239e-02 -4.4841239e-01
 -6.4763999e-01 -6.4439279e-01 -4.4566920e-01 -1.6863732e-01 -1.0394748e-01
 -1.2132143e-01 -1.6147585e-01 -1.7185751e-01 -1.3716325e-01 -8.7180123e-02
 -6.6694677e-02 -6.0911275e-02 -6.5118961e-02 -8.2331285e-02 -8.9594282e-02
 -6.3674279e-02 -1.7352937e-02  2.3408135e-02  3.6521997e-02  3.2511096e-02
  2.8169174e-02  2.9263319e-02  2.7101196e-02  1.3147956e-02
  3.8774520e-02 -4.2982921e-02 -9.3334317e-02 -9.3206875e-03 -1.2541284e-02
 -1.9324152e-02 -5.9250601e-02 -8.5898884e-02 -4.8200760e-02 -4.2637322e-02
 -2.6930016e-02 -3.9797641e-02 -5.4854281e-02 -3.4110576e-02 -3.1228453e-02
 -4.6838880e-02 -2.8095301e-02 -6.6615837e-03  2.1577105e-03 -3.2920670e-02
  3.5064001e-02  1.6360596e-01  1.4708808e-01  4.8289321e-02 -5.0989322e-02
 -5.4406438e-02 -9.6492600e-03  8.1702722e-03  9.5451120e-03  2.7815329e-02
 -4.6496879e-02 -4.8020042e-02 -4.6345320e-02 -6.2168399e-03  1.2268224e-02
  2.9848788e-02  3.8711157e-02  4.0756319e-02  6.0542640e-03 -8.2448637e-03
  2.5128936e-02  2.8159849e-02  1.4867820e-02 -1.2403117e-02 -4.6243083e-02
 -8.2383841e-02 -7.3841400e-02 -4.0710960e-02 -2.1292452e-02 -1.9866996e-02
 -1.6565580e-02 -2.0147581e-02 -2.6872379e-03  4.0073763e-03 -5.7628799e-02
  3.5118505e-02  3.0650113e-02  4.3824960e-02  5.9620321e-02  6.6196084e-02
  8.0315277e-02  2.0136673e-02 -1.3191769e-01 -2.5790796e-01 -3.3851483e-01
 -3.4788349e-01 -2.1562847e-01 -2.1384504e-01 -1.0925208e-01  3.3195529e-02
  9.1158122e-02  1.3042980e-01  1.6155323e-01  1.8562968e-01  1.7882784e-01
  1.9612548e-01  2.5938398e-01  2.6822376e-01  3.2849282e-01  4.4398081e-01
  3.9787921e-01  2.0658024e-01  3.0912874e-02 -3.0243600e-02 -1.9705428e-02
 -6.6080880e-03 -3.2567868e-03 -2.6603315e-02 -4.6361882e-02 -5.8830485e-02
 -6.8132162e-02 -7.4865960e-02 -6.3587159e-02 -3.0391956e-02 -5.5509121e-03
 -8.7465243e-03 -1.3224564e-03  1.8817775e-02  3.7087560e-02  5.4640081e-02
  6.2404200e-02  4.5180719e-02  2.8687068e-03 -3.6233280e-02 -3.7182599e-02
 -1.6341371e-02  2.3433480e-02  1.0831212e-01  1.8647172e-01  3.1199726e-01
  4.4393760e-01  5.3791201e-01  4.1061601e-01 -1.2954815e-01 -4.2635518e-01
 -5.9728318e-01 -6.0691679e-01 -4.6100882e-01 -2.0818476e-01 -1.4094828e-01
 -1.4261292e-01 -1.5935329e-01 -1.5530652e-01 -1.1937600e-01 -7.3947959e-02
 -5.5663198e-02 -5.1147360e-02 -5.7313439e-02 -7.4347198e-02 -7.8020282e-02
 -4.6484642e-02 -2.9382769e-03  2.4697259e-02  2.8257914e-02  2.2811364e-02
  1.9645920e-02  2.1764988e-02  2.0914666e-02  9.1353245e-03
  1.8020341e-01  1.7124228e-03 -1.4294557e-01 -4.8855962e-03 -3.9441600e-02
 -5.7313796e-02 -1.4399460e-01 -1.9297872e-01 -9.9771842e-02 -8.0293685e-02
 -3.2583818e-02 -5.6015637e-02 -8.2144082e-02 -5.1399719e-02 -5.9537884e-02
 -9.2188083e-02 -5.4808199e-02  3.4571160e-03  4.5157678e-02 -6.6794761e-02
  6.9080040e-02  3.9135960e-01  3.6521280e-01  1.1421648e-01 -8.3175838e-02
 -6.4909436e-02  1.6357284e-03  2.3940397e-02  1.9741068e-02  4.1661359e-02
 -7.2111242e-02 -8.6834878e-02 -8.5309915e-02 -1.6391916e-02  2.0847997e-02
  6.0391441e-02  9.6156359e-02  1.2839976e-01  3.4939114e-02 -1.3091688e-02
  9.3079440e-02  1.0689516e-01  8.0536678e-02  8.4791165e-03 -6.8876639e-02
 -1.2970079e-01 -1.1146212e-01 -6.8882763e-02 -3.9672360e-02 -3.4609716e-02
 -1.4878295e-02 -1.1082564e-02  3.9310198e-02  6.0602039e-02 -6.8987161e-02
  1.1223721e-01  1.0551816e-01  1.2716857e-01  1.4850973e-01  1.6628364e-01
  2.0853683e-01  1.3763088e-01 -6.9218643e-02 -2.3617764e-01 -3.3016250e-01
 -3.6960480e-01 -2.5130951e-01 -3.1008962e-01 -1.6350083e-01  7.8699239e-02
  1.7602992e-01  2.4587496e-01  2.9703817e-01  2.9912221e-01  1.9066752e-01
  1.1378592e-01  1.4219065e-01  1.7133877e-01  2.4338987e-01  3.4948945e-01
  3.3856380e-01  2.0791475e-01  5.9036404e-02 -3.0577176e-03 -2.2321008e-03
 -9.4003195e-04 -6.8174279e-03 -2.6424073e-02 -3.6070559e-02 -3.9421801e-02
 -4.1363280e-02 -4.5845281e-02 -4.6151280e-02 -2.5096249e-02 -2.9277971e-03
 -3.7831678e-03  7.4490122e-03  3.1132910e-02  5.1404402e-02  6.9346800e-02
  7.0883639e-02  4.3669801e-02 -2.0730528e-03 -3.8771279e-02 -4.3495197e-02
 -2.5160365e-02  1.5821675e-02  1.0395829e-01  1.9269720e-01  3.3589476e-01
  4.7769839e-01  5.5879921e-01  3.7687680e-01 -1.4762375e-01 -3.4360272e-01
 -4.2359760e-01 -4.7019601e-01 -4.5273599e-01 -2.4238619e-01 -1.6527420e-01
 -1.5245928e-01 -1.5243335e-01 -1.3106664e-01 -8.9875080e-02 -5.1388562e-02
 -3.8762998e-02 -3.7866239e-02 -4.6075679e-02 -6.2007479e-02 -6.2103964e-02
 -2.9409587e-02  8.1187198e-03  2.7608329e-02  2.6410319e-02  1.9429883e-02
  1.5955992e-02  1.7031817e-02  1.3939956e-02 -1.1885543e-03
  3.0356136e-01  8.8891923e-02 -1.3523617e-01  5.1767640e-02 -3.2465197e-02
 -6.8931714e-02 -2.0011896e-01 -2.4844967e-01 -1.3934052e-01 -1.0911420e-01
 -2.4197292e-02 -6.6688560e-02 -1.2307069e-01 -8.0301240e-02 -1.1645820e-01
 -1.8392327e-01 -8.8534445e-02  3.7522081e-02  1.0662084e-01 -7.5976565e-02
  7.3249914e-02  4.5936722e-01  4.6162081e-01  1.6309296e-01 -8.5430875e-02
 -5.3142119e-02  3.2246031e-02  5.8920838e-02  4.4724241e-02  7.7392086e-02
 -1.1959128e-01 -1.6082856e-01 -1.4863104e-01 -2.5655651e-02  3.3640776e-02
  9.2331357e-02  1.5658344e-01  2.3561533e-01  8.5637517e-02 -1.1626740e-02
  2.1404448e-01  2.2302683e-01  1.6520327e-01  5.2271999e-02 -5.4996122e-02
 -1.4697504e-01 -1.4294484e-01 -1.1998152e-01 -8.4247202e-02 -6.4858325e-02
  8.2855084e-04  1.1892673e-02  9.7526878e-02  1.3726763e-01 -6.9810122e-02
  2.1924469e-01  2.0791657e-01  2.3012786e-01  2.4439248e-01  2.5404623e-01
  2.7453744e-01  1.8150084e-01  7.8660008e-03 -1.1941668e-01 -1.7700732e-01
 -2.1783312e-01 -1.5564276e-01 -2.4037127e-01 -1.3151340e-01  7.9522923e-02
  1.6044983e-01  2.0537028e-01  2.3865370e-01  2.2542804e-01  9.0754196e-02
 -1.4473872e-02  1.3104252e-02  8.6127482e-02  1.7844804e-01  2.8082123e-01
  2.9239237e-01  2.0982096e-01  9.7939081e-02  4.0623840e-02  2.9531952e-02
  1.7043769e-02  1.5146100e-03 -2.6840629e-02 -4.2686999e-02 -4.6585441e-02
 -4.4555042e-02 -4.5843121e-02 -3.9963242e-02 -1.0605636e-02  1.2917341e-02
  7.7620680e-03  2.3055265e-02  6.1624441e-02  1.0391544e-01  1.4449967e-01
  1.3148424e-01  7.1242563e-02  4.5597600e-03 -4.5759600e-02 -5.3804521e-02
 -2.7144179e-02  2.5112594e-02  1.2424680e-01  2.2235651e-01  3.8451600e-01
  5.3580958e-01  6.1261559e-01  4.0258080e-01 -1.9851156e-01 -4.3222681e-01
 -5.3424722e-01 -6.2369281e-01 -6.1073279e-01 -3.0149856e-01 -1.8158041e-01
 -1.4179572e-01 -1.2178332e-01 -9.6144125e-02 -6.0528237e-02 -2.5648631e-02
 -1.3115988e-02 -1.3610519e-02 -2.5343532e-02 -4.4622000e-02 -4.7116801e-02
 -1.7654795e-02  1.5485579e-02  3.0175595e-02  2.3552101e-02  1.4363424e-02
  1.1441628e-02  1.2208356e-02  5.8199763e-03 -1.6207237e-02
  2.6962164e-01  1.0139184e-01 -1.1103336e-01  1.0969488e-01  2.7523043e-03
 -3.3530112e-02 -1.8616068e-01 -2.3173091e-01 -1.5030900e-01 -1.0583388e-01
  6.8090400e-03 -5.0183639e-02 -1.5026399e-01 -1.0092780e-01 -1.7055395e-01
 -2.6694468e-01 -1.0145772e-01  7.6524116e-02  1.5435109e-01 -2.8765008e-02
  6.5342881e-02  2.8490004e-01  3.1447801e-01  1.4383331e-01 -4.1660640e-02
 -1.4282748e-02  7.9811640e-02  1.0977228e-01  8.2375914e-02  1.2763080e-01
 -1.1005452e-01 -1.8531720e-01 -1.6978428e-01 -1.8367669e-02  5.1414479e-02
  1.2712789e-01  2.0421685e-01  2.9843390e-01  1.1859408e-01 -9.9570239e-03
  2.9363650e-01  2.8061998e-01  1.9735235e-01  9.1509119e-02  6.6803759e-03
 -1.1359224e-01 -1.5752771e-01 -1.8627121e-01 -1.2478896e-01 -7.1372882e-02
  6.7151882e-02  5.4570239e-02  1.3732056e-01  1.7415072e-01 -5.7787199e-02
  2.7183887e-01  2.5529185e-01  2.6267254e-01  2.5219619e-01  2.4592787e-01
  2.5446454e-01  1.8198071e-01  5.5197362e-02 -3.5983514e-02 -6.2409241e-02
 -9.5221803e-02 -6.1743598e-02 -1.4403960e-01 -8.7786354e-02  4.9069438e-02
  9.6582241e-02  9.7341835e-02  9.0951480e-02  6.5580845e-02 -1.7051293e-02
 -8.6900041e-02 -6.3994318e-02  2.8497636e-02  1.3086323e-01  2.1711060e-01
  2.3043421e-01  1.8860796e-01  1.2625416e-01  8.6759277e-02  6.9402240e-02
  4.2862680e-02  1.5669541e-02 -3.3160895e-02 -6.9595918e-02 -8.2922399e-02
 -7.1321398e-02 -5.3344078e-02 -2.4921900e-02  1.5238296e-02  3.6852840e-02
  2.5246296e-02  4.9474079e-02  1.2055105e-01  1.8873757e-01  2.4513371e-01
  2.0716128e-01  1.1200860e-01  2.0530008e-02 -5.3703360e-02 -6.6999957e-02
 -2.2944421e-02  5.0505478e-02  1.5988033e-01  2.5376508e-01  4.2379919e-01
  5.9376961e-01  6.8270040e-01  4.5543239e-01 -2.2478868e-01 -5.4330844e-01
 -7.3280877e-01 -8.8680243e-01 -8.3584440e-01 -3.7921318e-01 -2.1459132e-01
 -1.5332328e-01 -1.1358395e-01 -7.7297039e-02 -4.0493879e-02 -4.9302359e-03
  1.0847844e-02  1.1838600e-02 -3.1851216e-03 -2.7992196e-02 -3.2873001e-02
 -5.2034762e-03  2.6858125e-02  4.0047839e-02  2.7365651e-02  1.4773716e-02
  1.2245760e-02  1.3239648e-02  3.3363504e-03 -2.7764425e-02
  1.7425583e-01  5.2546680e-02 -1.0427220e-01  9.9496797e-02  1.4317559e-02
 -1.5755039e-02 -1.8426780e-01 -2.2363596e-01 -1.4889815e-01 -8.3132640e-02
  3.6361080e-02 -2.1687552e-02 -1.4347763e-01 -8.2655646e-02 -1.4929596e-01
 -2.4934717e-01 -7.4530803e-02  9.8920435e-02  1.7312723e-01  2.9691216e-02
  9.7693555e-02  1.8864036e-01  2.1303073e-01  1.2020688e-01 -1.8261431e-02
  4.8666238e-03  1.1049732e-01  1.3528152e-01  9.9059038e-02  1.3840309e-01
 -1.3675896e-02 -1.0583676e-01 -1.1992284e-01  1.9946843e-03  6.3321121e-02
  1.5064020e-01  2.3919804e-01  3.3600563e-01  1.2070620e-01 -1.9514520e-02
  3.1637770e-01  2.9464811e-01  2.0242548e-01  1.1200824e-01  5.7714477e-02
 -4.5020882e-02 -1.0161540e-01 -1.4908211e-01 -7.4408762e-02 -1.2858660e-02
  1.2097260e-01  8.2129322e-02  1.3491359e-01  1.6532353e-01 -2.9246543e-02
  2.6724851e-01  2.5687549e-01  2.6572677e-01  2.5443721e-01  2.4375239e-01
  2.4705143e-01  1.8962640e-01  8.2803600e-02  4.3187761e-03 -5.3459639e-03
 -2.8551277e-02 -9.9409325e-04 -8.6200200e-02 -6.6542394e-02  3.4080192e-02
  6.9536157e-02  5.5527844e-02  3.9999962e-02  1.5455592e-02 -4.0268879e-02
 -9.1754995e-02 -8.4208682e-02 -3.0799294e-03  7.7954039e-02  1.2643309e-01
  1.3830948e-01  1.3753368e-01  1.2481416e-01  1.1187000e-01  1.0059372e-01
  6.9665760e-02  3.5156630e-02 -3.3798132e-02 -9.0720005e-02 -1.1103300e-01
 -8.3765522e-02 -4.0827237e-02  8.8705802e-03  5.0690521e-02  6.4004041e-02
  4.5148678e-02  7.8325197e-02  1.8423468e-01  2.5419635e-01  2.8832904e-01
  2.2269815e-01  1.2361788e-01  3.1005830e-02 -6.4026721e-02 -8.8702194e-02
 -2.6370000e-02  7.3828436e-02  1.9189331e-01  2.7254990e-01  4.2292801e-01
  5.6387883e-01  6.3468355e-01  4.6299961e-01 -1.1767860e-01 -4.5331204e-01
 -6.7614120e-01 -8.7816602e-01 -8.8526887e-01 -4.1294160e-01 -2.4509846e-01
 -1.8312983e-01 -1.3091472e-01 -7.8649200e-02 -3.0671064e-02  1.8663155e-02
  4.3815602e-02  4.3823879e-02  2.0800548e-02 -1.1968523e-02 -1.9143432e-02
  9.8126996e-03  4.7207881e-02  6.2684998e-02  4.2248521e-02  2.3106817e-02
  2.0004479e-02  2.1416688e-02  5.9436001e-03 -3.6050037e-02
  1.1088936e-01  1.6170373e-02 -9.4840921e-02  8.1384845e-02  2.1047579e-02
 -1.9532556e-02 -1.8273203e-01 -1.7876376e-01 -1.0792080e-01 -4.3062121e-02
  5.0082840e-02  2.3473511e-03 -1.1132064e-01 -4.4654399e-02 -8.4862441e-02
 -1.7795196e-01 -4.0482000e-02  1.0386972e-01  1.6369848e-01  6.2062558e-02
  1.0932156e-01  1.4624928e-01  1.6918200e-01  1.0349568e-01 -2.0095812e-02
 -7.8695640e-03  1.0793953e-01  1.3667040e-01  1.1021940e-01  1.5357168e-01
  1.1026404e-01 -2.9856348e-03 -5.8686838e-02  3.1852908e-02  7.2358564e-02
  1.5281676e-01  2.4052067e-01  3.3351982e-01  8.8739999e-02 -4.6724398e-02
  3.1212756e-01  2.9386261e-01  1.9454868e-01  1.1276999e-01  7.7423759e-02
  1.4675040e-02 -2.1800088e-02 -4.7874600e-02  1.4219064e-02  5.4986037e-02
  1.2746015e-01  8.7932885e-02  1.1926477e-01  1.5188760e-01  2.3486076e-03
  2.5332120e-01  2.5433785e-01  2.7395678e-01  2.7494210e-01  2.6626500e-01
  2.5441453e-01  1.8848880e-01  9.7800478e-02  3.7317600e-02  4.1610960e-02
  2.5107983e-02  3.8692441e-02 -3.7343521e-02 -4.3406997e-02  3.7619643e-02
  7.6507203e-02  5.8401361e-02  4.2026039e-02  1.6928712e-02 -4.3998841e-02
 -1.0799676e-01 -1.0598472e-01 -1.7752033e-02  5.5237677e-02  8.9923680e-02
  1.1651400e-01  1.5230340e-01  1.6480260e-01  1.5651864e-01  1.3759559e-01
  9.2656441e-02  4.9377959e-02 -3.2698441e-02 -9.4843440e-02 -1.0977804e-01
 -6.8267517e-02 -1.5893353e-02  3.6674280e-02  7.6593243e-02  8.2255684e-02
  5.2664761e-02  7.9243563e-02  1.8356653e-01  2.4525721e-01  2.6748073e-01
  1.9638793e-01  1.1684520e-01  4.2954482e-02 -6.1823163e-02 -9.9967681e-02
 -3.4785721e-02  7.6901764e-02  2.0080547e-01  2.8050590e-01  4.2605999e-01
  5.3825402e-01  5.7866400e-01  4.7457001e-01  4.2999122e-02 -2.9809403e-01
 -5.4953641e-01 -7.7893198e-01 -8.2638717e-01 -3.6907920e-01 -2.2243068e-01
 -1.8551664e-01 -1.4604552e-01 -8.9665562e-02 -2.3126507e-02  5.1302157e-02
  7.8516722e-02  6.6454917e-02  3.6050398e-02  2.6118001e-03 -4.4901720e-03
  3.2225076e-02  8.4107518e-02  9.8462157e-02  5.8996078e-02  2.8028052e-02
  2.4997968e-02  2.9955564e-02  1.2144744e-02 -3.2608762e-02
  7.3185839e-02  2.4746507e-03 -8.0367118e-02  7.6659478e-02  2.4987491e-02
 -2.6967095e-02 -1.9149481e-01 -1.4936580e-01 -7.0980839e-02 -9.3164761e-03
  5.2392598e-02  1.9645093e-02 -7.5049557e-02 -1.8487332e-02 -4.2037919e-02
 -1.2051576e-01 -1.6991785e-02  1.0482372e-01  1.6216631e-01  7.7482074e-02
  1.2091212e-01  1.2276901e-01  1.2307320e-01  8.3147399e-02 -1.2414420e-02
 -2.1482173e-02  8.9096040e-02  1.2594384e-01  1.2317616e-01  1.9483055e-01
  2.5313869e-01  1.1140884e-01  1.1095128e-02  9.3393721e-02  1.0090152e-01
  1.5298524e-01  2.1535848e-01  2.8269395e-01  4.6293482e-02 -6.1141681e-02
  2.4317533e-01  2.3144221e-01  1.5541884e-01  9.8030522e-02  8.2022756e-02
  4.2038999e-02  1.4159951e-02 -2.6444916e-03  5.6162883e-02  8.6936399e-02
  1.4629284e-01  1.0653804e-01  1.3837212e-01  1.6598088e-01  2.2300884e-02
  2.5338817e-01  2.5788277e-01  2.7078408e-01  2.6632333e-01  2.5786763e-01
  2.4734844e-01  1.9158876e-01  1.1419488e-01  6.3855723e-02  7.7137925e-02
  6.5910958e-02  6.6397317e-02  7.1790844e-04 -1.1760227e-02  6.2354524e-02
  1.0621368e-01  8.8585921e-02  7.1348399e-02  4.3150321e-02 -2.8584395e-02
 -1.1367577e-01 -1.3097627e-01 -3.3697154e-02  6.0931079e-02  1.1442312e-01
  1.7158969e-01  2.3929162e-01  2.5488791e-01  2.3374692e-01  1.9407277e-01
  1.1835432e-01  5.7430796e-02 -3.6112681e-02 -9.3841203e-02 -1.0200960e-01
 -5.1424559e-02  1.9106532e-03  5.0609518e-02  9.0510122e-02  9.8894157e-02
  6.3272879e-02  7.6495320e-02  1.5825851e-01  2.1299039e-01  2.5297958e-01
  2.0170188e-01  1.4915879e-01  9.1889277e-02 -3.1743936e-02 -8.5609436e-02
 -3.0861322e-02  7.8540482e-02  2.1011977e-01  2.9468918e-01  4.4567999e-01
  5.4650879e-01  5.6639880e-01  5.0375158e-01  1.6949376e-01 -1.9290456e-01
 -4.8390481e-01 -7.2714961e-01 -7.3949760e-01 -2.6835662e-01 -1.4292000e-01
 -1.3770467e-01 -1.2961620e-01 -8.2519919e-02 -4.8715561e-03  8.1941038e-02
  9.8542437e-02  7.1205840e-02  3.9848398e-02  1.1507508e-02  6.9075362e-03
  4.7733121e-02  1.0401660e-01  1.1717352e-01  6.7329720e-02  2.7558610e-02
  2.2561740e-02  2.9148372e-02  1.4284439e-02 -2.5300369e-02
  5.1978242e-02  3.8862720e-03 -6.3142918e-02  7.8816243e-02  2.8531691e-02
 -2.9664865e-02 -2.1329893e-01 -1.5779233e-01 -5.9896797e-02  1.1134512e-02
  5.3587440e-02  2.8878586e-02 -5.1716160e-02 -4.8332163e-03 -2.2659227e-02
 -9.5468760e-02 -1.8352187e-03  1.1298816e-01  1.6345297e-01  9.7705439e-02
  1.5971725e-01  1.3050252e-01  1.0777068e-01  7.8509159e-02 -1.6520508e-02
 -4.7918878e-02  7.8533277e-02  1.2405852e-01  1.3665348e-01  2.1336299e-01
  3.2277888e-01  1.9074708e-01  8.3216518e-02  1.5961824e-01  1.3593851e-01
  1.5273575e-01  1.9165501e-01  2.4970140e-01  3.9930839e-02 -5.4531720e-02
  2.0876761e-01  1.9848168e-01  1.3690476e-01  9.3419999e-02  9.1271520e-02
  6.5911680e-02  4.3549560e-02  3.3323940e-02  9.9885598e-02  1.3512744e-01
  2.0850947e-01  1.6256772e-01  2.0376396e-01  2.1251483e-01  4.3243200e-02
  2.6032320e-01  2.6474941e-01  2.6062992e-01  2.4078456e-01  2.3020847e-01
  2.2530095e-01  1.8769428e-01  1.2845089e-01  8.7666482e-02  1.0986084e-01
  1.0522152e-01  1.0024451e-01  2.9298527e-02  1.2338568e-02  9.1619283e-02
  1.4057639e-01  1.2963024e-01  1.2068280e-01  9.5344201e-02  1.4493997e-02
 -8.5536361e-02 -1.2044197e-01 -3.3713493e-02  5.4338403e-02  1.0563696e-01
  1.8649513e-01  3.0244318e-01  3.3634800e-01  3.1122792e-01  2.6746199e-01
  1.5935041e-01  6.8272918e-02 -3.9714839e-02 -7.8591958e-02 -7.3190883e-02
 -2.2702392e-02  2.0085551e-02  6.3244440e-02  1.1685960e-01  1.5736537e-01
  1.1990052e-01  1.1430576e-01  1.6649640e-01  1.9556208e-01  2.4443354e-01
  2.1462913e-01  1.9775556e-01  1.6503552e-01  2.2306751e-02 -4.4565838e-02
 -2.7962029e-03  1.0034892e-01  2.3656499e-01  3.1728530e-01  4.4490242e-01
  4.9701238e-01  4.8911041e-01  4.8054960e-01  2.4324948e-01 -1.0587600e-01
 -3.6867961e-01 -5.8815718e-01 -5.9223241e-01 -1.6721891e-01 -6.3301675e-02
 -7.1259484e-02 -8.5213803e-02 -5.4024842e-02  1.7287668e-02  9.4803125e-02
  9.4204076e-02  5.7487324e-02  3.1609010e-02  1.0329228e-02  1.0789812e-02
  4.7287438e-02  8.7849356e-02  9.5965199e-02  5.8348078e-02  2.4709428e-02
  1.7021123e-02  2.0325491e-02  8.6591514e-03 -2.4951888e-02
  4.1958001e-02  8.4957844e-03 -5.4038521e-02  9.2273399e-02  3.3075828e-02
 -2.9986236e-02 -2.2732271e-01 -1.6420320e-01 -5.4402482e-02  3.1806793e-02
  6.4904399e-02  3.7152719e-02 -4.4365320e-02  2.8915489e-03 -1.3573225e-02
 -1.0205748e-01  1.2243023e-02  1.2449304e-01  1.5118848e-01  1.2179592e-01
  1.8957780e-01  1.1967047e-01  8.1342719e-02  6.2979482e-02 -1.5632028e-02
 -6.1993081e-02  6.5717995e-02  1.1869848e-01  1.4629212e-01  2.2076243e-01
  3.2333615e-01  2.0814769e-01  1.2349404e-01  1.8621649e-01  1.5304177e-01
  1.5233940e-01  1.8109477e-01  2.3595697e-01  5.6226958e-02 -3.5804991e-02
  2.1725136e-01  2.2915439e-01  1.9907999e-01  1.6774739e-01  1.5827616e-01
  1.0746972e-01  7.4885763e-02  6.4739883e-02  1.3262545e-01  1.6607988e-01
  2.4310008e-01  1.9734479e-01  2.4797952e-01  2.4512868e-01  6.3356042e-02
  2.6543915e-01  2.7630216e-01  2.7099684e-01  2.5397244e-01  2.4756731e-01
  2.3988347e-01  2.0157841e-01  1.4554907e-01  1.0678248e-01  1.3441823e-01
  1.3195115e-01  1.2077820e-01  5.5576079e-02  3.8120043e-02  1.1801556e-01
  1.6755517e-01  1.6214472e-01  1.5880428e-01  1.4362992e-01  7.5738959e-02
 -2.7770905e-02 -8.1266761e-02 -1.7857872e-02  3.4020901e-02  5.8177080e-02
  1.3723956e-01  2.9466543e-01  3.6383039e-01  3.5136503e-01  3.2497561e-01
  2.0057219e-01  8.2796037e-02 -3.1759452e-02 -3.7416238e-02 -1.2466404e-02
  2.2523869e-02  3.8299680e-02  6.9693118e-02  1.3538124e-01  2.0482129e-01
  1.7051759e-01  1.5329376e-01  1.7915615e-01  1.7706096e-01  2.1717505e-01
  1.9356155e-01  2.0697336e-01  2.1463777e-01  8.1675000e-02  8.0021881e-03
  3.4969285e-02  1.3373315e-01  2.7290988e-01  3.4289855e-01  4.2709321e-01
  4.0727881e-01  3.6104038e-01  3.8295722e-01  2.4739814e-01 -6.2574483e-02
 -3.0841595e-01 -5.3822160e-01 -5.4354239e-01 -1.1276352e-01 -1.1627388e-02
 -1.5665760e-02 -3.4768149e-02 -1.7270064e-02  4.1983202e-02  9.5245920e-02
  7.0052035e-02  2.9994624e-02  1.5724873e-02  6.3424441e-03  1.2564468e-02
  4.4140320e-02  7.0698246e-02  7.3952280e-02  4.8982680e-02  2.2610916e-02
  1.2475008e-02  1.2253068e-02  2.3660026e-03 -2.5351597e-02
  2.9622491e-02  9.4825439e-03 -4.5314640e-02  9.7703278e-02  3.5669088e-02
 -2.5218649e-02 -2.4652621e-01 -1.7812836e-01 -5.1898323e-02  7.7130720e-02
  1.1146536e-01  6.2893078e-02 -4.7265481e-02  9.5023438e-03 -5.4664561e-03
 -1.0496556e-01  2.5907617e-02  1.2704869e-01  1.2558097e-01  1.1827368e-01
  1.8662940e-01  9.9013321e-02  4.7421001e-02  3.7968479e-02  3.2383476e-03
 -5.0318282e-02  4.4233918e-02  9.0699844e-02  1.3692348e-01  2.2874688e-01
  3.3204457e-01  2.1652596e-01  1.3881780e-01  1.9803923e-01  1.6780248e-01
  1.6214219e-01  1.8103391e-01  2.1906613e-01  7.3475637e-02 -6.2310961e-03
  1.9699812e-01  2.5013736e-01  2.9713321e-01  3.0274704e-01  2.7682418e-01
  1.7290153e-01  1.1617667e-01  9.0731882e-02  1.4605813e-01  1.5550165e-01
  2.0280996e-01  1.6440192e-01  2.1259908e-01  2.1805993e-01  6.7236841e-02
  2.5084728e-01  2.7084851e-01  2.7702719e-01  2.7783576e-01  2.8200635e-01
  2.6886818e-01  2.2412989e-01  1.6772975e-01  1.2901932e-01  1.6301017e-01
  1.6393572e-01  1.5016861e-01  9.4869003e-02  7.7797800e-02  1.4623272e-01
  1.8595153e-01  1.8864143e-01  1.8703620e-01  1.7545933e-01  1.2416040e-01
  3.1190725e-02 -3.8499840e-02 -5.9083919e-03  1.7383644e-02  2.1705769e-02
  8.1838444e-02  2.2978188e-01  3.0745584e-01  3.0596867e-01  2.9396412e-01
  1.9394712e-01  8.8792920e-02 -1.2469752e-02 -2.5187616e-04  3.5563570e-02
  5.6302920e-02  4.8661560e-02  6.4928882e-02  1.2321973e-01  1.8848340e-01
  1.6753680e-01  1.6615547e-01  1.9246824e-01  1.6845013e-01  1.8490392e-01
  1.5319943e-01  1.7947584e-01  2.2064975e-01  1.1948184e-01  4.8781078e-02
  6.4073883e-02  1.6722792e-01  3.1586182e-01  3.6775801e-01  4.0869719e-01
  3.3883631e-01  2.6708651e-01  2.8996596e-01  2.1727404e-01 -7.1897395e-02
 -3.4636429e-01 -6.4005840e-01 -6.5069282e-01 -1.0070352e-01  2.8927621e-02
  3.3006273e-02  1.8034488e-02  2.8230263e-02  7.5286075e-02  1.0230120e-01
  5.4734401e-02  1.6055100e-02  1.1442564e-02  9.5335925e-03  1.4909725e-02
  3.8014200e-02  5.7814918e-02  6.3791282e-02  4.6930678e-02  2.2412771e-02
  1.0606464e-02  9.4694402e-03  3.6801721e-05 -2.3423005e-02
  1.4705640e-02  7.5444481e-03 -3.8029682e-02  9.9978834e-02  3.7769761e-02
 -1.3561488e-02 -2.4034429e-01 -1.7200260e-01 -3.1893156e-02  1.2584519e-01
  1.6441344e-01  1.0879453e-01 -3.3520896e-02  2.6738279e-02  1.0687752e-02
 -9.7191364e-02  4.9263481e-02  1.4542237e-01  1.1349756e-01  1.0275660e-01
  1.9281563e-01  1.0966393e-01  4.2765480e-02  2.9174471e-02  2.8496807e-02
 -2.4105528e-02  3.8469959e-02  7.1204759e-02  1.2545712e-01  2.3226084e-01
  3.2625395e-01  2.0977885e-01  1.4015521e-01  2.0790540e-01  1.8113904e-01
  1.7310816e-01  1.8663985e-01  2.1637729e-01  9.6281275e-02  2.3050224e-02
  1.7856541e-01  2.2125673e-01  2.7618659e-01  2.9563236e-01  2.7363563e-01
  1.8033049e-01  1.2993912e-01  9.3908519e-02  1.3688388e-01  1.3374324e-01
  1.5773113e-01  1.2621455e-01  1.6414955e-01  1.7346205e-01  6.3021235e-02
  2.1243744e-01  2.4030575e-01  2.5757173e-01  2.7461556e-01  2.8935722e-01
  2.8631556e-01  2.6621783e-01  2.2362624e-01  1.8267408e-01  2.2995073e-01
  2.3049432e-01  2.0742948e-01  1.5373117e-01  1.2809305e-01  1.7184779e-01
  1.9078489e-01  2.0026152e-01  2.0534472e-01  1.9662696e-01  1.5199813e-01
  6.8433478e-02 -1.0129932e-02 -4.1255644e-03  6.4121402e-04 -3.1524335e-03
  4.8943438e-02  1.7491572e-01  2.4653555e-01  2.5261056e-01  2.4420998e-01
  1.7098488e-01  8.6568840e-02  5.9997602e-03  1.9424232e-02  5.5785239e-02
  7.0566840e-02  4.8132360e-02  5.3448118e-02  1.0867716e-01  1.7430912e-01
  1.6907905e-01  1.8399203e-01  2.1140748e-01  1.7117244e-01  1.7050895e-01
  1.2883499e-01  1.5050268e-01  1.9382615e-01  1.1713247e-01  6.0470279e-02
  6.8696640e-02  1.6982208e-01  3.1829506e-01  3.4036309e-01  3.4164467e-01
  2.7107963e-01  2.2143419e-01  2.5973678e-01  2.0191573e-01 -9.0507962e-02
 -3.6643681e-01 -6.8820840e-01 -7.2831243e-01 -9.4967276e-02  6.6417478e-02
  7.8157805e-02  6.9621846e-02  7.3931761e-02  1.0557504e-01  1.1274804e-01
  5.4056879e-02  1.7855963e-02  1.8394487e-02  1.7656056e-02  1.7535059e-02
  3.3800039e-02  5.1929280e-02  5.9041798e-02  4.4821803e-02  2.1051971e-02
  9.4520524e-03  1.0953575e-02  2.3500763e-03 -2.0832373e-02
  7.9292880e-04  6.6131279e-03 -2.8991736e-02  1.0475820e-01  4.0811762e-02
 -1.7436456e-03 -1.8338113e-01 -1.2742920e-01 -6.7161960e-03  1.3880448e-01
  1.8099649e-01  1.4018832e-01  1.3561920e-03  4.4699758e-02  2.8543716e-02
 -6.9761880e-02  6.5224439e-02  1.3945933e-01  9.5675036e-02  8.8474683e-02
  2.0783448e-01  1.4187887e-01  6.9539756e-02  4.4412840e-02  5.4823682e-02
  1.1193192e-02  4.5892440e-02  5.6694597e-02  9.7940162e-02  1.9028988e-01
  2.6509103e-01  1.7031635e-01  1.2116124e-01  1.9064808e-01  1.7419103e-01
  1.7451073e-01  1.9560349e-01  2.2876129e-01  1.2091320e-01  4.5624241e-02
  1.6050744e-01  1.5728544e-01  1.6475615e-01  1.7211600e-01  1.7105833e-01
  1.3766976e-01  1.1964816e-01  8.3868839e-02  1.1865132e-01  1.1412720e-01
  1.2804407e-01  1.0544580e-01  1.3967209e-01  1.5565680e-01  7.1202241e-02
  2.0239416e-01  2.3909329e-01  2.5970218e-01  2.8183356e-01  2.9962081e-01
  2.9998043e-01  2.9964384e-01  2.7201167e-01  2.3234041e-01  2.9064709e-01
  2.7766296e-01  2.2788791e-01  1.8369792e-01  1.6182612e-01  1.8331307e-01
  1.8330984e-01  1.9639836e-01  2.1046968e-01  2.0944296e-01  1.7085348e-01
  8.7479278e-02 -1.0270980e-02 -2.5495237e-02 -3.6668163e-02 -4.2831361e-02
  5.0061602e-02  2.0020428e-01  2.5249571e-01  2.4560314e-01  2.3299056e-01
  1.6745545e-01  8.8707604e-02  2.0667670e-02  3.5791129e-02  7.1399882e-02
  7.9673044e-02  4.0450320e-02  3.8004480e-02  1.0282464e-01  1.8445967e-01
  1.9111069e-01  2.1241333e-01  2.3153579e-01  1.7562024e-01  1.6482277e-01
  1.1690748e-01  1.2932532e-01  1.7153028e-01  1.0686276e-01  5.6476440e-02
  5.2264079e-02  1.3064797e-01  2.5438318e-01  2.5788277e-01  2.4943717e-01
  2.1405959e-01  2.1245329e-01  2.8206646e-01  2.1089448e-01 -1.0075788e-01
 -3.4005600e-01 -6.3339120e-01 -6.9714355e-01 -7.6890960e-02  1.0294488e-01
  1.3014252e-01  1.2589775e-01  1.1684952e-01  1.2818700e-01  1.1877409e-01
  5.5337042e-02  2.0268900e-02  2.2714956e-02  2.2908492e-02  1.8781019e-02
  3.1800926e-02  5.0402880e-02  5.7496678e-02  4.1281562e-02  1.6665947e-02
  7.3371963e-03  1.2940920e-02  8.4921122e-03 -1.4163732e-02
 -8.4600719e-03  9.1517763e-03 -1.2623976e-02  9.7800478e-02  4.1601960e-02
  9.5486762e-03 -1.1219689e-01 -7.6611593e-02  5.6116800e-03  1.2955607e-01
  1.7925587e-01  1.5438023e-01  2.9599849e-02  5.3559359e-02  3.8814120e-02
 -3.2502096e-02  6.3871205e-02  1.0722204e-01  6.8145841e-02  6.7339435e-02
  1.8986401e-01  1.3841641e-01  7.1544960e-02  4.4504281e-02  5.9555877e-02
  3.2262769e-02  5.1733442e-02  4.2495120e-02  6.3502200e-02  1.2655585e-01
  1.8577476e-01  1.2558745e-01  9.7368486e-02  1.5699996e-01  1.5103585e-01
  1.6634916e-01  2.0449044e-01  2.4437664e-01  1.3635145e-01  5.5243440e-02
  1.2600756e-01  1.0709424e-01  1.0395684e-01  1.1260944e-01  1.2981924e-01
  1.3346855e-01  1.3482073e-01  8.9166604e-02  1.1663748e-01  1.0086732e-01
  1.0120248e-01  8.6593315e-02  1.2040380e-01  1.4694877e-01  8.5532755e-02
  2.0390797e-01  2.5060681e-01  2.7175894e-01  2.9501566e-01  3.0984154e-01
  2.8981981e-01  2.7377677e-01  2.4930649e-01  2.2015585e-01  2.7791461e-01
  2.6527283e-01  2.1383029e-01  1.9579861e-01  1.8961884e-01  2.0343059e-01
  1.9268423e-01  2.0880216e-01  2.3350824e-01  2.3926573e-01  1.9802484e-01
  1.0875384e-01 -7.5542042e-03 -4.8724920e-02 -8.6798526e-02 -9.4182119e-02
  8.4388681e-02  2.9847276e-01  3.1619123e-01  2.7048746e-01  2.3551704e-01
  1.6769664e-01  9.5090039e-02  3.5805386e-02  4.8759118e-02  7.5953878e-02
  7.1090281e-02  1.8748656e-02  1.0339092e-02  8.4298320e-02  1.8667547e-01
  2.0039113e-01  2.1605903e-01  2.1859343e-01  1.5516396e-01  1.4074488e-01
  9.5412239e-02  1.0661399e-01  1.5575761e-01  1.0044108e-01  4.8124798e-02
  2.9332478e-02  8.6238004e-02  1.8271872e-01  1.8427932e-01  2.0254356e-01
  2.1222900e-01  2.4009010e-01  3.0907765e-01  2.2216643e-01 -7.1776077e-02
 -2.6964578e-01 -5.4505080e-01 -6.4542240e-01 -6.3525602e-02  1.3363777e-01
  1.8890928e-01  1.9506781e-01  1.7060651e-01  1.6363980e-01  1.3842864e-01
  6.1389361e-02  2.0461535e-02  2.2241233e-02  2.3399243e-02  1.6117776e-02
  2.3401009e-02  3.8449440e-02  4.5839880e-02  3.1520162e-02  9.2441877e-03
  3.0709188e-03  1.1529217e-02  1.3782240e-02 -3.3632389e-03
 -1.2244645e-02  1.4790708e-02  2.3083775e-03  8.5428715e-02  4.1030642e-02
  2.0507148e-02 -6.3200518e-02 -3.6582839e-02  2.1819780e-02  1.2058128e-01
  1.6625376e-01  1.5677604e-01  4.2857278e-02  6.0341038e-02  4.6375562e-02
 -1.5916822e-02  6.9490798e-02  1.0588716e-01  6.2711999e-02  5.8753442e-02
  1.7843327e-01  1.2516768e-01  6.1416358e-02  3.6194760e-02  5.7801239e-02
  4.4537399e-02  5.5015918e-02  3.2629285e-02  4.5700200e-02  9.8536320e-02
  1.4681771e-01  1.0037592e-01  8.2603797e-02  1.2980773e-01  1.3102704e-01
  1.6001640e-01  2.1303612e-01  2.5549415e-01  1.4371955e-01  5.7282843e-02
  1.0072080e-01  8.6341679e-02  9.4447799e-02  1.1318725e-01  1.4155200e-01
  1.6050960e-01  1.6757315e-01  1.0097280e-01  1.1755260e-01  8.5648678e-02
  7.4552402e-02  6.9993354e-02  1.0848635e-01  1.4313419e-01  9.8292239e-02
  1.9575971e-01  2.5240245e-01  2.7828106e-01  3.0636615e-01  3.1764060e-01
  2.6878211e-01  2.2317012e-01  1.9341144e-01  1.7711461e-01  2.3199083e-01
  2.4274583e-01  2.1835440e-01  2.3038127e-01  2.3075783e-01  2.3044789e-01
  2.0168459e-01  2.1639277e-01  2.5366968e-01  2.7215242e-01  2.3553467e-01
  1.4423148e-01  1.3087512e-02 -4.6595879e-02 -1.0036692e-01 -1.0167948e-01
  1.2037320e-01  3.8686681e-01  3.9983040e-01  3.1931064e-01  2.5170335e-01
  1.7210664e-01  1.0194300e-01  4.7385361e-02  5.4428760e-02  6.6733554e-02
  4.5438841e-02 -1.8110771e-02 -3.2938380e-02  4.7461677e-02  1.7085671e-01
  1.8988669e-01  1.9476144e-01  1.8338688e-01  1.2630780e-01  1.1609568e-01
  7.5807363e-02  9.0756722e-02  1.3834907e-01  8.4765241e-02  2.6112132e-02
 -1.1124467e-02  3.3710327e-02  1.1861568e-01  1.1835576e-01  1.6242300e-01
  2.1424140e-01  2.5967124e-01  2.9939291e-01  2.2134024e-01  2.4793667e-03
 -1.6378559e-01 -4.5414001e-01 -6.0504121e-01 -6.3550077e-02  1.2692772e-01
  1.8966997e-01  2.0466144e-01  1.7587116e-01  1.6376904e-01  1.3947876e-01
  6.2548555e-02  1.8990468e-02  2.0195605e-02  2.1450168e-02  1.1974175e-02
  1.3297068e-02  2.2959720e-02  2.9220983e-02  1.9869732e-02  1.8067176e-03
 -3.6754559e-03  5.8161961e-03  1.3333608e-02  5.4356758e-03
 -1.8708624e-02  1.9500840e-02  1.1318940e-02  8.8364519e-02  5.0210282e-02
  3.7588682e-02 -3.3108518e-02 -5.8312798e-03  4.1006878e-02  1.1610252e-01
  1.4599368e-01  1.4468400e-01  4.7472842e-02  6.1511762e-02  4.9851719e-02
 -5.5295280e-03  7.3392123e-02  1.0447524e-01  5.7209045e-02  4.8581637e-02
  1.6510823e-01  1.1598444e-01  5.7407759e-02  3.4796629e-02  6.7045316e-02
  5.8181401e-02  6.1040521e-02  3.1120127e-02  3.9815642e-02  8.5407481e-02
  1.2448080e-01  8.3658598e-02  7.3802523e-02  1.1640672e-01  1.2662928e-01
  1.6407432e-01  2.1384108e-01  2.4274583e-01  1.4253084e-01  6.3519120e-02
  1.1172636e-01  9.7071119e-02  1.0358244e-01  1.2448692e-01  1.5783335e-01
  1.8175356e-01  1.8695161e-01  1.0358965e-01  1.0611540e-01  6.2323563e-02
  4.6138320e-02  5.2273802e-02  9.8540999e-02  1.3882932e-01  1.0349172e-01
  1.8099180e-01  2.4263245e-01  2.6790518e-01  2.9457650e-01  3.0202812e-01
  2.4193871e-01  1.8993744e-01  1.6438897e-01  1.5932663e-01  2.1716028e-01
  2.4031404e-01  2.2213657e-01  2.4463585e-01  2.4741107e-01  2.3560165e-01
  1.8842617e-01  1.9566721e-01  2.4256261e-01  2.7291167e-01  2.4747550e-01
  1.6644312e-01  3.9018240e-02 -2.6893331e-02 -8.1139319e-02 -7.7145115e-02
  1.2690468e-01  3.9501360e-01  4.2058080e-01  3.2908177e-01  2.4448031e-01
  1.6548516e-01  1.0407276e-01  6.0327720e-02  7.3326960e-02  8.2296722e-02
  4.2787798e-02 -4.8693959e-02 -7.8486115e-02  1.3926096e-02  1.6360956e-01
  1.8679537e-01  1.8653256e-01  1.7195399e-01  1.2216204e-01  1.1626524e-01
  7.3529281e-02  8.9563683e-02  1.3522536e-01  7.0925400e-02 -6.4624322e-04
 -5.3687882e-02 -2.2119839e-02  5.1857281e-02  5.0614920e-02  1.0851552e-01
  1.8991296e-01  2.5217858e-01  2.8422073e-01  2.5129297e-01  8.5567318e-02
 -1.0024344e-01 -4.4690400e-01 -6.2154001e-01 -8.1100076e-02  9.9310324e-02
  1.5026651e-01  1.5275016e-01  1.1845297e-01  1.0869804e-01  1.0178496e-01
  5.0454360e-02  1.5468264e-02  1.7034227e-02  1.7497333e-02  8.4294723e-03
  6.4274399e-03  1.2483576e-02  1.8349236e-02  1.2477311e-02 -4.3238159e-03
 -1.0910088e-02 -8.7884278e-04  1.1570903e-02  1.6355196e-02
 -3.2097675e-02  1.8842293e-02  1.9891944e-02  1.0154159e-01  6.8199843e-02
  6.2828280e-02 -5.4230760e-03  2.5412256e-02  6.3552596e-02  1.1545199e-01
  1.2864061e-01  1.3200264e-01  5.1726960e-02  5.8501802e-02  4.7657881e-02
  1.5327360e-03  6.7042440e-02  8.7026402e-02  3.9665520e-02  2.6605835e-02
  1.2439404e-01  8.5830837e-02  3.4905601e-02  1.9130005e-02  7.0309080e-02
  7.0347235e-02  6.6298679e-02  3.3835214e-02  3.8544118e-02  6.9287762e-02
  9.7012445e-02  6.4643756e-02  6.3080639e-02  1.0545624e-01  1.2106835e-01
  1.6189632e-01  2.0670947e-01  2.3118803e-01  1.5001452e-01  7.8599162e-02
  1.5683040e-01  1.3822921e-01  1.3229027e-01  1.4838049e-01  1.7817047e-01
  1.8753947e-01  1.7690183e-01  9.0646915e-02  8.4739320e-02  3.8771279e-02
  1.9665612e-02  3.8536560e-02  1.0193724e-01  1.5133139e-01  1.1466792e-01
  1.8205597e-01  2.4696180e-01  2.5473779e-01  2.6123291e-01  2.6076889e-01
  2.1200185e-01  1.8454717e-01  1.8112320e-01  1.8543780e-01  2.4983171e-01
  2.6242164e-01  2.1920040e-01  2.3335488e-01  2.3927581e-01  2.2031280e-01
  1.5833592e-01  1.5290892e-01  2.0665872e-01  2.5100318e-01  2.3757517e-01
  1.7060328e-01  5.8550403e-02 -1.4555160e-02 -7.4555278e-02 -6.9327720e-02
  1.1933459e-01  3.4747452e-01  3.5461009e-01  2.7050832e-01  1.9932587e-01
  1.4407091e-01  1.0075932e-01  7.5615838e-02  1.0716516e-01  1.2412512e-01
  7.0109636e-02 -5.2456319e-02 -1.0539432e-01 -8.4179519e-03  1.7025840e-01
  2.0567916e-01  2.0937456e-01  1.9417536e-01  1.4268960e-01  1.3374792e-01
  7.9446599e-02  9.1751762e-02  1.4065777e-01  7.0863478e-02 -7.7958005e-03
 -6.6824995e-02 -4.8317038e-02  6.7143240e-03  1.5221520e-03  6.3309245e-02
  1.4982300e-01  2.0727864e-01  2.4491735e-01  2.6947474e-01  1.3714379e-01
 -7.7285521e-02 -4.6711802e-01 -6.9084001e-01 -1.3599540e-01  8.2104124e-02
  1.3803156e-01  1.1354112e-01  6.7092121e-02  6.3241556e-02  7.4094482e-02
  4.2773038e-02  1.4148791e-02  1.5576985e-02  1.4766228e-02  6.8997601e-03
  3.5129089e-03  6.3348482e-03  1.1762099e-02  8.7431762e-03 -7.9677356e-03
 -1.5274908e-02 -3.1871125e-03  1.5763212e-02  3.1738065e-02
 -4.2192359e-02  1.1239092e-02  2.3278968e-02  9.8607957e-02  7.7350676e-02
  8.2845360e-02  2.0523097e-02  4.8492000e-02  7.5917520e-02  1.0675584e-01
  1.0746144e-01  1.1676347e-01  5.6325238e-02  6.0324840e-02  4.9500000e-02
  6.9999485e-03  6.1383236e-02  7.1743682e-02  2.2018429e-02  2.9730601e-03
  8.8529758e-02  5.0349962e-02 -1.0862964e-03 -8.8764476e-03  6.7073755e-02
  8.2963802e-02  7.4067481e-02  3.7515242e-02  4.0894199e-02  5.7960361e-02
  7.3140480e-02  4.3646399e-02  4.6730880e-02  8.7313324e-02  1.0624141e-01
  1.5531409e-01  2.0760047e-01  2.3538493e-01  1.5645564e-01  8.4646434e-02
  1.8922104e-01  1.7555615e-01  1.6243055e-01  1.7172287e-01  1.9024092e-01
  1.7839512e-01  1.5020569e-01  6.9915600e-02  6.3620999e-02  1.9894032e-02
 -4.5492840e-03  2.7024517e-02  1.0860480e-01  1.6419527e-01  1.2123324e-01
  1.7554572e-01  2.4236026e-01  2.3707403e-01  2.2682339e-01  2.2005647e-01
  1.9113840e-01  2.0151180e-01  2.2806323e-01  2.3667587e-01  3.0279887e-01
  2.9591963e-01  2.2149467e-01  2.2372667e-01  2.2936572e-01  2.0191644e-01
  1.3026637e-01  1.1003111e-01  1.6575444e-01  2.2904426e-01  2.3366627e-01
  1.7709768e-01  7.0098840e-02 -1.3676472e-02 -7.7919118e-02 -6.4413719e-02
  1.1129292e-01  2.8870127e-01  2.7039132e-01  2.0095560e-01  1.5563989e-01
  1.3129020e-01  1.0507428e-01  9.6836045e-02  1.4817457e-01  1.7130023e-01
  1.0421640e-01 -4.0480558e-02 -1.1227752e-01 -2.1612419e-02  1.7545788e-01
  2.3299991e-01  2.4899004e-01  2.2913603e-01  1.6946100e-01  1.5055704e-01
  8.2873441e-02  8.8813804e-02  1.3634676e-01  7.2899640e-02  2.1436703e-03
 -5.3125922e-02 -4.5378361e-02 -1.2506220e-02 -2.4976799e-02  3.7706763e-02
  1.2560111e-01  1.7566092e-01  2.1618612e-01  2.6581824e-01  1.3235112e-01
 -9.8350562e-02 -4.8096722e-01 -7.5416762e-01 -2.2977324e-01  3.7671480e-02
  1.2183445e-01  8.0764562e-02  2.7023256e-02  3.5086643e-02  6.7634277e-02
  4.7018521e-02  1.4862169e-02  1.5347268e-02  1.4617836e-02  7.7366163e-03
  4.3680244e-03  4.7111758e-03  7.9242475e-03  5.7992400e-03 -1.2093408e-02
 -1.9754460e-02 -1.8848809e-03  2.6157817e-02  5.1940080e-02
 -4.8940200e-02  1.1805912e-03  2.1123648e-02  8.7914519e-02  8.0294400e-02
  9.8425083e-02  4.4432998e-02  6.3878402e-02  7.5884044e-02  8.4222719e-02
  7.6840922e-02  9.2838243e-02  5.6816280e-02  6.5461680e-02  5.8230717e-02
  1.7078543e-02  6.3041762e-02  6.4685158e-02  7.8270119e-03 -2.0105677e-02
  5.9596922e-02  1.2958416e-02 -4.2128280e-02 -3.8152080e-02  6.3592203e-02
  1.0044036e-01  8.8381439e-02  4.2652082e-02  4.5191158e-02  5.3595718e-02
  5.8595404e-02  2.4170039e-02  2.9088540e-02  6.4995840e-02  8.5668840e-02
  1.4398524e-01  1.9806011e-01  2.1138588e-01  1.2936457e-01  6.5062799e-02
  1.7410968e-01  1.7494848e-01  1.6158636e-01  1.6259579e-01  1.7247312e-01
  1.5973380e-01  1.2967597e-01  5.2837558e-02  4.5597598e-02  5.8048922e-03
 -2.0455632e-02  1.2697128e-02  9.2990525e-02  1.5161221e-01  1.1801196e-01
  1.5550236e-01  2.2576717e-01  2.1996790e-01  2.0451780e-01  1.9357200e-01
  1.7722836e-01  2.1601476e-01  2.6462087e-01  2.7100691e-01  3.2649443e-01
  3.0740687e-01  2.2109798e-01  2.1877453e-01  2.2535315e-01  1.9482660e-01
  1.1800008e-01  8.2602002e-02  1.3459031e-01  2.0358647e-01  2.1285217e-01
  1.6374096e-01  7.2927721e-02 -4.9369321e-03 -6.0995162e-02 -4.1742001e-02
  1.0273464e-01  2.3892877e-01  2.2827061e-01  1.8645264e-01  1.6017768e-01
  1.5245388e-01  1.2735395e-01  1.2411720e-01  1.8264492e-01  1.9907027e-01
  1.1793132e-01 -3.4939080e-02 -1.0883952e-01 -2.5005851e-02  1.6624260e-01
  2.3461489e-01  2.5855416e-01  2.3330700e-01  1.7363629e-01  1.4777893e-01
  7.8726962e-02  7.8307554e-02  1.1278512e-01  5.9256721e-02  3.7538279e-03
 -3.9862078e-02 -3.9501000e-02 -2.4992315e-02 -3.9919320e-02  2.6056187e-02
  1.3428971e-01  2.0601109e-01  2.6527393e-01  3.2741460e-01  9.3278877e-02
 -2.4633756e-01 -6.4672196e-01 -8.8770956e-01 -3.6717480e-01 -5.5924203e-02
  8.7585121e-02  5.2784998e-02 -2.1591792e-03  1.1210796e-02  6.0872398e-02
  5.6927521e-02  1.4374116e-02  1.3433687e-02  1.5669145e-02  1.0768140e-02
  8.5750921e-03  7.0622643e-03  6.4597316e-03  1.1162593e-03 -2.1864204e-02
 -2.9229589e-02 -1.6365923e-03  3.8470678e-02  7.0601039e-02
 -6.1980121e-02 -9.1832038e-03  1.9159129e-02  7.7256002e-02  8.3374202e-02
  1.1897963e-01  7.8530759e-02  9.0174600e-02  8.6965196e-02  7.0799045e-02
  5.1527880e-02  6.7492083e-02  5.1008761e-02  6.5133363e-02  6.5453038e-02
  2.7347436e-02  6.0953043e-02  5.0779078e-02 -6.4050481e-03 -3.8142722e-02
  2.3293296e-02 -2.8151460e-02 -8.1659883e-02 -6.1645683e-02  6.9107398e-02
  1.2152377e-01  9.8639637e-02  4.0591080e-02  4.0112279e-02  4.2862680e-02
  4.0745161e-02  1.8926351e-03  9.9656638e-03  3.9640680e-02  6.1524723e-02
  1.2683339e-01  1.7634240e-01  1.6636321e-01  8.7923162e-02  3.7324440e-02
  1.3380048e-01  1.5168312e-01  1.4727564e-01  1.4924195e-01  1.5926941e-01
  1.5496308e-01  1.2754583e-01  4.3756198e-02  3.2969806e-02 -6.4607761e-03
 -3.1840347e-02  2.8372754e-04  7.4080080e-02  1.3993381e-01  1.2442752e-01
  1.5280056e-01  2.3594436e-01  2.2884624e-01  2.0623033e-01  1.8756251e-01
  1.6678727e-01  2.0991780e-01  2.6393616e-01  2.6729822e-01  3.0718583e-01
  2.8426898e-01  2.0364515e-01  2.0309795e-01  2.1380796e-01  1.8699479e-01
  1.1055457e-01  6.1479721e-02  1.0212012e-01  1.6012187e-01  1.6589916e-01
  1.2923461e-01  6.6937320e-02  8.6321160e-03 -3.4163386e-02 -1.6383672e-02
  9.9302039e-02  2.2029193e-01  2.3322852e-01  2.1521808e-01  1.9401012e-01
  1.8872172e-01  1.4859612e-01  1.3682340e-01  1.8639503e-01  1.9618128e-01
  1.2130667e-01 -1.8398700e-02 -8.8590600e-02 -1.6970437e-02  1.5540949e-01
  2.2426885e-01  2.5090671e-01  2.1839869e-01  1.6146864e-01  1.3279933e-01
  7.4140921e-02  6.9543719e-02  8.9429758e-02  4.4379361e-02 -1.2620016e-03
 -3.6381241e-02 -4.0036682e-02 -3.4638230e-02 -4.3212239e-02  3.3138681e-02
  1.7650619e-01  2.9656512e-01  3.8316241e-01  4.1824800e-01  3.0386088e-02
 -4.0800959e-01 -8.0313838e-01 -1.0011096e+00 -5.0116318e-01 -1.6177249e-01
  5.2408800e-02  4.1614562e-02 -1.2147300e-02 -1.8980820e-03  5.5105560e-02
  6.8452924e-02  1.2656880e-02  7.6375804e-03  1.5156576e-02  1.6324056e-02
  1.9466711e-02  1.5675409e-02  7.8235203e-03 -2.9635918e-03 -3.1078117e-02
 -3.3254135e-02  4.2605279e-03  5.1036119e-02  8.0977678e-02
 -7.7529237e-02 -1.7161308e-02  2.0793527e-02  6.1172280e-02  8.2610644e-02
  1.3256639e-01  1.1395080e-01  1.1817504e-01  1.0878300e-01  7.9441205e-02
  4.5459721e-02  5.6356199e-02  4.7092680e-02  5.9950083e-02  6.0901921e-02
  2.6347140e-02  4.0603682e-02  2.2680575e-02 -2.3127336e-02 -5.3486641e-02
 -2.1886813e-02 -7.6657675e-02 -1.2210155e-01 -7.8103438e-02  8.9574121e-02
  1.5390864e-01  1.1034540e-01  3.3614784e-02  2.7768817e-02  2.6219843e-02
  1.7616238e-02 -2.3480639e-02 -8.9782923e-03  1.3866193e-02  3.7822321e-02
  1.0900152e-01  1.5735421e-01  1.2984012e-01  5.8692239e-02  1.9529207e-02
  9.9176757e-02  1.3037220e-01  1.3943015e-01  1.5041339e-01  1.6350804e-01
  1.6225453e-01  1.3286987e-01  3.8278800e-02  2.2564080e-02 -2.7563041e-02
 -5.9507642e-02 -1.6385796e-02  6.3379802e-02  1.3801320e-01  1.3476419e-01
  1.5428880e-01  2.5604963e-01  2.4936840e-01  2.2011624e-01  1.9075392e-01
  1.5176448e-01  1.8055440e-01  2.2658977e-01  2.2952951e-01  2.5624907e-01
  2.3274541e-01  1.6373627e-01  1.6762248e-01  1.8481463e-01  1.6856316e-01
  1.0194588e-01  4.2711120e-02  6.5917082e-02  1.0755144e-01  1.1707775e-01
  9.9905394e-02  6.1724160e-02  1.7993448e-02 -1.7168652e-02 -1.3499064e-03
  1.0380456e-01  2.2154473e-01  2.3824009e-01  2.2258657e-01  1.9404396e-01
  1.8610920e-01  1.3675284e-01  1.1943073e-01  1.5674616e-01  1.7095104e-01
  1.2332089e-01  9.2674438e-03 -6.0111724e-02 -6.1869957e-03  1.4722489e-01
  2.1644999e-01  2.5260082e-01  2.2092193e-01  1.6480152e-01  1.3149431e-01
  8.0456764e-02  7.1179204e-02  7.5983763e-02  3.1663045e-02 -7.1602562e-03
 -3.6232561e-02 -4.1629322e-02 -3.8257562e-02 -3.6224641e-02  5.4727919e-02
  2.3853061e-01  4.3193880e-01  5.5550164e-01  4.9660921e-01 -3.9767041e-03
 -3.7617120e-01 -6.8358600e-01 -9.1299963e-01 -5.6537640e-01 -2.5902936e-01
  3.4332264e-03  3.1758193e-02 -1.7642844e-02 -5.2029719e-03  6.5503083e-02
  9.3595318e-02  2.3266908e-02  7.3074601e-03  1.2291624e-02  1.5859405e-02
  2.5642332e-02  1.8795563e-02  3.7004040e-03 -6.4040762e-03 -3.6470518e-02
 -3.0011185e-02  1.8526319e-02  6.5138400e-02  8.8236719e-02
 -8.5914358e-02 -2.0170979e-02  2.5702883e-02  4.5035642e-02  7.5581275e-02
  1.2963924e-01  1.3848984e-01  1.4259528e-01  1.4614992e-01  1.2392101e-01
  6.8267517e-02  8.1694081e-02  6.9966361e-02  7.4499846e-02  6.4258561e-02
  1.9625399e-02  1.0893132e-02 -1.8136764e-02 -5.9068076e-02 -9.0433441e-02
 -8.3369881e-02 -1.3767192e-01 -1.6206443e-01 -8.3704315e-02  1.2068675e-01
  2.0093760e-01  1.3699619e-01  3.0175271e-02  1.4859431e-02  7.3538646e-03
 -7.5864596e-03 -4.5667440e-02 -2.3065740e-02 -7.2201598e-03  1.8245304e-02
  9.3782522e-02  1.4334552e-01  1.0256616e-01  3.9743640e-02  9.1299964e-03
  7.8108482e-02  1.1819268e-01  1.3168332e-01  1.4654341e-01  1.6333631e-01
  1.6698563e-01  1.3600260e-01  3.7910879e-02  1.3279968e-02 -5.3332560e-02
 -9.8304123e-02 -3.8997721e-02  5.5063799e-02  1.3998240e-01  1.4447232e-01
  1.4688575e-01  2.6755670e-01  2.6853481e-01  2.3808348e-01  1.9522583e-01
  1.3062851e-01  1.4174569e-01  1.7964935e-01  1.8603793e-01  2.0776571e-01
  1.8981828e-01  1.3121532e-01  1.4465700e-01  1.6871940e-01  1.5928668e-01
  1.0052495e-01  2.9305656e-02  3.7074957e-02  6.6597484e-02  8.4919684e-02
  8.8870317e-02  6.8604119e-02  3.1625748e-02 -2.1587580e-03  1.1907755e-02
  1.1097503e-01  2.2132838e-01  2.3110092e-01  2.1056291e-01  1.7175563e-01
  1.6254288e-01  1.1308032e-01  9.5025957e-02  1.1884104e-01  1.3020480e-01
  1.0359900e-01  2.2946075e-02 -3.7995122e-02 -6.4645559e-03  1.1345328e-01
  1.7837100e-01  2.4044652e-01  2.3956776e-01  1.9021608e-01  1.3667868e-01
  8.3066761e-02  6.8298481e-02  6.1189204e-02  1.6968744e-02 -1.6980480e-02
 -4.1165642e-02 -4.2289920e-02 -3.4044374e-02 -2.1388104e-02  7.7411160e-02
  2.9177999e-01  5.5915201e-01  7.2198361e-01  5.6879997e-01  9.3697207e-03
 -2.5438392e-01 -4.6846804e-01 -7.3357922e-01 -5.6195283e-01 -3.3187103e-01
 -4.7976483e-02  1.7306963e-02 -3.1119587e-02 -6.4454041e-03  9.3461759e-02
  1.3857444e-01  4.5447841e-02  1.2601584e-02  3.0049130e-03 -3.4449622e-03
  7.6271039e-03 -1.4073228e-03 -1.7816581e-02 -1.7451324e-02 -4.6643399e-02
 -3.4291837e-02  2.1063095e-02  6.9335997e-02  9.6905522e-02
 -9.2951998e-02 -2.1916261e-02  3.3455733e-02  3.3390142e-02  6.7402802e-02
  1.1863332e-01  1.5409259e-01  1.6741765e-01  1.9775772e-01  1.9419913e-01
  1.0166508e-01  1.3781340e-01  1.3476025e-01  1.3065660e-01  1.0357416e-01
  2.4701616e-02 -2.8349280e-02 -1.0239660e-01 -1.5449004e-01 -1.8070129e-01
 -1.8522143e-01 -2.1769632e-01 -2.0262240e-01 -8.0189638e-02  1.6368803e-01
  2.6283926e-01  1.7884980e-01  2.9745793e-02  2.0101895e-03 -1.4131872e-02
 -3.4224551e-02 -6.3369721e-02 -3.7202038e-02 -2.9079756e-02 -1.0984500e-03
  8.2131840e-02  1.3404708e-01  7.8318723e-02  2.2527613e-02 -1.7455319e-03
  6.2430117e-02  1.0872000e-01  1.1245320e-01  1.2123431e-01  1.4405471e-01
  1.6715592e-01  1.4485176e-01  4.8862439e-02  1.0696717e-02 -7.2604798e-02
 -1.2989987e-01 -6.2378280e-02  3.9758399e-02  1.2855132e-01  1.3885739e-01
  1.2010825e-01  2.4835682e-01  2.6509646e-01  2.4348709e-01  1.8928944e-01
  1.0075464e-01  1.0141164e-01  1.4185441e-01  1.5538608e-01  1.7407045e-01
  1.6058484e-01  1.0852200e-01  1.3791673e-01  1.6993187e-01  1.6000631e-01
  1.0402956e-01  1.6696764e-02  1.0700352e-02  2.9498436e-02  6.0643084e-02
  9.2090882e-02  9.1539361e-02  5.8367521e-02  2.2543129e-02  2.8947312e-02
  1.0774800e-01  2.0317572e-01  2.1918024e-01  2.0923740e-01  1.6730820e-01
  1.6108452e-01  1.0396080e-01  8.0703720e-02  9.1434963e-02  9.3246117e-02
  7.3264323e-02  2.2508459e-02 -2.4153624e-02 -1.3923179e-02  6.8297394e-02
  1.2699576e-01  2.1245472e-01  2.4733189e-01  2.1025440e-01  1.2969252e-01
  7.4042998e-02  6.1381083e-02  5.2076519e-02  8.1608407e-03 -2.5565868e-02
 -4.7359798e-02 -3.9435118e-02 -2.3187276e-02 -4.5048599e-03  7.9497725e-02
  2.8631413e-01  5.8662355e-01  7.5421798e-01  5.5643040e-01  3.0620772e-02
 -1.6104168e-01 -2.9721564e-01 -5.0105518e-01 -4.2464522e-01 -2.9082024e-01
 -4.8900601e-02  1.7939592e-02 -4.4354521e-02 -1.2696228e-02  1.2959640e-01
  1.9479169e-01  6.0239159e-02  1.1444004e-02 -8.5772164e-03 -2.5293062e-02
 -1.6493076e-02 -2.8490400e-02 -4.3955639e-02 -3.0446965e-02 -5.7378240e-02
 -4.2773038e-02  1.0267632e-02  6.1046280e-02  1.0214100e-01
 -1.1286215e-01 -2.5753248e-02  5.1980037e-02  3.1204261e-02  7.0735678e-02
  1.1679192e-01  1.7498520e-01  1.9477296e-01  2.4231744e-01  2.4397345e-01
  9.5358238e-02  1.5749100e-01  1.9310364e-01  1.9249417e-01  1.6534944e-01
  6.1405562e-02 -6.5539435e-02 -2.2665492e-01 -3.0709618e-01 -3.1108534e-01
 -3.0986029e-01 -3.0274558e-01 -2.5059602e-01 -7.5790800e-02  2.2650948e-01
  3.4591573e-01  2.3835996e-01  3.5035163e-02  8.2582555e-04 -2.5405921e-02
 -4.6935000e-02 -6.8268955e-02 -4.5466200e-02 -4.6753917e-02 -1.9992925e-02
  6.8588644e-02  1.2081385e-01  4.6018440e-02 -1.3599648e-03 -1.6881373e-02
  3.4872085e-02  9.1047235e-02  8.9612283e-02  9.6780241e-02  1.2699072e-01
  1.7645903e-01  1.6945668e-01  7.3071361e-02  1.1018015e-02 -9.4560482e-02
 -1.5891229e-01 -8.9033760e-02  1.5279371e-02  1.0239336e-01  1.1853648e-01
  8.6531401e-02  2.1371077e-01  2.4125077e-01  2.2796424e-01  1.6720487e-01
  6.2794805e-02  5.9224680e-02  1.0879200e-01  1.3090105e-01  1.4054509e-01
  1.2621887e-01  8.0575205e-02  1.2660876e-01  1.6563384e-01  1.5491268e-01
  1.0498608e-01  2.3318462e-03 -1.4986008e-02 -9.5620677e-03  3.4561943e-02
  1.0247436e-01  1.2893112e-01  9.8537400e-02  5.2973643e-02  3.3816777e-02
  6.6781797e-02  1.3217759e-01  1.6989444e-01  1.9204704e-01  1.6153273e-01
  1.7270316e-01  1.0424700e-01  7.5313807e-02  8.1454322e-02  7.8981839e-02
  5.7416044e-02  1.9550772e-02 -1.8469585e-02 -2.2132007e-02  3.4556076e-02
  9.4071239e-02  1.9270439e-01  2.4125543e-01  2.1843828e-01  1.1880432e-01
  6.8130359e-02  6.5246396e-02  5.9897877e-02  1.1790828e-02 -2.2785373e-02
 -4.1678999e-02 -2.8917143e-02 -1.2855528e-02  2.6966413e-03  5.7612240e-02
  2.2286630e-01  4.9157280e-01  6.0972476e-01  4.1187602e-01  3.3785354e-02
 -8.5835882e-02 -1.5658416e-01 -2.5569504e-01 -2.1908952e-01 -1.7040059e-01
 -3.2205962e-02  1.8762876e-03 -7.1264520e-02 -5.1201001e-02  1.5579541e-01
  2.8422901e-01  9.1631159e-02  2.0090807e-02 -4.9344120e-03 -1.9904293e-02
 -4.3795439e-03 -1.6712245e-02 -3.5910573e-02 -1.4826312e-02 -4.6494722e-02
 -3.1836562e-02  1.9556027e-02  7.2877683e-02  1.2913559e-01
 -1.5280777e-01 -3.7225440e-02  7.0836119e-02  1.8783828e-02  7.1182080e-02
  1.2408409e-01  2.0420603e-01  2.2608288e-01  2.6912734e-01  2.4977806e-01
  5.0759640e-02  1.2077785e-01  1.9907604e-01  2.1004668e-01  2.0445912e-01
  1.1204496e-01 -5.6579039e-02 -2.6853731e-01 -3.7028879e-01 -3.5203752e-01
 -3.3343634e-01 -3.0256236e-01 -2.5012693e-01 -6.9359034e-02  2.7213985e-01
  4.0270320e-01  2.8572696e-01  5.6309763e-02  2.5004484e-02 -2.3086475e-02
 -4.4012878e-02 -6.0283080e-02 -4.2186242e-02 -4.9681079e-02 -2.9319337e-02
  4.8592798e-02  9.8063640e-02  3.1281265e-03 -3.1385627e-02 -3.3423770e-02
 -1.9772891e-03  6.6634201e-02  7.1580961e-02  8.5939921e-02  1.2115621e-01
  1.8824148e-01  1.9150631e-01  9.5697723e-02  6.0694562e-03 -1.2366360e-01
 -1.8901441e-01 -1.1476440e-01 -9.5195519e-03  7.4543044e-02  9.7262643e-02
  6.1275963e-02  1.9309644e-01  2.1798325e-01  2.0160756e-01  1.3603176e-01
  2.2884697e-02  1.9711295e-02  7.8941874e-02  1.1050957e-01  1.0650312e-01
  9.0195842e-02  5.0611321e-02  1.0729836e-01  1.5082307e-01  1.4384016e-01
  1.0600128e-01 -4.3977597e-03 -2.5483716e-02 -2.9895227e-02  2.4143292e-02
  1.2231540e-01  1.6678692e-01  1.2905028e-01  6.2820002e-02  4.6058400e-03
 -1.8443557e-02  1.4844347e-02  8.3810516e-02  1.5136200e-01  1.4526576e-01
  1.9173025e-01  1.1095452e-01  7.7695198e-02  9.2123277e-02  9.2662200e-02
  6.3304916e-02  2.1779137e-02 -1.5213563e-02 -2.5471332e-02  1.0073376e-02
  6.6666238e-02  1.6968744e-01  2.2454207e-01  2.3957497e-01  1.2609468e-01
  7.7860080e-02  8.5430518e-02  8.4624842e-02  2.8407095e-02 -4.9997880e-03
 -2.0912832e-02 -1.3537620e-02 -7.6781525e-03 -2.8330847e-04  3.5150364e-02
  1.5616152e-01  3.4009057e-01  3.8428921e-01  2.2421591e-01  1.5797809e-02
 -4.2465240e-02 -8.5403159e-02 -1.4412528e-01 -1.3912883e-01 -1.2904523e-01
 -5.7821400e-02 -3.5170451e-02 -8.7941162e-02 -8.3678037e-02  1.7957592e-01
  4.1819760e-01  1.5502501e-01  3.0637225e-02 -3.6072719e-03  6.1423560e-03
  4.9513679e-02  4.3857720e-02  2.1066228e-02  5.5387080e-02  1.0484100e-02
  2.3978952e-02  7.8256078e-02  1.4398308e-01  2.5257349e-01
 -2.1196260e-01 -6.3581035e-02  6.5615758e-02 -3.0852109e-02  4.0300202e-02
  1.1616047e-01  2.0996568e-01  2.3237388e-01  2.5866145e-01  2.1462516e-01
  2.5648632e-04  7.1092084e-02  1.7347176e-01  1.8294084e-01  1.8926927e-01
  1.2415140e-01 -1.9811269e-02 -1.9609056e-01 -2.8644553e-01 -2.6525772e-01
 -2.3444675e-01 -2.0406240e-01 -1.7657316e-01 -5.9213884e-02  2.4278185e-01
  3.6380520e-01  2.7702862e-01  9.7174801e-02  7.2277196e-02 -1.6134335e-02
 -3.7446119e-02 -4.9373999e-02 -3.3151068e-02 -3.9631322e-02 -2.6100395e-02
  2.2550041e-02  6.9320522e-02 -5.1562801e-02 -6.8421602e-02 -5.1776279e-02
 -3.8216520e-02  4.1623197e-02  5.3767081e-02  7.3433518e-02  1.0609128e-01
  1.7924041e-01  1.8710604e-01  1.0070532e-01 -1.2069936e-03 -1.3952340e-01
 -1.9903499e-01 -1.1900808e-01 -1.8284688e-02  5.5866964e-02  8.1618480e-02
  4.3313038e-02  1.9800180e-01  2.0796660e-01  1.7583625e-01  1.0345392e-01
 -1.5734520e-02 -1.0069164e-02  6.9761522e-02  1.1958589e-01  9.1542244e-02
  7.1046717e-02  3.0324887e-02  9.3733557e-02  1.4054112e-01  1.3791600e-01
  1.1305872e-01  6.6225240e-03 -6.3572400e-03 -9.2209317e-03  4.5782641e-02
  1.4130180e-01  1.7733601e-01  1.2878244e-01  4.9168441e-02 -3.7023120e-02
 -1.0436760e-01 -9.6275523e-02  3.6042120e-04  1.0897308e-01  1.2554245e-01
  2.1115115e-01  1.0614420e-01  6.2826484e-02  8.9729279e-02  1.0324656e-01
  7.5001322e-02  2.8871531e-02 -7.4800081e-03 -1.4201893e-02 -7.8094075e-03
  2.0445984e-02  1.0168596e-01  1.6516872e-01  2.8612730e-01  1.5101604e-01
  9.5225044e-02  1.1254176e-01  1.1811456e-01  5.4145079e-02  1.9302696e-02
 -4.5848882e-04 -3.1691988e-03 -8.9843404e-03 -7.2010076e-03  2.5599167e-02
  1.2869063e-01  2.4215651e-01  2.3194081e-01  1.0867573e-01  2.5774345e-05
 -2.9235780e-02 -7.3249564e-02 -1.4438088e-01 -1.6712819e-01 -1.5887555e-01
 -9.2696398e-02 -4.8200399e-02 -7.1948163e-02 -8.6067356e-02  1.6175015e-01
  4.7984761e-01  1.7783387e-01 -6.1789318e-03 -3.0577067e-02  4.5974880e-02
  1.3427712e-01  1.3287276e-01  1.1095632e-01  1.6285859e-01  9.0255603e-02
  7.8666478e-02  1.2565944e-01  2.1778056e-01  4.2441481e-01
 -2.6117241e-01 -9.2532605e-02  4.1471280e-02 -1.1809260e-01 -2.0084724e-02
  9.1658160e-02  1.8510516e-01  2.0321856e-01  2.1085596e-01  1.5554699e-01
 -5.1029280e-02  2.3565311e-02  1.4003424e-01  1.3387644e-01  1.3917816e-01
  1.0076796e-01  3.0724921e-03 -1.1934252e-01 -1.8999180e-01 -1.7362009e-01
 -1.3325040e-01 -9.9995397e-02 -8.6077794e-02 -3.4131963e-02  1.7586324e-01
  2.7741095e-01  2.4433991e-01  1.4641020e-01  1.2475763e-01 -6.8078884e-03
 -2.5571916e-02 -3.3110604e-02 -2.0036304e-02 -2.3474377e-02 -1.6396163e-02
 -9.8546045e-03  3.0960647e-02 -1.1896957e-01 -1.1072988e-01 -7.0073642e-02
 -7.0244275e-02  1.4287787e-02  3.2140620e-02  5.3244721e-02  7.4850842e-02
  1.4594543e-01  1.6106075e-01  9.5379479e-02  4.0435200e-03 -1.1207376e-01
 -1.5134941e-01 -7.6761357e-02  8.7716524e-04  5.0267521e-02  7.1283959e-02
  2.5819417e-02  2.2205773e-01  2.1270600e-01  1.5977916e-01  7.3352523e-02
 -6.2455323e-02 -3.4994304e-02  9.0982080e-02  1.7834616e-01  7.8188039e-02
  5.2586280e-02  1.1822688e-02  7.1688600e-02  1.1848392e-01  1.2484691e-01
  1.1982995e-01  4.8817798e-02  4.8721321e-02  4.7905918e-02  8.5619874e-02
  1.4573519e-01  1.5929964e-01  1.1326212e-01  4.1009042e-02 -4.8283201e-02
 -1.3204440e-01 -1.4001516e-01 -3.9759479e-02  7.8127205e-02  1.0112508e-01
  2.1713471e-01  8.4278516e-02  2.6394624e-02  5.6790002e-02  8.5896000e-02
  7.1920805e-02  2.9117880e-02 -3.7369078e-03  1.8872676e-02  9.8684281e-03
  6.1858440e-04  3.8390040e-02  9.2841484e-02  3.4796125e-01  1.5821424e-01
  8.4793679e-02  1.2037572e-01  1.4613588e-01  8.4256917e-02  5.0325122e-02
  1.9443709e-02  4.1291281e-03 -1.6823700e-02 -1.5020569e-02  2.4388812e-02
  1.2631032e-01  2.0590128e-01  1.6964065e-01  6.3855000e-02 -8.0724964e-03
 -3.3058509e-02 -8.1709199e-02 -1.5476725e-01 -1.8026279e-01 -1.6138801e-01
 -9.7933322e-02 -4.5276839e-02 -8.8505283e-02 -1.3231297e-01  5.3901359e-02
  3.8775602e-01  1.2683268e-01 -6.5445840e-02 -5.6572560e-02  9.1265045e-02
  2.1030408e-01  2.0388925e-01  1.8084924e-01  2.3155992e-01  1.3648464e-01
  8.3434679e-02  1.0490149e-01  2.0416571e-01  4.4556841e-01
 -2.6017919e-01 -9.1427766e-02  2.4272209e-02 -2.0715660e-01 -8.5132442e-02
  6.4519562e-02  1.4421491e-01  1.5303420e-01  1.4860871e-01  9.9494278e-02
 -8.0608681e-02 -1.4325407e-02  9.4894558e-02  6.8713196e-02  7.1565844e-02
  5.9591159e-02  8.2321204e-03 -6.9049440e-02 -1.2278664e-01 -1.1214468e-01
 -6.6370681e-02 -2.5193915e-02 -1.1107296e-02  6.7124520e-03  1.1638259e-01
  1.8322667e-01  1.8676476e-01  1.5198767e-01  1.3329108e-01  1.6055028e-03
 -9.9038519e-03 -1.3669631e-02 -7.2940318e-03 -9.3156844e-03 -7.0342561e-03
 -3.8000520e-02 -1.0588032e-02 -1.5386184e-01 -1.2287953e-01 -6.9325201e-02
 -7.5102843e-02 -1.0700352e-02  8.3056316e-03  2.8504765e-02  3.6506880e-02
  8.9413561e-02  1.0988423e-01  7.4599922e-02  1.4982552e-02 -5.4238681e-02
 -6.7780800e-02 -1.7613720e-02  2.3011919e-02  4.2631920e-02  5.3117279e-02
  6.5898360e-03  2.0568636e-01  1.8436031e-01  1.2385944e-01  3.2699917e-02
 -1.0198836e-01 -4.8802320e-02  1.0658340e-01  2.1708289e-01  4.9826883e-02
  3.0752352e-02  1.3323816e-03  3.9096721e-02  8.2109883e-02  1.0898280e-01
  1.2779064e-01  1.0542168e-01  1.0972512e-01  1.0259496e-01  1.0878408e-01
  1.2436560e-01  1.1834748e-01  8.6114518e-02  3.8915280e-02 -2.2521529e-02
 -7.8814082e-02 -8.2804680e-02 -1.5448679e-02  6.0665037e-02  7.3032841e-02
  2.1387169e-01  7.6869719e-02  8.4635997e-03  3.6584999e-02  7.3493280e-02
  6.2879398e-02  8.1966594e-03 -3.0036744e-02  5.6426402e-02  5.4866161e-02
  2.2828644e-02  1.7649863e-02  3.9527640e-02  3.4199494e-01  1.0002456e-01
  1.4996052e-02  8.9550719e-02  1.6794397e-01  1.2614724e-01  1.0290132e-01
  5.6718361e-02  2.6395343e-02 -2.0741004e-02 -1.2300768e-02  2.6044849e-02
  1.0015992e-01  1.4589539e-01  1.1320776e-01  4.0042080e-02 -1.3156128e-02
 -4.3427520e-02 -8.8335715e-02 -1.3578157e-01 -1.3970880e-01 -1.1328048e-01
 -7.0107125e-02 -3.5081100e-02 -1.0595484e-01 -1.5683076e-01 -3.7977841e-02
  2.2942513e-01  6.2550716e-02 -7.0851602e-02 -4.1842081e-02  1.0217952e-01
  2.0140271e-01  1.8582371e-01  1.5869376e-01  1.8968832e-01  1.1519136e-01
  6.0942236e-02  6.3375838e-02  1.3122036e-01  2.9713103e-01
 -1.3017420e-01 -4.2333480e-02  9.1208881e-03 -1.3560587e-01 -6.6313080e-02
  2.3762485e-02  6.0384240e-02  6.1968964e-02  5.8214877e-02  3.7882078e-02
 -4.5056161e-02 -1.5824916e-02  3.5072818e-02  1.5879096e-02  1.6286472e-02
  1.6632611e-02  3.3878880e-03 -2.2642452e-02 -4.4301238e-02 -4.1254200e-02
 -1.9203156e-02  2.3150807e-03  1.0129860e-02  1.3672044e-02  4.3471802e-02
  6.4457998e-02  7.1186393e-02  6.6562198e-02  5.8562640e-02  2.2646594e-03
 -1.2414528e-03 -2.3690269e-03 -1.0883844e-03 -1.9261079e-03 -1.6532388e-03
 -2.5882704e-02 -1.6246656e-02 -8.0807403e-02 -6.0011636e-02 -3.1682555e-02
 -3.5321325e-02 -1.2271464e-02 -2.7127655e-03  7.9468926e-03  8.7770158e-03
  2.7426420e-02  3.7550159e-02  2.8481076e-02  9.0236515e-03 -1.2267756e-02
 -1.3853519e-02  2.8847232e-03  1.3915225e-02  1.7469864e-02  2.0022590e-02
 -2.3118227e-03  9.0580679e-02  7.7717520e-02  4.7026798e-02  1.8420552e-03
 -6.0790323e-02 -2.7073979e-02  5.3988840e-02  1.1158164e-01  1.8450253e-02
  1.2963671e-02  1.7974979e-03  1.3160520e-02  3.3737577e-02  5.3535599e-02
  6.7788363e-02  6.5193117e-02  6.6836163e-02  6.1218362e-02  5.5660322e-02
  5.2405920e-02  4.5231842e-02  3.3281170e-02  1.8088164e-02 -1.0135296e-03
 -1.6255764e-02 -1.4762845e-02  5.5557000e-03  2.6649432e-02  2.9023597e-02
  1.1271492e-01  4.4551440e-02  6.6570477e-03  2.1610657e-02  4.1411880e-02
  3.1776227e-02 -6.5648519e-03 -3.2322492e-02  3.5340626e-02  3.7867680e-02
  1.8569592e-02  6.7992839e-03  8.0342637e-03  1.5977232e-01  2.3090256e-02
 -2.3028661e-02  3.3510853e-02  9.9794157e-02  8.7515280e-02  7.9724520e-02
  4.9021561e-02  2.7552780e-02 -9.7340038e-03 -3.0060108e-03  1.3931460e-02
  3.9300121e-02  5.3521920e-02  4.2764403e-02  1.6893502e-02 -7.0393318e-03
 -2.4844391e-02 -4.5041401e-02 -5.9315763e-02 -5.4065879e-02 -3.9769560e-02
 -2.4325956e-02 -1.3146372e-02 -4.8400559e-02 -6.9109194e-02 -2.6955575e-02
  7.9004519e-02  1.9388484e-02 -2.6746452e-02 -1.0487556e-02  4.9370758e-02
  8.7662160e-02  7.7158436e-02  6.1886877e-02  7.1596079e-02  4.5108002e-02
  2.5224084e-02  2.4480395e-02  4.7316238e-02  1.0444104e-01
 -1.7115515e-02 -5.8848839e-03 -2.2040207e-03 -2.6646912e-02 -1.7704261e-02
 -3.6571680e-03  8.0755199e-05 -9.0696602e-05 -1.3457880e-04 -1.4799779e-04
 -6.0162120e-03 -3.6707758e-03  1.8086724e-03 -1.1430792e-05 -5.4026998e-05
 -1.7291555e-05 -1.2072925e-05  9.9550074e-05  2.4379704e-04  1.5199416e-04
 -1.7366580e-04 -3.9238558e-04 -3.2600376e-04 -2.1774420e-05  2.2891248e-03
  2.6182691e-03  1.7563500e-03  3.0468384e-04  4.1073119e-05 -2.1032029e-04
 -2.7104147e-04 -2.9213892e-04 -2.2825295e-04 -2.0877011e-04 -1.2531204e-04
 -3.6806758e-03 -3.3767030e-03 -8.6374441e-03 -5.8680722e-03 -2.8051094e-03
 -4.4042040e-03 -3.6982079e-03 -2.1526956e-03  1.8214165e-05  5.9488561e-05
  1.1250828e-04  1.5183864e-04  5.7742560e-05  1.5319404e-04  2.8827539e-04
  1.8960300e-04  2.6122713e-04  2.5261776e-04  2.3190372e-04  2.0987351e-04
 -1.9290420e-03  5.3994600e-03  4.1922717e-03  1.4097060e-03 -2.6526493e-03
 -7.7198399e-03 -4.3632360e-03  3.3599376e-03  8.9959679e-03  1.2177324e-03
  1.1324736e-03  6.7778642e-04  1.1044404e-03  1.6281576e-03  1.6512336e-03
  1.3843224e-03  3.0359018e-04  3.5992727e-04  3.8218321e-04  3.7598042e-04
  3.2655851e-04  3.8380679e-04  1.7866872e-04  1.3518288e-04  4.0059001e-04
  6.5691362e-04  8.7432121e-04  5.0091121e-04  2.9154276e-04  2.3685263e-04
  1.3254084e-02  6.6386880e-03  3.0055679e-03  5.8412882e-03  7.3429197e-03
  3.5538231e-03 -3.9188159e-03 -9.7045200e-03 -1.0910629e-04  7.1717397e-04
  1.3333391e-03  1.7205155e-03  1.5943284e-03  1.3859568e-02 -4.3489081e-03
 -1.0438092e-02  2.5380936e-03  2.0046167e-02  2.2709088e-02  2.2734866e-02
  1.6096933e-02  1.0949580e-02  1.4476715e-04  1.7069436e-04  2.5823448e-04
  2.2208111e-04  1.6019569e-04  2.3597495e-04  3.3466212e-04  4.5696597e-05
 -9.9908277e-05 -1.0982160e-04 -1.8553644e-04 -2.1244033e-04 -1.8444276e-04
 -7.5042357e-05 -8.9960398e-05 -1.4721048e-04 -1.1752272e-04  1.8449893e-03
  7.6319282e-03  2.6279353e-03 -5.2383239e-04  9.9801726e-04  5.4574921e-03
  8.1895320e-03  7.1807397e-03  5.8112638e-03  6.7776479e-03  5.3511122e-03
  3.7489678e-03  2.6332417e-03  3.0647628e-03  6.9041885e-03
  0.0000000e+00  0.0000000e+00  0.0000000e+00  0.0000000e+00  0.0000000e+00
  0.0000000e+00  0.0000000e+00  0.0000000e+00  0.0000000e+00  0.0000000e+00
  0.0000000e+00  0.0000000e+00  0.0000000e+00  0.0000000e+00  0.0000000e+00
  0.0000000e+00  0.0000000e+00  0.0000000e+00  0.0000000e+00  0.0000000e+00
  0.0000000e+00  0.0000000e+00  0.0000000e+00  0.0000000e+00  0.0000000e+00
  0.0000000e+00  0.0000000e+00  0.0000000e+00  0.0000000e+00  0.0000000e+00
  0.0000000e+00  0.0000000e+00  0.0000000e+00  0.0000000e+00  0.0000000e+00
  0.0000000e+00  0.0000000e+00  0.0000000e+00  0.0000000e+00  0.0000000e+00
  0.0000000e+00  0.0000000e+00  0.0000000e+00  0.0000000e+00  0.0000000e+00
  0.0000000e+00  0.0000000e+00  0.0000000e+00  0.0000000e+00  0.0000000e+00
  0.0000000e+00  0.0000000e+00  0.0000000e+00  0.0000000e+00  0.0000000e+00
  0.0000000e+00  0.0000000e+00  0.0000000e+00  0.0000000e+00  0.0000000e+00
  0.0000000e+00  0.0000000e+00  0.0000000e+00  0.0000000e+00  0.0000000e+00
  0.0000000e+00  0.0000000e+00  0.0000000e+00  0.0000000e+00  0.0000000e+00
  0.0000000e+00  0.0000000e+00  0.0000000e+00  0.0000000e+00  0.0000000e+00
  0.0000000e+00  0.0000000e+00  0.0000000e+00  0.0000000e+00  0.0000000e+00
  0.0000000e+00  0.0000000e+00  0.0000000e+00  0.0000000e+00  0.0000000e+00
  0.0000000e+00  0.0000000e+00  0.0000000e+00  0.0000000e+00  0.0000000e+00
  0.0000000e+00  0.0000000e+00  0.0000000e+00  0.0000000e+00  0.0000000e+00
  0.0000000e+00  0.0000000e+00  0.0000000e+00  0.0000000e+00  0.0000000e+00
  0.0000000e+00  0.0000000e+00  0.0000000e+00  0.0000000e+00  0.0000000e+00
  0.0000000e+00  0.0000000e+00  0.0000000e+00  0.0000000e+00  0.0000000e+00
  0.0000000e+00  0.0000000e+00  0.0000000e+00  0.0000000e+00  0.0000000e+00
  0.0000000e+00  0.0000000e+00  0.0000000e+00  0.0000000e+00  0.0000000e+00
  0.0000000e+00  0.0000000e+00  0.0000000e+00  0.0000000e+00  0.0000000e+00
  0.0000000e+00  0.0000000e+00  0.0000000e+00  0.0000000e+00  0.0000000e+00
  0.0000000e+00  0.0000000e+00  0.0000000e+00  0.0000000e+00  0.0000000e+00
  0.0000000e+00  0.0000000e+00  0.0000000e+00  0.0000000e+00
  0.0000000e+00  0.0000000e+00  0.0000000e+00  0.0000000e+00  0.0000000e+00
  0.0000000e+00  0.0000000e+00  0.0000000e+00  0.0000000e+00  0.0000000e+00
  0.0000000e+00  0.0000000e+00  0.0000000e+00  0.0000000e+00  0.0000000e+00
  0.0000000e+00  0.0000000e+00  0.0000000e+00  0.0000000e+00  0.0000000e+00
  0.0000000e+00  0.0000000e+00  0.0000000e+00  0.0000000e+00  0.0000000e+00
  0.0000000e+00  0.0000000e+00  0.0000000e+00  0.0000000e+00  0.0000000e+00
  0.0000000e+00  0.0000000e+00  0.0000000e+00  0.0000000e+00  0.0000000e+00
  0.0000000e+00  0.0000000e+00  0.0000000e+00  0.0000000e+00  0.0000000e+00
  0.0000000e+00  0.0000000e+00  0.0000000e+00  0.0000000e+00  0.0000000e+00
  0.0000000e+00  0.0000000e+00  0.0000000e+00  0.0000000e+00  0.0000000e+00
  0.0000000e+00  0.0000000e+00  0.0000000e+00  0.0000000e+00  0.0000000e+00
  0.0000000e+00  0.0000000e+00  0.0000000e+00  0.0000000e+00  0.0000000e+00
  0.0000000e+00  0.0000000e+00  0.0000000e+00  0.0000000e+00  0.0000000e+00
  0.0000000e+00  0.0000000e+00  0.0000000e+00  0.0000000e+00  0.0000000e+00
  0.0000000e+00  0.0000000e+00  0.0000000e+00  0.0000000e+00  0.0000000e+00
  0.0000000e+00  0.0000000e+00  0.0000000e+00  0.0000000e+00  0.0000000e+00
  0.0000000e+00  0.0000000e+00  0.0000000e+00  0.0000000e+00  0.0000000e+00
  0.0000000e+00  0.0000000e+00  0.0000000e+00  0.0000000e+00  0.0000000e+00
  0.0000000e+00  0.0000000e+00  0.0000000e+00  0.0000000e+00  0.0000000e+00
  0.0000000e+00  0.0000000e+00  0.0000000e+00  0.0000000e+00  0.0000000e+00
  0.0000000e+00  0.0000000e+00  0.0000000e+00  0.0000000e+00  0.0000000e+00
  0.0000000e+00  0.0000000e+00  0.0000000e+00  0.0000000e+00  0.0000000e+00
  0.0000000e+00  0.0000000e+00  0.0000000e+00  0.0000000e+00  0.0000000e+00
  0.0000000e+00  0.0000000e+00  0.0000000e+00  0.0000000e+00  0.0000000e+00
  0.0000000e+00  0.0000000e+00  0.0000000e+00  0.0000000e+00  0.0000000e+00
  0.0000000e+00  0.0000000e+00  0.0000000e+00  0.0000000e+00  0.0000000e+00
  0.0000000e+00  0.0000000e+00  0.0000000e+00  0.0000000e+00  0.0000000e+00
  0.0000000e+00  0.0000000e+00  0.0000000e+00  0.0000000e+00
  0.0000000e+00  0.0000000e+00  0.0000000e+00  0.0000000e+00  0.0000000e+00
  0.0000000e+00  0.0000000e+00  0.0000000e+00  0.0000000e+00  0.0000000e+00
  0.0000000e+00  0.0000000e+00  0.0000000e+00  0.0000000e+00  0.0000000e+00
  0.0000000e+00  0.0000000e+00  0.0000000e+00  0.0000000e+00  0.0000000e+00
  0.0000000e+00  0.0000000e+00  0.0000000e+00  0.0000000e+00  0.0000000e+00
  0.0000000e+00  0.0000000e+00  0.0000000e+00  0.0000000e+00  0.0000000e+00
  0.0000000e+00  0.0000000e+00  0.0000000e+00  0.0000000e+00  0.0000000e+00
  0.0000000e+00  0.0000000e+00  0.0000000e+00  0.0000000e+00  0.0000000e+00
  0.0000000e+00  0.0000000e+00  0.0000000e+00  0.0000000e+00  0.0000000e+00
  0.0000000e+00  0.0000000e+00  0.0000000e+00  0.0000000e+00  0.0000000e+00
  0.0000000e+00  0.0000000e+00  0.0000000e+00  0.0000000e+00  0.0000000e+00
  0.0000000e+00  0.0000000e+00  0.0000000e+00  0.0000000e+00  0.0000000e+00
  0.0000000e+00  0.0000000e+00  0.0000000e+00  0.0000000e+00  0.0000000e+00
  0.0000000e+00  0.0000000e+00  0.0000000e+00  0.0000000e+00  0.0000000e+00
  0.0000000e+00  0.0000000e+00  0.0000000e+00  0.0000000e+00  0.0000000e+00
  0.0000000e+00  0.0000000e+00  0.0000000e+00  0.0000000e+00  0.0000000e+00
  0.0000000e+00  0.0000000e+00  0.0000000e+00  0.0000000e+00  0.0000000e+00
  0.0000000e+00  0.0000000e+00  0.0000000e+00  0.0000000e+00  0.0000000e+00
  0.0000000e+00  0.0000000e+00  0.0000000e+00  0.0000000e+00  0.0000000e+00
  0.0000000e+00  0.0000000e+00  0.0000000e+00  0.0000000e+00  0.0000000e+00
  0.0000000e+00  0.0000000e+00  0.0000000e+00  0.0000000e+00  0.0000000e+00
  0.0000000e+00  0.0000000e+00  0.0000000e+00  0.0000000e+00  0.0000000e+00
  0.0000000e+00  0.0000000e+00  0.0000000e+00  0.0000000e+00  0.0000000e+00
  0.0000000e+00  0.0000000e+00  0.0000000e+00  0.0000000e+00  0.0000000e+00
  0.0000000e+00  0.0000000e+00  0.0000000e+00  0.0000000e+00  0.0000000e+00
  0.0000000e+00  0.0000000e+00  0.0000000e+00  0.0000000e+00  0.0000000e+00
  0.0000000e+00  0.0000000e+00  0.0000000e+00  0.0000000e+00  0.0000000e+00
  0.0000000e+00  0.0000000e+00  0.0000000e+00  0.0000000e+00
  0.0000000e+00  0.0000000e+00  0.0000000e+00  0.0000000e+00  0.0000000e+00
  0.0000000e+00  0.0000000e+00  0.0000000e+00  0.0000000e+00  0.0000000e+00
  0.0000000e+00  0.0000000e+00  0.0000000e+00  0.0000000e+00  0.0000000e+00
  0.0000000e+00  0.0000000e+00  0.0000000e+00  0.0000000e+00  0.0000000e+00
  0.0000000e+00  0.0000000e+00  0.0000000e+00  0.0000000e+00  0.0000000e+00
  0.0000000e+00  0.0000000e+00  0.0000000e+00  0.0000000e+00  0.0000000e+00
  0.0000000e+00  0.0000000e+00  0.0000000e+00  0.0000000e+00  0.0000000e+00
  0.0000000e+00  0.0000000e+00  0.0000000e+00  0.0000000e+00  0.0000000e+00
  0.0000000e+00  0.0000000e+00  0.0000000e+00  0.0000000e+00  0.0000000e+00
  0.0000000e+00  0.0000000e+00  0.0000000e+00  0.0000000e+00  0.0000000e+00
  0.0000000e+00  0.0000000e+00  0.0000000e+00  0.0000000e+00  0.0000000e+00
  0.0000000e+00  0.0000000e+00  0.0000000e+00  0.0000000e+00  0.0000000e+00
  0.0000000e+00  0.0000000e+00  0.0000000e+00  0.0000000e+00  0.0000000e+00
  0.0000000e+00  0.0000000e+00  0.0000000e+00  0.0000000e+00  0.0000000e+00
  0.0000000e+00  0.0000000e+00  0.0000000e+00  0.0000000e+00  0.0000000e+00
  0.0000000e+00  0.0000000e+00  0.0000000e+00  0.0000000e+00  0.0000000e+00
  0.0000000e+00  0.0000000e+00  0.0000000e+00  0.0000000e+00  0.0000000e+00
  0.0000000e+00  0.0000000e+00  0.0000000e+00  0.0000000e+00  0.0000000e+00
  0.0000000e+00  0.0000000e+00  0.0000000e+00  0.0000000e+00  0.0000000e+00
  0.0000000e+00  0.0000000e+00  0.0000000e+00  0.0000000e+00  0.0000000e+00
  0.0000000e+00  0.0000000e+00  0.0000000e+00  0.0000000e+00  0.0000000e+00
  0.0000000e+00  0.0000000e+00  0.0000000e+00  0.0000000e+00  0.0000000e+00
  0.0000000e+00  0.0000000e+00  0.0000000e+00  0.0000000e+00  0.0000000e+00
  0.0000000e+00  0.0000000e+00  0.0000000e+00  0.0000000e+00  0.0000000e+00
  0.0000000e+00  0.0000000e+00  0.0000000e+00  0.0000000e+00  0.0000000e+00
  0.0000000e+00  0.0000000e+00  0.0000000e+00  0.0000000e+00  0.0000000e+00
  0.0000000e+00  0.0000000e+00  0.0000000e+00  0.0000000e+00  0.0000000e+00
  0.0000000e+00  0.0000000e+00  0.0000000e+00  0.0000000e+00
  0.0000000e+00  0.0000000e+00  0.0000000e+00  0.0000000e+00  0.0000000e+00
  0.0000000e+00  0.0000000e+00  0.0000000e+00  0.0000000e+00  0.0000000e+00
  0.0000000e+00  0.0000000e+00  0.0000000e+00  0.0000000e+00  0.0000000e+00
  0.0000000e+00  0.0000000e+00  0.0000000e+00  0.0000000e+00  0.0000000e+00
  0.0000000e+00  0.0000000e+00  0.0000000e+00  0.0000000e+00  0.0000000e+00
  0.0000000e+00  0.0000000e+00  0.0000000e+00  0.0000000e+00  0.0000000e+00
  0.0000000e+00  0.0000000e+00  0.0000000e+00  0.0000000e+00  0.0000000e+00
  0.0000000e+00  0.0000000e+00  0.0000000e+00  0.0000000e+00  0.0000000e+00
  0.0000000e+00  0.0000000e+00  0.0000000e+00  0.0000000e+00  0.0000000e+00
  0.0000000e+00  0.0000000e+00  0.0000000e+00  0.0000000e+00  0.0000000e+00
  0.0000000e+00  0.0000000e+00  0.0000000e+00  0.0000000e+00  0.0000000e+00
  0.0000000e+00  0.0000000e+00  0.0000000e+00  0.0000000e+00  0.0000000e+00
  0.0000000e+00  0.0000000e+00  0.0000000e+00  0.0000000e+00  0.0000000e+00
  0.0000000e+00  0.0000000e+00  0.0000000e+00  0.0000000e+00  0.0000000e+00
  0.0000000e+00  0.0000000e+00  0.0000000e+00  0.0000000e+00  0.0000000e+00
  0.0000000e+00  0.0000000e+00  0.0000000e+00  0.0000000e+00  0.0000000e+00
  0.0000000e+00  0.0000000e+00  0.0000000e+00  0.0000000e+00  0.0000000e+00
  0.0000000e+00  0.0000000e+00  0.0000000e+00  0.0000000e+00  0.0000000e+00
  0.0000000e+00  0.0000000e+00  0.0000000e+00  0.0000000e+00  0.0000000e+00
  0.0000000e+00  0.0000000e+00  0.0000000e+00  0.0000000e+00  0.0000000e+00
  0.0000000e+00  0.0000000e+00  0.0000000e+00  0.0000000e+00  0.0000000e+00
  0.0000000e+00  0.0000000e+00  0.0000000e+00  0.0000000e+00  0.0000000e+00
  0.0000000e+00  0.0000000e+00  0.0000000e+00  0.0000000e+00  0.0000000e+00
  0.0000000e+00  0.0000000e+00  0.0000000e+00  0.0000000e+00  0.0000000e+00
  0.0000000e+00  0.0000000e+00  0.0000000e+00  0.0000000e+00  0.0000000e+00
  0.0000000e+00  0.0000000e+00  0.0000000e+00  0.0000000e+00  0.0000000e+00
  0.0000000e+00  0.0000000e+00  0.0000000e+00  0.0000000e+00  0.0000000e+00
  0.0000000e+00  0.0000000e+00  0.0000000e+00  0.0000000e+00
