  1.0096184e-02  5.4741218e-03  2.7333987e-03 -1.8883452e-02 -1.2695793e-02
 -8.2587376e-03 -2.4272248e-03 -1.2754407e-02 -6.1043175e-03 -1.5794499e-03
 -4.6587745e-03 -2.4461746e-02 -1.2439314e-02 -2.3043793e-02 -3.8348414e-02
 -3.4184024e-02 -3.9201215e-02 -2.9891655e-02 -2.1048957e-02 -4.1494548e-02
 -9.9794038e-02 -8.6958341e-02 -6.1479930e-02 -1.2919177e-02  5.1164851e-02
  6.6434145e-02  3.6397010e-02  1.9181229e-02  1.0903295e-03 -1.3561938e-02
 -1.8988404e-02 -3.0963480e-02 -2.4853183e-02 -3.4121625e-02 -3.1943090e-02
 -3.0700732e-02 -3.6388904e-02 -4.5640845e-02 -2.7335867e-02 -1.6477201e-02
 -3.4646537e-02 -2.3790767e-02 -1.4192568e-02 -6.7431284e-03  1.9940366e-04
  3.1320609e-03  1.4239731e-03 -3.0121685e-03  1.2004334e-03  8.3809458e-03
  7.4661318e-03  1.2245508e-02  1.0307494e-02  6.0065598e-03  6.4426293e-03
 -1.2698644e-02 -7.4308240e-03 -4.6142298e-03 -7.3515665e-04  1.3559057e-03
 -1.9130706e-03 -2.8177374e-03  1.8903284e-03  4.4573792e-03  1.0049310e-02
  1.3800869e-02  1.6395558e-02  3.6560446e-02  3.9954413e-02  2.7918972e-02
  1.8354777e-02  2.3450283e-02  2.9915107e-02  3.5531040e-02  3.3868004e-02
  2.3430021e-02  6.9783386e-03 -6.5558921e-03 -5.7556713e-03  2.8679266e-03
  1.3913060e-02  2.8535519e-02  3.4554467e-02  3.0046696e-02  4.6865395e-03
 -2.3179866e-02 -3.0470418e-02 -2.0652743e-02 -7.6210569e-03  2.7537374e-03
  1.7086800e-02  2.8324883e-02  2.6083810e-02  2.6816893e-02  3.5365287e-02
  3.3372480e-02  2.0239878e-02 -4.5048040e-03 -1.8861301e-02 -3.3030983e-02
 -3.3907808e-02 -2.7026510e-02 -1.0682445e-02 -9.3572270e-03 -8.0872942e-03
 -7.0175985e-03 -6.3199280e-03 -6.8186796e-03 -9.9061672e-03 -1.6331138e-02
 -2.7349476e-02 -3.3578333e-02 -9.4552310e-03  5.4021604e-02  4.3039020e-02
  8.1856763e-03  1.3060145e-03 -6.6061099e-03 -1.6241673e-01 -1.2490692e-01
 -2.6044729e-03  4.3274835e-03  9.5449127e-03  0.0000000e+00  0.0000000e+00
  0.0000000e+00  0.0000000e+00  0.0000000e+00  0.0000000e+00  0.0000000e+00
  0.0000000e+00  1.0339327e-02  7.6437844e-03  4.0361923e-03  2.1686931e-03
  1.9894911e-03  1.5804777e-03  7.0096360e-04 -1.4138529e-03
  1.0096184e-02  5.4741218e-03  2.7333987e-03 -1.8883452e-02 -1.2695793e-02
 -8.2587376e-03 -2.4272248e-03 -1.2754407e-02 -6.1043175e-03 -1.5794499e-03
 -4.6587745e-03 -2.4461746e-02 -1.2439314e-02 -2.3043793e-02 -3.8348414e-02
 -3.4184024e-02 -3.9201215e-02 -2.9891655e-02 -2.1048957e-02 -4.1494548e-02
 -9.9794038e-02 -8.6958341e-02 -6.1479930e-02 -1.2919177e-02  5.1164851e-02
  6.6434145e-02  3.6397010e-02  1.9181229e-02  1.0903295e-03 -1.3561938e-02
 -1.8988404e-02 -3.0963480e-02 -2.4853183e-02 -3.4121625e-02 -3.1943090e-02
 -3.0700732e-02 -3.6388904e-02 -4.5640845e-02 -2.7335867e-02 -1.6477201e-02
 -3.4646537e-02 -2.3790767e-02 -1.4192568e-02 -6.7431284e-03  1.9940366e-04
  3.1320609e-03  1.4239731e-03 -3.0121685e-03  1.2004334e-03  8.3809458e-03
  7.9630883e-03  1.3091184e-02  1.2343223e-02  8.6838044e-03  1.0277093e-02
 -1.0260417e-02 -4.9434938e-03 -3.9823838e-03 -1.4411147e-03 -8.7411166e-04
 -1.4593982e-02 -1.7444652e-02 -1.9853800e-03  6.6260584e-03  1.9027056e-02
  2.1252928e-02  2.1870779e-02  4.6295606e-02  5.1242590e-02  3.7140366e-02
  2.4692496e-02  3.2892589e-02  4.4716101e-02  5.9950516e-02  6.9981568e-02
  6.3428730e-02  3.4217604e-02  5.6191743e-03  4.9946964e-04  5.5165375e-03
  2.5218852e-02  5.2964401e-02  5.1760837e-02  3.0162215e-02  4.6865395e-03
 -2.3179866e-02 -3.0470418e-02 -2.0652743e-02 -7.6210569e-03  2.7537374e-03
  1.7086800e-02  2.8324883e-02  2.6083810e-02  2.6816893e-02  3.5365287e-02
  3.3372480e-02  2.0239878e-02 -4.5048040e-03 -3.3657517e-02 -3.7981879e-02
 -3.1579297e-02 -2.1264944e-02 -1.0682445e-02 -9.3572270e-03 -8.0872942e-03
 -7.0175985e-03 -6.3199280e-03 -6.8186796e-03 -9.9061672e-03 -1.6331138e-02
 -2.7349476e-02 -3.3578333e-02 -9.4552310e-03  5.4021604e-02  4.3039020e-02
  8.1856763e-03  1.3060145e-03 -6.6061099e-03 -1.6241673e-01 -1.2490692e-01
 -2.6044729e-03  4.3274835e-03  9.5449127e-03  0.0000000e+00  0.0000000e+00
  0.0000000e+00  0.0000000e+00  0.0000000e+00  0.0000000e+00  0.0000000e+00
  0.0000000e+00  1.0339327e-02  7.6437844e-03  4.0361923e-03  2.1686931e-03
  1.9894911e-03  1.5804777e-03  7.0096360e-04 -1.4138529e-03
  1.7242419e-02  1.8541956e-02  2.0188779e-02 -7.1070762e-03  9.8514333e-03
  3.9624643e-02  9.0010814e-02  5.6384712e-02  4.5378968e-02  2.8814333e-02
  1.7033383e-02 -1.0064438e-02 -8.1683323e-03 -2.8865287e-02 -5.0032083e-02
 -3.8801234e-02 -4.6710063e-02 -3.3898402e-02 -1.7276004e-02 -5.0078552e-02
 -1.4065538e-01 -1.2372217e-01 -8.2703762e-02 -1.5984429e-02  5.7317711e-02
  6.8941586e-02  3.6662359e-02  2.0558789e-02  2.1080081e-03 -1.7151073e-02
 -1.4899576e-02 -3.0697696e-02 -2.3468524e-02 -3.5219360e-02 -3.5141338e-02
 -3.4322701e-02 -3.7819739e-02 -4.3898478e-02 -1.6762385e-02 -1.2421539e-03
 -2.1211382e-02 -9.5978957e-03 -2.5097543e-04  4.6898690e-03  9.5583899e-03
  1.3368521e-02  1.1461616e-02  3.7426564e-03  6.6919113e-03  1.0313950e-02
  5.9099733e-03  1.2387724e-02  1.3342506e-02  1.1506884e-02  1.5042747e-02
 -4.9813343e-03  8.2005293e-04  4.6657808e-03  1.0116524e-02 -3.7681635e-03
 -4.4859271e-02 -4.4582482e-02 -8.6738318e-03  1.5253232e-02  4.7763068e-02
  4.8059106e-02  3.6175378e-02  5.4934476e-02  5.1734634e-02  3.5363838e-02
  2.1440109e-02  3.3069491e-02  5.0251111e-02  6.8596035e-02  7.3624671e-02
  5.8428191e-02  2.7591374e-02  8.3395010e-03  1.1876188e-02  2.2795670e-02
  4.0533468e-02  5.0986212e-02  3.2438468e-02  5.7625622e-03 -1.3201607e-02
 -3.5465173e-02 -4.2232689e-02 -2.7727453e-02 -7.5657722e-03  3.2011126e-03
  1.4730783e-02  2.3858229e-02  1.9479150e-02  1.5165216e-02  1.0918147e-02
 -3.6873135e-03 -1.1677501e-02 -1.8607389e-02 -3.6893837e-02 -3.8623318e-02
 -2.7631614e-02 -1.1889174e-02 -2.2285813e-03 -3.4259006e-03 -5.1720166e-03
 -6.3698571e-03 -6.6471356e-03 -6.7962408e-03 -7.0294114e-03 -8.3224187e-03
 -2.0043580e-02 -3.6622263e-02 -1.0624308e-02  6.5867119e-02  4.1040715e-02
  2.0369587e-03  3.6301757e-03 -5.7502579e-02 -1.6241673e-01 -1.2490692e-01
 -3.9685301e-02  7.5819707e-03  1.9139828e-02  1.9001288e-02  4.8826928e-03
 -6.5676901e-03 -3.1348986e-03  9.5883561e-03  1.6724749e-02  1.3219226e-02
  5.9946747e-03  1.2166162e-03 -3.2368258e-03 -7.6058139e-03 -9.4448086e-03
 -9.9616852e-03 -1.1413079e-02 -1.2324461e-02 -1.1877825e-02
  1.5717920e-02  2.1233676e-02  2.5145745e-02 -1.9097266e-03  1.0470989e-02
  3.0772248e-02  6.5450639e-02  4.3455504e-02  3.9755218e-02  2.7835734e-02
  1.7581599e-02 -3.0272235e-03  3.0890808e-03 -1.3336919e-02 -3.2494202e-02
 -2.2362104e-02 -2.9512232e-02 -1.8382136e-02 -4.6359445e-03 -3.5067510e-02
 -1.1241403e-01 -9.4567083e-02 -5.6575075e-02 -9.5604453e-03  3.6274251e-02
  4.6141718e-02  2.6653599e-02  1.6520776e-02  1.4389706e-03 -1.8633880e-02
 -1.7611274e-02 -2.7093533e-02 -1.8428894e-02 -3.1074798e-02 -3.3366255e-02
 -3.4735568e-02 -4.1150734e-02 -5.1555131e-02 -2.6282573e-02 -1.0777452e-02
 -2.8741805e-02 -1.7963337e-02 -7.7270814e-03  6.3628219e-03  1.9224077e-02
  2.4337105e-02  2.2839529e-02  1.5107022e-02  1.5240204e-02  1.6926402e-02
  9.9851945e-03  1.5431003e-02  1.6876603e-02  1.7318131e-02  2.5203073e-02
 -3.3084110e-03  5.0592893e-03  3.9724093e-03  8.2178565e-04 -8.7842550e-03
 -2.9923789e-02 -2.7107432e-02 -3.5330106e-03  1.1591353e-02  2.7009424e-02
  2.3489805e-02  1.8304544e-02  4.2123683e-02  4.6139121e-02  3.1123588e-02
  1.6620662e-02  2.4530362e-02  3.2395039e-02  3.3982363e-02  2.1392770e-02
  4.1157105e-03 -8.2959849e-03 -1.0809648e-02 -5.3985848e-04  1.2378167e-02
  2.6809655e-02  3.7520368e-02  2.6887102e-02  5.9162858e-03 -1.2282046e-02
 -3.4108311e-02 -3.9857566e-02 -2.4978114e-02 -8.2958983e-03 -6.2134699e-03
 -7.6973328e-04  1.3566772e-02  2.3371102e-02  2.8825911e-02  2.8684910e-02
  1.2254164e-02  7.0582773e-03  6.0926359e-03 -1.1875972e-02 -2.0709202e-02
 -1.7138334e-02 -4.9223150e-03  1.9596843e-03 -6.5524026e-04 -4.0612360e-03
 -6.6163307e-03 -7.8318166e-03 -9.0399794e-03 -1.1286005e-02 -1.3425224e-02
 -2.2490650e-02 -3.8837571e-02 -2.2061573e-02  5.8927760e-02  1.2320770e-01
  1.6293353e-01  1.4385276e-01 -5.0632123e-02 -2.7181548e-01 -2.1958649e-01
 -9.0829886e-02 -1.9579036e-02 -1.3038026e-03 -5.4990069e-04 -1.3095324e-02
 -2.5912846e-02 -2.5099281e-02 -1.0030593e-02  6.6910423e-03  1.1833991e-02
  7.5289588e-03  3.9445860e-03 -3.0341146e-03 -1.2343657e-02 -1.5671453e-02
 -1.5518005e-02 -1.7417438e-02 -2.0067612e-02 -2.1833720e-02
  1.4301069e-02  1.8796014e-02  2.2929283e-02 -2.4132701e-03  9.0855649e-03
  2.5278209e-02  5.3363655e-02  3.4882065e-02  3.2295585e-02  2.1423170e-02
  1.1505466e-02 -3.9723953e-03  2.1467900e-03 -5.9529832e-03 -1.8681508e-02
 -1.5123378e-02 -2.3335777e-02 -1.7380524e-02 -9.0986667e-03 -3.3285331e-02
 -9.4804354e-02 -7.3059075e-02 -4.3677859e-02 -8.3213905e-03  2.9495586e-02
  4.0856864e-02  2.4416577e-02  1.5450688e-02  1.4513492e-03 -1.7668599e-02
 -2.5635626e-02 -3.2391857e-02 -2.1267839e-02 -3.1459291e-02 -3.7221145e-02
 -4.3638051e-02 -5.2390847e-02 -6.3170917e-02 -4.0281575e-02 -2.3953626e-02
 -3.6720846e-02 -2.4202039e-02 -1.0906972e-02  6.6715139e-03  1.9357981e-02
  2.1895532e-02  1.8690482e-02  1.1416437e-02  1.2691420e-02  1.5020598e-02
  7.0295408e-03  1.6053336e-02  1.9071788e-02  1.9769546e-02  2.7885240e-02
 -3.9569344e-03  4.4768071e-03  9.7339146e-04 -6.2178709e-03 -1.7175393e-02
 -2.8791310e-02 -2.5151538e-02 -1.3795657e-02 -4.3014558e-03  7.7414126e-03
  4.3598823e-03 -2.7850645e-03  2.0372191e-02  3.7087236e-02  3.1156303e-02
  1.7609680e-02  2.3042925e-02  2.7286358e-02  2.7168663e-02  2.0525062e-02
  1.4377518e-02  1.2898432e-02  1.3428451e-02  1.6811894e-02  2.2165949e-02
  2.7971957e-02  2.9922634e-02  1.9274456e-02  3.0755745e-03 -1.7693644e-02
 -5.1447865e-02 -7.2129413e-02 -6.5441944e-02 -4.5076124e-02 -3.1061199e-02
 -1.3066950e-02  1.0776874e-02  2.6912289e-02  3.4291580e-02  3.1023556e-02
  7.5525693e-03 -1.2068058e-05  2.3092432e-03 -1.2038338e-02 -1.8513147e-02
 -1.2244349e-02  1.6704771e-03  7.8406343e-03  4.4246055e-03 -1.2754797e-03
 -5.5143656e-03 -7.4445335e-03 -1.0051915e-02 -1.3170311e-02 -1.4501479e-02
 -2.2162333e-02 -3.8361587e-02 -2.5326703e-02  7.0705377e-02  2.0395936e-01
  2.6283729e-01  1.7663825e-01 -7.7198289e-02 -2.7136093e-01 -2.0651005e-01
 -9.4970830e-02 -3.3353079e-02 -1.3625315e-02 -8.9480262e-03 -1.5671307e-02
 -2.6620883e-02 -3.0329417e-02 -2.0143902e-02 -7.2189211e-04  9.5521938e-03
  4.8760194e-03 -1.4896969e-03 -7.7475370e-03 -1.3293606e-02 -1.7030053e-02
 -2.0663166e-02 -2.5332201e-02 -2.8984714e-02 -3.1546149e-02
  1.0654824e-02  4.6924748e-03  1.9440643e-03 -1.9507235e-02 -5.1754471e-03
  1.4783910e-02  4.7434747e-02  3.6492698e-02  7.6540923e-03 -2.2426231e-03
 -2.3808428e-03 -6.2427409e-03  5.4825755e-04 -8.0859484e-03 -1.3483692e-02
 -3.0651228e-03 -7.2868424e-03 -5.2491897e-03  1.4941990e-03 -2.3478804e-02
 -7.5573176e-02 -6.1180849e-02 -3.6453031e-02 -6.3550188e-03  2.7088176e-02
  3.7997071e-02  2.2068813e-02  1.3826058e-02  1.8922248e-03 -1.6446223e-02
 -2.4850722e-02 -3.2396484e-02 -2.1015665e-02 -2.7222518e-02 -2.7895520e-02
 -3.1366933e-02 -4.0102508e-02 -5.1503159e-02 -3.2647505e-02 -2.0436034e-02
 -3.4441411e-02 -2.5858417e-02 -1.3005209e-02  6.3995617e-03  1.9084817e-02
  2.1055765e-02  1.7195081e-02  1.0777785e-02  1.2277067e-02  1.7195806e-02
  1.1535619e-02  2.1100784e-02  2.2065483e-02  1.9588590e-02  2.3625737e-02
 -7.7324235e-03  1.3426266e-04 -1.3643990e-03 -8.6036064e-03 -2.0384064e-02
 -2.8299842e-02 -2.4854343e-02 -2.0360755e-02 -1.4354224e-02 -4.2850687e-03
 -8.6664325e-03 -1.7034106e-02  2.1088477e-03  2.8466467e-02  3.7024852e-02
  2.8076472e-02  3.1275880e-02  3.0163666e-02  2.7493367e-02  2.8726313e-02
  3.5100080e-02  4.0259138e-02  3.7926577e-02  3.3462521e-02  3.0941766e-02
  2.8498312e-02  2.4467824e-02  9.7976681e-03 -5.0307126e-03 -1.3843691e-02
 -3.4295484e-02 -5.6091424e-02 -6.0785212e-02 -4.1707203e-02 -1.8323507e-02
 -1.1584202e-03  1.4849055e-02  2.8084001e-02  3.5008304e-02  3.1955976e-02
  9.9240169e-03  2.8967778e-03  4.9375151e-03 -1.1941866e-02 -1.9504627e-02
 -1.3422632e-02  1.2874807e-03  9.0430919e-03  6.7138718e-03 -3.7321902e-04
 -4.2520626e-03 -5.5816956e-03 -1.0256089e-02 -1.3152172e-02 -1.0918726e-02
 -1.1573721e-02 -1.8605072e-02 -5.6950590e-03  7.5824045e-02  2.1142764e-01
  2.7578488e-01  1.7347082e-01 -7.3294029e-02 -2.2482979e-01 -1.8123157e-01
 -1.0926574e-01 -6.2639050e-02 -3.7447412e-02 -2.3392234e-02 -2.1056920e-02
 -2.2180716e-02 -1.9993057e-02 -8.3886618e-03  1.2048616e-02  2.1241203e-02
  1.1389279e-02 -6.2221987e-04 -8.1261341e-03 -1.0896520e-02 -1.2883536e-02
 -1.6550453e-02 -2.0701092e-02 -2.2048403e-02 -2.0248855e-02
 -8.0860205e-02 -5.8910672e-02 -4.0967755e-02 -4.6447027e-02 -3.0574938e-02
 -1.0571252e-02  2.5449606e-02  2.0927647e-02  6.4064818e-03 -2.5372158e-03
 -1.6421758e-03 -3.9809938e-03  1.9308475e-03 -5.1075970e-03 -9.2297625e-03
  2.7799833e-04 -1.8279646e-03  9.2814723e-04  6.3061318e-03  2.0429375e-02
 -1.2102685e-02 -3.5591692e-02 -2.2784814e-02 -3.3096129e-03  2.4444809e-02
  3.3034313e-02  1.9017501e-02  1.2509902e-02  2.3174947e-03 -1.4770738e-02
 -1.9258387e-02 -2.2604872e-02 -1.4462753e-02 -2.5586987e-02 -3.1212905e-02
 -3.3277947e-02 -3.3904631e-02 -3.7779644e-02 -2.4810333e-02 -1.8875923e-02
 -3.4767121e-02 -2.8225435e-02 -1.3965305e-02  6.7932592e-03  2.1059092e-02
  2.6020985e-02  2.2506721e-02  1.3408403e-02  1.0578577e-02  8.6309947e-03
  5.0048291e-04  1.4821694e-02  1.9817607e-02  1.9723075e-02  2.3138177e-02
 -9.8226536e-03 -1.7529194e-03 -1.9287918e-03 -6.8895263e-03 -1.5549562e-02
 -2.2169854e-02 -1.9703243e-02 -1.2695142e-02 -4.2799874e-03  5.6698266e-03
  8.1695933e-03  6.0459645e-03  1.2665421e-02  1.8185696e-02  1.8213054e-02
  1.7060162e-02  3.2000847e-02  4.3132249e-02  4.3928448e-02  3.7933525e-02
  4.0424310e-02  5.4047808e-02  6.0580809e-02  5.2504487e-02  3.7153397e-02
  2.7417369e-02  2.4982167e-02  9.4529884e-03 -9.9106263e-03 -1.6978370e-02
 -3.0570736e-02 -5.1923987e-02 -6.2837951e-02 -4.5442954e-02 -1.6826514e-02
  5.5682180e-03  2.4110114e-02  3.6731988e-02  4.1652627e-02  3.8625780e-02
  1.8785013e-02  1.3482664e-02  1.5724724e-02 -4.1709952e-03 -1.3709250e-02
 -8.2232710e-03  6.6230758e-03  1.3227696e-02  9.0669058e-03  1.8497659e-03
 -1.9773308e-03 -5.3088027e-03 -1.2466619e-02 -1.6207943e-02 -1.3492640e-02
 -8.7030577e-03 -4.6227709e-03  1.5470667e-02  9.6469991e-02  2.2754267e-01
  2.7805042e-01  1.7671929e-01 -4.3908175e-02 -1.7798741e-01 -1.5480074e-01
 -1.0699788e-01 -7.5374991e-02 -5.1973790e-02 -3.0361846e-02 -1.5247731e-02
 -2.6765212e-03  5.6451154e-03  1.3893937e-02  2.4666727e-02  2.4744900e-02
  1.1211351e-02 -3.3000296e-03 -1.1680353e-02 -1.2693173e-02 -1.2821997e-02
 -1.4293339e-02 -1.4379921e-02 -1.0647093e-02 -4.1351523e-03
  2.6012877e-02  2.8855301e-02  3.5258885e-02  3.4827348e-02  5.0967537e-02
  5.7088841e-02  6.3381098e-02  4.5887232e-02  8.7402333e-03  5.1581196e-04
  7.8013161e-04 -1.1694815e-03  4.0372196e-03 -1.0372869e-03 -4.5648376e-03
  3.6375294e-03  5.1331904e-04  2.2145538e-03  7.1361880e-03  3.1288762e-02
  1.6261939e-02 -2.2053758e-02 -1.0519298e-02  1.4390228e-03  1.9381145e-02
  2.5236079e-02  1.4842250e-02  1.0520759e-02  4.0301699e-03 -7.6087518e-03
 -4.8747896e-03 -1.1137276e-02 -1.0324779e-02 -2.3737205e-02 -3.1173386e-02
 -3.2992769e-02 -3.2539949e-02 -3.6517598e-02 -2.9743999e-02 -3.1363461e-02
 -4.9697824e-02 -4.6641733e-02 -2.9120795e-02 -5.3314869e-03  8.5788807e-03
  1.4356584e-02  1.1176752e-02  6.1362535e-03  1.2396323e-02  1.7717095e-02
  1.3650258e-02  2.7969347e-02  2.5294710e-02  1.9613633e-02  2.1688521e-02
 -1.3358488e-02 -3.4551427e-03 -2.1408838e-03 -5.6147734e-03 -1.2269105e-02
 -1.6204033e-02 -9.4850091e-03  2.5481598e-03  1.3102315e-02  2.3261948e-02
  2.8704744e-02  2.7887413e-02  3.5534367e-02  4.4074509e-02  4.4235922e-02
  4.0610336e-02  4.8092257e-02  5.3458478e-02  5.5885572e-02  4.8638593e-02
  3.8155589e-02  4.9631380e-02  6.8437532e-02  6.6995978e-02  5.2487116e-02
  4.7112942e-02  4.7417808e-02  2.2611387e-02 -8.0949096e-03 -1.6816381e-02
 -2.6690805e-02 -4.6194993e-02 -5.8614641e-02 -4.3460716e-02 -1.2878454e-02
  1.5353551e-02  3.6729965e-02  4.3709129e-02  3.6605179e-02  2.5031099e-02
  5.8409511e-03  4.9573183e-03  8.0682291e-03 -1.3217879e-02 -2.2990229e-02
 -1.4132781e-02  7.0179892e-03  1.8655159e-02  1.6241238e-02  9.1053983e-03
  1.8411233e-03 -4.3533095e-03 -1.0815686e-02 -1.4553159e-02 -1.5600951e-02
 -1.2513535e-02 -4.6041983e-04  2.7093533e-02  9.3479335e-02  2.0156497e-01
  2.4759956e-01  1.7284110e-01 -2.9812906e-02 -1.6593881e-01 -1.4569952e-01
 -9.8107696e-02 -6.6952541e-02 -4.6492629e-02 -2.6221773e-02 -9.1233337e-03
  6.4668045e-03  1.7000809e-02  2.5031822e-02  3.1991296e-02  2.7610626e-02
  1.2073052e-02 -5.4687802e-03 -1.7469838e-02 -1.8423827e-02 -1.5381347e-02
 -1.2276573e-02 -9.7526181e-03 -9.6740844e-03 -1.4256105e-02
  1.7952191e-02  5.1519807e-02  7.9968624e-02  7.4737608e-02  7.9142019e-02
  7.5993277e-02  8.5710488e-02  6.7070387e-02  1.0374519e-02  4.7185467e-04
  2.7069502e-06 -7.3973549e-04  3.5009023e-03 -1.5762942e-03 -6.2329117e-03
  8.5323385e-04 -2.1705024e-03 -1.7665271e-04  5.2178339e-03  1.7313642e-02
 -4.5179194e-03 -3.0239373e-02 -1.7841738e-02 -2.5540807e-03  1.3891404e-02
  1.7584493e-02  1.0474797e-02  6.9764713e-03  2.6327302e-03 -3.5261635e-03
 -2.5880421e-03 -7.6338830e-03 -7.4575758e-03 -1.7983604e-02 -2.6916921e-02
 -3.2934427e-02 -3.4893502e-02 -3.5581563e-02 -2.2767005e-02 -1.8856090e-02
 -3.4162160e-02 -3.6985327e-02 -2.7930411e-02 -8.7771043e-03  7.1299342e-03
  1.3407202e-02  8.2792938e-03  1.3784497e-03  8.4889391e-03  1.4437332e-02
  1.0737816e-02  2.0164168e-02  1.7990988e-02  1.1470475e-02  1.2622456e-02
 -7.7855508e-03 -1.6194625e-03 -1.0026061e-03 -2.7006241e-03 -5.0458699e-03
 -4.6113785e-03  4.0271878e-03  1.6680885e-02  2.6299797e-02  3.4465149e-02
  4.1443300e-02  4.2404521e-02  2.7769288e-02 -3.9493633e-03 -2.0949796e-02
 -1.5352249e-02  2.8552886e-03  2.0351056e-02  3.3258986e-02  3.4957197e-02
  3.3947766e-02  4.7555622e-02  6.3101858e-02  6.6649705e-02  6.4008653e-02
  7.2314277e-02  8.2139038e-02  6.3699149e-02  3.7736215e-02  2.4509661e-02
  5.7331030e-03 -1.7934097e-02 -3.1052366e-02 -2.1091664e-02 -2.7933158e-04
  2.0291412e-02  3.8539212e-02  4.4035275e-02  3.3578619e-02  1.9255927e-02
  2.6364072e-04 -1.5185049e-03 -3.8378669e-03 -2.3400776e-02 -3.0723754e-02
 -2.3009628e-02 -3.5181290e-03  1.1183889e-02  1.3699722e-02  1.0345089e-02
  2.0410120e-03 -7.7701914e-03 -1.6182030e-02 -2.2311438e-02 -2.6959481e-02
 -2.8005252e-02 -1.7159903e-02  6.5532713e-03  6.2685810e-02  1.6647154e-01
  2.1228175e-01  1.6398016e-01 -2.0181395e-02 -1.6157420e-01 -1.4366125e-01
 -9.0752289e-02 -5.0680622e-02 -2.5741303e-02 -5.6869234e-03  9.3988897e-03
  2.2532344e-02  3.4791153e-02  4.4156589e-02  4.2571295e-02  2.8028993e-02
  9.4686514e-03 -5.5025104e-03 -1.2772865e-02 -1.1164722e-02 -7.5756013e-03
 -5.2588307e-03 -5.2519832e-03 -8.7683471e-03 -1.6185217e-02
  1.8590160e-02  4.7524061e-02  7.2910555e-02  6.8209238e-02  7.4773222e-02
  7.8008525e-02  9.7911388e-02  8.3222888e-02  1.2977603e-02  9.7976672e-04
  3.0318706e-04 -3.4318215e-04  3.8932532e-03 -2.4533693e-03 -7.1575991e-03
  1.3041327e-03 -8.6462387e-04  2.1118012e-03  8.2011931e-03  4.0231057e-02
  2.7474407e-02 -1.7413097e-02 -5.6106327e-03  3.6259051e-03  1.4593982e-02
  1.5042021e-02  7.0691197e-03  3.7229399e-03  9.6769794e-04 -3.2232325e-03
 -4.1978923e-03 -7.8391861e-03 -5.2479878e-03 -1.1576517e-02 -1.8327272e-02
 -2.3353003e-02 -2.3203900e-02 -1.9342495e-02 -2.2738196e-03  2.9118622e-03
 -1.1008408e-02 -1.2578852e-02 -6.2538870e-03 -2.0946903e-04  7.5265565e-03
  1.5995864e-02  1.4142234e-02  7.0969574e-03  1.3827954e-02  1.9843953e-02
  1.6658301e-02  2.1884674e-02  1.7437413e-02  1.0448651e-02  1.1759900e-02
 -5.3656944e-03 -3.7427575e-04 -1.1217126e-04 -1.6901646e-03 -4.0283315e-03
 -4.3779342e-03  1.5724580e-03  1.0069460e-02  1.6347349e-02  2.1539705e-02
  2.5731605e-02  2.7294612e-02  1.4406978e-02 -1.4837184e-02 -2.5876801e-02
 -1.3119789e-02  1.0230249e-02  2.9617477e-02  3.5009895e-02  2.9177830e-02
  3.6254998e-02  5.8232035e-02  6.9735035e-02  6.7074873e-02  6.1611664e-02
  7.1176581e-02  8.3542235e-02  6.6879444e-02  4.3330863e-02  3.3051684e-02
  1.8161664e-02  2.9595904e-03  5.5299425e-03  2.7607150e-02  4.4875193e-02
  4.9847078e-02  4.7547370e-02  3.7445240e-02  2.2746881e-02  1.3630874e-02
  1.9965409e-03  2.0106263e-03 -1.5942302e-03 -1.7194066e-02 -2.1813016e-02
 -1.7976511e-02 -7.3272469e-03  2.1367872e-03  5.3256815e-03  3.0411643e-03
 -9.8749278e-03 -2.7401011e-02 -3.8399804e-02 -4.1664641e-02 -3.9877977e-02
 -3.3845276e-02 -2.0167643e-02  1.6451724e-03  5.7667598e-02  1.6551031e-01
  2.0383194e-01  1.5816650e-01 -2.3722727e-02 -1.6770057e-01 -1.4739612e-01
 -8.4196560e-02 -3.2151837e-02 -2.5537915e-03  1.6855467e-02  2.9736325e-02
  3.9470471e-02  4.8617754e-02  5.5398155e-02  4.9102709e-02  3.0231703e-02
  9.2963409e-03 -7.0541939e-03 -1.4492068e-02 -1.2682387e-02 -8.7258583e-03
 -6.2956084e-03 -6.7651169e-03 -8.6729042e-03 -8.9955088e-03
  6.6538812e-03  1.9875078e-02  3.7208550e-02  3.8670223e-02  4.6411417e-02
  5.5415671e-02  7.6557718e-02  6.7305043e-02  1.1304202e-02  7.9690234e-04
 -1.2713193e-05 -5.9354381e-04  4.8386995e-03 -2.3894997e-03 -7.5171897e-03
  7.1608846e-04 -1.1842763e-03  2.1680268e-03  6.7546079e-03  2.5212919e-02
  9.2659825e-03 -1.6276849e-02 -6.9312188e-03  1.6412638e-03  1.2563365e-02
  1.4274648e-02  7.3559093e-03  4.0938947e-03  8.9505303e-04 -2.7840075e-03
 -5.4355427e-03 -8.6628869e-03 -9.4800740e-03 -1.5219357e-02 -1.4490765e-02
 -5.8616237e-03  4.6292134e-03  4.9511655e-03  5.9640575e-03 -3.6232853e-03
 -2.7089914e-02 -3.7556127e-02 -3.2541540e-02 -1.2530532e-02  8.3791800e-03
  2.2060564e-02  2.2470241e-02  1.4061152e-02  1.6844464e-02  1.8753309e-02
  1.3725072e-02  1.7681340e-02  1.4873663e-02  8.9955954e-03  9.2529841e-03
 -4.3942337e-03 -3.6090837e-04  1.2355542e-04 -1.3516395e-03 -4.7077471e-03
 -7.2537218e-03 -5.1494041e-03 -1.7295836e-03  8.5629569e-04  3.4081964e-03
  4.1595013e-03  4.9589830e-03  2.8019147e-02  5.9609890e-02  6.5036319e-02
  5.6532085e-02  5.1550645e-02  4.2405684e-02  2.6781281e-02  1.9650403e-02
  4.1268572e-02  6.8207644e-02  7.0440754e-02  5.8441646e-02  4.8395105e-02
  6.1664216e-02  8.5249126e-02  8.5037626e-02  7.0773557e-02  5.2512739e-02
  3.0454056e-02  2.0186462e-02  2.5208866e-02  3.6097348e-02  4.1910883e-02
  4.7042437e-02  5.1424850e-02  4.3838400e-02  2.6791126e-02  1.4024514e-02
  5.2563113e-04 -1.9889842e-03 -7.3735272e-03 -2.1799989e-02 -2.4975218e-02
 -2.1067487e-02 -1.0425056e-02 -4.3466655e-04  2.4654423e-03 -8.7542029e-04
 -1.5857618e-02 -3.5457354e-02 -4.7212251e-02 -5.0637629e-02 -4.8187513e-02
 -4.0206734e-02 -2.5259385e-02 -1.0306148e-02  3.5136558e-02  1.4527246e-01
  1.9656341e-01  1.6955788e-01 -1.0444193e-02 -1.5599650e-01 -1.2821983e-01
 -5.8775324e-02 -3.8950194e-03  2.2799140e-02  3.5859071e-02  4.1062579e-02
  4.6388838e-02  5.5407129e-02  5.9203394e-02  4.3985914e-02  1.7034540e-02
 -7.9577323e-03 -2.4494026e-02 -2.6893761e-02 -1.8290069e-02 -7.8172684e-03
  1.0179293e-05  2.8277835e-04 -4.1147256e-03 -5.3749159e-03
  2.0489885e-02  1.8099125e-02  1.9737551e-02  2.0690382e-02  3.0461444e-02
  4.3300897e-02  6.4405009e-02  6.1564036e-02  1.3858761e-02  5.9939804e-03
  5.1194965e-03  3.2091471e-03  6.0897986e-03 -1.2847055e-03 -5.5472562e-03
  3.2995085e-03  1.5522782e-03  3.7652391e-03  6.8970541e-03  2.1365989e-02
  7.1583083e-03 -1.4285810e-02 -5.5301022e-03  1.7042501e-03  1.0588219e-02
  1.3084684e-02  7.8769540e-03  4.4424254e-03  4.2153505e-04 -2.5339441e-03
 -3.0117631e-03 -1.6279746e-03 -2.0160258e-03 -8.7858774e-03 -1.1694627e-02
 -1.1594667e-02 -1.1764823e-02 -1.3862696e-02 -5.6151357e-03 -6.3865199e-03
 -2.5303107e-02 -4.0294461e-02 -3.9415751e-02 -1.7393840e-02  5.2149096e-03
  1.5656251e-02  1.2406975e-02  4.5220889e-03  8.1323748e-03  1.0112643e-02
  6.8766135e-03  1.2432830e-02  1.2219941e-02  7.8332350e-03  7.2259270e-03
 -2.3120660e-03  3.0970719e-04  8.5532718e-04  3.5066929e-04 -1.5633524e-03
 -3.5369918e-03 -2.7522321e-03 -8.8196789e-04  4.0826900e-04  1.6709981e-03
  1.6682186e-03  2.0858450e-03  1.4327184e-02  3.1619687e-02  3.6899339e-02
  3.3531137e-02  2.8937088e-02  2.0864820e-02  1.4038699e-02  1.6174503e-02
  3.5528723e-02  6.1488189e-02  7.0721745e-02  6.6328764e-02  6.1438810e-02
  8.2262814e-02  1.1162970e-01  1.1427640e-01  9.6119530e-02  6.4438596e-02
  2.7166782e-02  7.9539679e-03  1.3958459e-02  3.8160510e-02  6.1173759e-02
  7.2595254e-02  6.9813356e-02  5.3107716e-02  3.3625238e-02  2.1777550e-02
  8.5750436e-03 -1.4222853e-03 -1.7522391e-02 -3.7029479e-02 -3.8890984e-02
 -2.8296513e-02 -1.2713106e-02 -2.5125626e-03  1.0274836e-05 -2.6876533e-03
 -1.8998682e-02 -3.9484080e-02 -4.8881508e-02 -4.9686678e-02 -4.7287520e-02
 -4.1046213e-02 -2.1581976e-02  6.8327077e-03  4.8754692e-02  1.2773342e-01
  1.6491388e-01  1.5306649e-01  3.0595202e-03 -1.1706685e-01 -8.3002552e-02
 -1.7532958e-02  2.7189223e-02  3.8353048e-02  3.6185220e-02  2.9425520e-02
  2.4288319e-02  2.7491631e-02  3.2393448e-02  2.2564771e-02  1.8342040e-03
 -1.7697264e-02 -2.6846278e-02 -2.1584438e-02 -1.0123963e-02  1.8864342e-04
  6.0087019e-03  3.8079007e-03 -9.2603965e-04 -8.8863855e-04
  2.2489348e-02  2.1602966e-02  2.4862157e-02  2.6601195e-02  3.7692204e-02
  4.9613137e-02  6.7581259e-02  6.3630670e-02  1.4577913e-02  6.0657826e-03
  4.3273247e-03  2.7834286e-03  5.6585935e-03 -2.7581092e-04 -4.1781613e-03
  3.8818170e-03  3.5678262e-03  6.1829104e-03  8.1538856e-03  2.3245880e-02
  9.4252657e-03 -9.9481344e-03 -3.3761600e-03  2.4962334e-03  1.0092434e-02
  1.2590840e-02  8.4994053e-03  4.5589739e-03  3.9062241e-05 -2.8132205e-03
 -3.6157719e-03  1.2445425e-03  5.9778243e-03  4.6786205e-03  4.2007005e-04
 -3.5340530e-03 -9.3796646e-04  8.3017610e-03  2.5587132e-02  2.8741226e-02
  1.4971088e-02  5.6798300e-03  2.0232352e-03  3.5741960e-04  1.6455489e-03
  3.1175558e-03 -1.2622600e-03 -4.9039586e-03  3.0756039e-03  9.7051654e-03
  1.0830639e-02  1.4306800e-02  1.1278838e-02  6.2069986e-03  5.8836699e-03
 -1.2575914e-03  8.8787131e-04  1.5922760e-03  1.6932335e-03  6.7856739e-04
 -7.2811398e-04 -7.9304009e-04 -3.8867097e-04 -2.4950466e-04 -5.7826270e-05
 -8.5698324e-04 -7.0473319e-04  7.6576968e-04  9.3149574e-05  1.9508828e-03
  6.3361847e-03  9.4309403e-03  8.4462622e-03  5.0315382e-03  5.6440155e-03
  1.9051375e-02  4.0867288e-02  5.2354947e-02  5.2178483e-02  4.8057806e-02
  5.9030831e-02  7.6099828e-02  7.3687203e-02  6.4489260e-02  5.0527316e-02
  2.3954058e-02  2.4972903e-03 -3.7288025e-03  5.4349201e-03  2.1373082e-02
  3.6294229e-02  4.0001895e-02  2.8352680e-02  1.4164354e-02  8.6277239e-03
  2.9257738e-03 -2.0023892e-04 -6.0293307e-03 -1.2333827e-02 -9.8069478e-03
 -7.8829192e-03 -3.9374931e-03 -3.0561330e-04  1.9505498e-03  4.4578142e-03
 -1.0443326e-02 -3.6511373e-02 -5.1217981e-02 -5.3589925e-02 -5.2655768e-02
 -5.0413389e-02 -3.1788193e-02  5.0502275e-03  5.0195809e-02  1.2791018e-01
  1.6508180e-01  1.5488471e-01  1.9754635e-02 -8.5222647e-02 -5.1358256e-02
  1.0073557e-02  5.3608596e-02  6.2451433e-02  5.1454086e-02  2.7493080e-02
  5.0690179e-03  5.4898146e-03  1.8042378e-02  1.7340133e-02  6.0255812e-03
 -4.6837311e-03 -9.6654138e-03 -7.7519370e-03 -2.2182739e-03  3.4307938e-03
  6.1272341e-03  3.1932236e-03 -5.0246186e-04  5.1613036e-04
  1.8984929e-02  1.6628046e-02  1.9774610e-02  2.2168556e-02  3.2654461e-02
  4.0668387e-02  5.2940797e-02  4.8222546e-02  1.0569299e-02  2.1656239e-03
  8.3731153e-05 -8.5288502e-04  2.0275491e-03 -2.9513098e-03 -4.9751387e-03
  2.3879507e-03  3.4840661e-03  5.5196648e-03  6.9151931e-03  1.6836070e-02
  6.0251770e-03 -5.7780365e-03 -1.1248598e-04  4.6301978e-03  9.9994531e-03
  1.1527121e-02  8.8021765e-03  6.5469164e-03  3.0913390e-03 -3.9101616e-04
  2.1112945e-03  3.1179180e-03  6.1176941e-03  5.2418206e-03  2.7457757e-03
  4.8175640e-04  2.8973715e-03  8.3756782e-03  1.6915688e-02  1.3516989e-02
 -1.4453547e-03 -1.0480833e-02 -9.6927444e-03 -2.1373662e-03  6.1081983e-03
  1.3525734e-02  1.6523525e-02  1.4473481e-02  1.5173033e-02  1.7521812e-02
  1.6689280e-02  1.4835156e-02  9.6162371e-03  5.0639077e-03  5.3146654e-03
 -9.9297648e-04  1.3624055e-03  2.0093378e-03  2.1481654e-03  1.7010074e-03
  6.8748760e-04  1.9483059e-04 -1.9305723e-04 -6.2216923e-04 -8.6837314e-04
 -1.7784121e-03 -1.6326939e-03 -1.1692903e-03 -2.3599246e-03 -5.1762001e-04
  3.6197673e-03  6.1565777e-03  5.6527308e-03  4.1169841e-03  9.9904789e-03
  3.1107664e-02  5.4879472e-02  6.2286261e-02  5.5773955e-02  4.2206343e-02
  4.1574601e-02  6.1181724e-02  8.2351260e-02  9.0014867e-02  7.0176274e-02
  3.1416733e-02  3.4020869e-03 -4.0609324e-03  3.4232228e-03  1.5456189e-02
  2.5879407e-02  2.8619476e-02  2.0424452e-02  9.9490033e-03  4.6874806e-03
 -3.6104592e-03 -9.7127361e-03 -1.2850211e-02 -9.8460484e-03  1.5956491e-03
  9.5343888e-03  1.9843664e-02  3.0074347e-02  3.0824794e-02  2.8027685e-02
  1.4229686e-02 -4.5798495e-03 -2.0758132e-02 -3.9048925e-02 -5.5535100e-02
 -6.1708663e-02 -4.3951891e-02 -7.2237840e-03  3.8515903e-02  1.2371103e-01
  1.7024116e-01  1.5586910e-01  2.5263296e-02 -7.0316263e-02 -3.8822077e-02
  1.8864052e-02  6.0828347e-02  6.6352509e-02  4.7788836e-02  1.7542804e-02
 -6.6415626e-03 -5.3796065e-03  8.6963987e-03  1.1199871e-02  5.3086434e-03
  5.0810329e-04 -2.0132901e-03 -1.9187309e-03  4.8950274e-04  2.8012055e-03
  2.7832838e-03 -5.9227279e-04 -3.2953389e-03 -2.4519938e-03
  1.7010074e-02  1.5878318e-02  2.1220068e-02  2.3742562e-02  3.1745199e-02
  4.0461082e-02  6.2725469e-02  6.7051716e-02  5.4403201e-02  2.8309109e-02
  1.3858645e-02  9.5630521e-03  1.0522136e-02  4.5031244e-03  4.3414393e-03
  1.5029139e-02  1.8724356e-02  1.9746237e-02  1.7086221e-02  7.4986597e-03
 -2.7672874e-03  1.9883183e-03  9.1401413e-03  1.7105473e-02  3.0192619e-02
  3.8719300e-02  3.6102995e-02  2.9676683e-02  1.9712651e-02  9.0585239e-03
  3.5169998e-03  2.2291313e-03  5.0598537e-03  7.8225676e-03  1.0428343e-02
  9.5425090e-03  6.7221369e-03  4.3078689e-03  6.7513073e-03  3.1420209e-03
 -7.6050749e-03 -1.3441219e-02 -1.0685832e-02 -2.4217819e-03  4.8903082e-03
  1.1391001e-02  1.3792023e-02  1.1198047e-02  9.9268984e-03  1.1370474e-02
  1.1574879e-02  1.0660339e-02  7.6557416e-03  4.9280040e-03  4.8322435e-03
  3.1076398e-04  1.7857373e-03  2.0937347e-03  2.1129302e-03  1.9923572e-03
  1.7811916e-03  2.0311393e-03  2.2429563e-03  2.1458347e-03  2.0439508e-03
  1.6880947e-03  1.5866301e-03  4.4875199e-04 -1.8136763e-03 -1.2171245e-03
  2.0560676e-03  4.4314959e-03  5.7193935e-03  8.7696062e-03  2.0480620e-02
  4.0437777e-02  5.3680692e-02  5.1545002e-02  4.1884098e-02  3.2225527e-02
  3.2280676e-02  4.7942720e-02  6.9946386e-02  8.1893817e-02  6.7013785e-02
  3.0079413e-02 -2.5863918e-03 -1.3467292e-02 -3.3264053e-03  7.9037780e-03
  9.9660568e-03  3.8970315e-03 -6.9174082e-03 -1.5682306e-02 -1.8327996e-02
 -2.0175606e-02 -1.6748635e-02 -1.3903867e-02 -9.8729171e-03  8.9541201e-05
  9.4837360e-03  2.0077167e-02  2.5141986e-02  1.1641600e-02 -8.1294654e-03
 -2.0033013e-02 -1.0803597e-02  5.5446359e-03  7.3887699e-04 -2.0770725e-02
 -3.8667038e-02 -2.8328508e-02  5.0761686e-03  4.3864172e-02  1.1266506e-01
  1.5805356e-01  1.4161257e-01 -1.8749982e-03 -9.2376389e-02 -4.7741067e-02
  1.5333866e-02  5.4311275e-02  5.1506061e-02  2.4349265e-02 -3.9037196e-03
 -1.8432515e-02 -1.1132021e-02  6.1873971e-03  1.3347588e-02  1.0375562e-02
  5.6475471e-03  1.0235098e-03 -2.2708811e-03 -3.0594186e-03 -3.1442933e-03
 -3.3262458e-03 -3.5679999e-03 -3.3460639e-03 -3.2553121e-03
  1.6255859e-02  1.5116574e-02  2.0575583e-02  2.5698017e-02  3.8139235e-02
  5.2441228e-02  7.3404774e-02  6.9849834e-02  5.3791139e-02  3.3030547e-02
  2.4717109e-02  2.1074872e-02  1.7964641e-02  7.5352560e-03  2.5661974e-03
  8.9034401e-03  1.3686058e-02  1.7686697e-02  1.7238945e-02  8.6826328e-03
 -2.3435956e-04  2.5952368e-03  6.9618789e-03  1.0813527e-02  1.8320613e-02
  2.3550462e-02  2.3368206e-02  2.1761337e-02  1.6135849e-02  7.1553984e-03
  1.9323240e-03  4.5987990e-04  3.3547066e-03  6.7278268e-03  8.4699895e-03
  7.3591666e-03  7.1320045e-03  9.2137679e-03  1.3876087e-02  1.2191207e-02
  5.5278726e-03  1.3975786e-03  1.3364365e-03  3.8489122e-03  6.6702687e-03
  9.7282110e-03  9.8616825e-03  7.0973188e-03  5.8231163e-03  6.7470949e-03
  7.0494032e-03  6.9788457e-03  6.0100341e-03  4.7338624e-03  4.5101312e-03
  1.4194552e-03  2.1656528e-03  2.2136709e-03  1.8521544e-03  1.5548115e-03
  2.1888150e-03  3.4697496e-03  4.3993150e-03  4.5803268e-03  4.5878980e-03
  4.5597996e-03  4.0841815e-03  1.8119537e-03 -1.4222057e-03 -1.6990966e-03
  4.7841537e-04  2.2871813e-03  4.6144333e-03  1.1938623e-02  3.0151650e-02
  5.3672869e-02  6.2167119e-02  5.0076235e-02  3.1784430e-02  1.6244568e-02
  1.1368883e-02  1.9756662e-02  3.4139577e-02  4.3641526e-02  3.5785533e-02
  1.2412999e-02 -8.6989477e-03 -1.5522490e-02 -9.8837297e-03 -4.6409825e-03
 -3.1987822e-03 -4.9770786e-03 -1.0694864e-02 -1.5887726e-02 -1.7702766e-02
 -2.0854253e-02 -1.9328305e-02 -1.3037157e-02  2.1783486e-03  2.3405988e-02
  3.5806812e-02  4.1041292e-02  4.0640008e-02  2.5363907e-02  3.3601492e-03
 -1.4635962e-02 -1.0816003e-02  4.0126103e-03 -4.5050215e-04 -2.1893071e-02
 -4.2509045e-02 -3.4223542e-02  4.4038314e-03  5.2260127e-02  1.1374702e-01
  1.4320295e-01  1.1790706e-01 -1.8156016e-02 -9.5089957e-02 -4.6096414e-02
  1.1509359e-02  4.0694874e-02  3.0906154e-02  3.7467531e-03 -1.5578513e-02
 -2.0715280e-02 -1.1064590e-02  6.9047119e-03  1.6580852e-02  1.3408113e-02
  5.4265675e-03 -8.3924405e-04 -2.6601341e-03 -1.3876362e-03 -4.4825827e-04
 -1.9489862e-04  1.8000107e-04  5.2683416e-04  2.5991598e-04
  1.4402039e-02  1.0259317e-02  1.0890150e-02  1.3888553e-02  2.5793562e-02
  4.5008663e-02  7.1724363e-02  7.1779966e-02  5.3996269e-02  2.9574916e-02
  1.8332629e-02  1.6092135e-02  1.7729113e-02  1.1932024e-02  7.5493851e-03
  1.0239702e-02  1.1320039e-02  1.3412080e-02  1.3613892e-02  6.4332336e-03
 -2.6717293e-03 -1.3292085e-03  2.8793197e-03  6.6093672e-03  1.0521252e-02
  1.3496736e-02  1.4551133e-02  1.5189102e-02  1.3368506e-02  7.3241773e-03
  2.8214871e-03  4.1090805e-04  1.4652031e-03  2.0859318e-03  6.9238496e-04
 -1.9551385e-03 -1.7919911e-03  1.0525176e-03  5.2554868e-03  4.3875030e-03
 -5.8449175e-05 -2.0943428e-03 -9.7611308e-04  2.6515641e-03  5.9878565e-03
  7.3834280e-03  6.2129055e-03  3.8029940e-03  2.9918582e-03  3.9013743e-03
  4.4029634e-03  4.8194602e-03  4.7285496e-03  4.1133505e-03  3.9376230e-03
  2.0461222e-03  2.3097210e-03  2.0556620e-03  1.8278486e-03  1.7476790e-03
  2.0874375e-03  3.0858817e-03  4.2082136e-03  4.4045700e-03  4.2619640e-03
  2.8400021e-03  1.8536453e-03  1.6621529e-03 -8.4042241e-04 -1.2145897e-03
 -5.8827296e-05  1.1002833e-03  3.3871764e-03  1.0893466e-02  2.8479492e-02
  5.1146034e-02  5.7958569e-02  4.1809984e-02  1.7225482e-02 -4.3994309e-03
 -9.4178682e-03  7.6529622e-04  1.5917981e-02  2.9080261e-02  3.0292217e-02
  1.7514862e-02  2.3673368e-03 -3.7289762e-03  9.0251124e-04  4.6512173e-03
  2.8793775e-03 -1.7519495e-03 -5.9929374e-03 -4.4939616e-03  5.4854131e-04
 -1.1758106e-03 -6.0864836e-03 -4.7809533e-03  1.2203627e-02  3.4394648e-02
  4.1965168e-02  4.1207481e-02  4.1189674e-02  3.2169502e-02  1.5919285e-02
 -7.5933203e-04 -3.8259386e-03  2.5142564e-03 -6.0834289e-03 -2.4256324e-02
 -3.9096549e-02 -2.8781613e-02  8.4105786e-03  5.3297784e-02  1.0910142e-01
  1.3184686e-01  1.0106129e-01 -1.9036032e-02 -8.9174666e-02 -4.6345696e-02
  1.7162942e-03  2.0617565e-02  9.1901412e-03 -8.9664394e-03 -1.6850255e-02
 -1.6193755e-02 -8.1383670e-03  6.5190927e-03  1.6340980e-02  1.4258305e-02
  6.1089071e-03  2.8780889e-04 -1.1777735e-03 -3.7751411e-04  1.2508730e-04
 -3.8685711e-04 -1.1049056e-03 -1.8361580e-03 -3.0436255e-03
  9.9120736e-03  6.5138089e-03  6.2145842e-03  6.8273791e-03  1.4706896e-02
  2.9250063e-02  5.3885087e-02  6.0230918e-02  5.0328556e-02  3.2360874e-02
  2.3876756e-02  1.9922849e-02  1.7652096e-02  1.0273736e-02  6.3666287e-03
  8.0521610e-03  6.6247410e-03  6.4200028e-03  6.6575441e-03  2.0460063e-03
 -4.9802340e-03 -5.6519490e-03 -2.8089646e-03  2.0401725e-03  6.3351574e-03
  8.0093397e-03  9.0403855e-03  1.0665580e-02  1.0047370e-02  5.6771231e-03
  2.8908425e-03  1.1887134e-03  1.7348963e-03  1.5556655e-03  4.6224825e-04
 -5.7564676e-04  7.5217348e-04  3.3776949e-03  6.0776528e-03  5.4955324e-03
  2.9093723e-03  1.8237230e-03  3.0732439e-03  5.3099757e-03  6.0800272e-03
  5.6677568e-03  3.7222011e-03  1.2791784e-03  4.4352017e-04  9.8786200e-04
  1.4986433e-03  2.1847761e-03  2.6940086e-03  2.8643510e-03  3.2437893e-03
  2.0656073e-03  2.2030596e-03  1.7781516e-03  1.4196752e-03  1.2005650e-03
  1.3456867e-03  2.1306493e-03  3.1471164e-03  3.3215990e-03  3.1944683e-03
  3.2097118e-03  2.8210816e-03  1.6638180e-03 -1.5195325e-04 -4.5942675e-04
  2.2426236e-04  1.1775795e-03  3.3212805e-03  9.5684947e-03  2.3122834e-02
  4.0728316e-02  4.8363108e-02  3.9649542e-02  2.5058601e-02  9.5766727e-03
 -2.1728186e-03 -5.6389337e-03  3.4360336e-03  2.0727294e-02  2.7701970e-02
  1.8023415e-02  3.5000194e-03 -4.2185788e-03 -2.7748873e-03 -2.7087162e-04
 -6.1187655e-04 -2.6195280e-03 -3.1112875e-03  3.0813653e-03  1.3883934e-02
  1.7375311e-02  1.3045902e-02  9.0026446e-03  1.4983538e-02  2.3168577e-02
  1.9180069e-02  1.4160258e-02  2.1681428e-02  3.0797437e-02  2.8714152e-02
  1.1230343e-02 -3.4333272e-03 -4.4331173e-03 -8.2256300e-03 -1.0813948e-02
 -1.2007793e-02 -7.4613834e-04  2.0603377e-02  3.7964500e-02  6.9814801e-02
  9.3609042e-02  7.6652683e-02 -3.0419027e-02 -9.4728775e-02 -5.4205593e-02
 -1.2199675e-02  3.2745800e-03 -2.5733919e-03 -1.1355679e-02 -1.4024877e-02
 -1.2635238e-02 -5.5711418e-03  7.5242966e-03  1.5263074e-02  1.1830444e-02
  4.0854258e-03  1.4093392e-04  1.0637293e-03  3.0574212e-03  1.7028605e-03
 -1.8291804e-03 -3.5239921e-03 -3.2644323e-03 -3.5079380e-03
  3.1429040e-03 -1.8637789e-03 -3.4908992e-03 -3.7862158e-03  3.1230422e-03
  1.5918128e-02  3.6228653e-02  4.1225575e-02  3.3113208e-02  1.7893128e-02
  1.2929136e-02  1.5699971e-02  2.1265814e-02  1.7611854e-02  1.1353566e-02
  9.3094269e-03  7.3758285e-03  7.6558138e-03  7.0385458e-03  3.2284730e-03
 -1.0854828e-03 -1.2843596e-03  1.8323507e-04  2.2315199e-03  3.6510215e-03
  4.0019555e-03  4.8103118e-03  6.5513025e-03  6.7178234e-03  3.9475104e-03
  2.5672396e-03  2.1866290e-03  3.2158785e-03  1.9316872e-03 -1.7920486e-03
 -4.8503675e-03 -3.3958766e-03  6.7942432e-04  4.0341071e-03  4.5767799e-03
  3.7843622e-03  3.5905398e-03  4.6184142e-03  6.0187923e-03  6.1559691e-03
  4.9908743e-03  2.6814141e-03 -6.9143098e-05 -1.7594771e-03 -2.6590773e-03
 -2.9153656e-03 -1.3133106e-03  5.4871221e-04  1.5550285e-03  2.6802705e-03
  1.4305599e-03  1.9632021e-03  1.5605149e-03  1.6053190e-03  1.9835411e-03
  1.3368926e-03  3.0094903e-04 -3.3024760e-04 -5.8285159e-04 -8.6896966e-04
 -1.6508182e-03 -2.0062542e-03 -1.2329369e-03 -3.3553143e-04  2.0321091e-05
  5.8128813e-04  1.4226906e-03  2.4193064e-03  4.4498807e-03  8.5826879e-03
  1.4275257e-02  1.7033672e-02  1.3093673e-02  5.8758245e-03 -1.4021893e-03
 -6.3162511e-03 -4.5020538e-03  9.5123993e-03  3.0253276e-02  4.0307924e-02
  3.2502167e-02  1.6477926e-02  5.8001424e-03  4.9169590e-03  6.8014087e-03
  6.3174954e-03  2.6232339e-03 -1.5587055e-03  1.5155372e-04  7.8199618e-03
  1.0135835e-02  5.0762119e-03  2.1643501e-03  1.1690618e-02  2.4765886e-02
  2.5561506e-02  2.1261904e-02  2.5332492e-02  3.1274430e-02  3.0907458e-02
  1.7771529e-02  4.3279328e-03  3.5126717e-03  3.5261635e-03  3.2597852e-03
 -7.1461184e-04  4.6544163e-03  1.8840311e-02  2.2075906e-02  3.7878513e-02
  5.8853209e-02  4.9255289e-02 -4.2354729e-02 -9.5744729e-02 -5.2989587e-02
 -1.1286121e-02  4.6057766e-03  9.4070827e-04 -6.6741481e-03 -1.1254475e-02
 -1.2468644e-02 -6.7221369e-03  5.5092853e-03  1.3136900e-02  1.1154691e-02
  5.2804872e-03  1.9759701e-03  2.9319117e-03  5.2788947e-03  4.3531363e-03
  1.2177860e-03 -2.8573442e-04  4.0383780e-04  1.3965680e-03
 -6.3236631e-03 -7.4789003e-03 -2.2058247e-03  1.8246784e-03  7.7259815e-03
  1.4375116e-02  2.5672972e-02  2.7204132e-02  2.2094872e-02  1.2216484e-02
  1.0061528e-02  1.4824445e-02  2.3240091e-02  2.3148455e-02  1.7339699e-02
  1.2821317e-02  8.9266449e-03  7.7516036e-03  6.0143629e-03  2.1876714e-03
 -1.3733279e-03 -1.5622233e-03 -5.3274340e-04  1.0540708e-03  2.2959539e-03
  2.2074457e-03  2.8051720e-03  4.4106934e-03  5.0300905e-03  3.4140013e-03
  3.2645338e-03  3.5329100e-03  4.0521012e-03  2.0859176e-03 -1.9919809e-03
 -5.6521078e-03 -5.0544688e-03 -1.5373239e-03  1.7011523e-03  2.5637797e-03
  2.0622630e-03  1.8962347e-03  2.7565314e-03  4.3073040e-03  5.2274172e-03
  4.7007408e-03  2.8230213e-03 -1.0665478e-04 -2.6272438e-03 -4.5181946e-03
 -5.3256387e-03 -3.2401555e-03 -4.8675371e-04  9.2284905e-04  2.0640148e-03
  1.2389316e-03  1.7127765e-03  1.3057541e-03  1.3599662e-03  2.0066742e-03
  1.3491033e-03  1.0480718e-05 -7.8038633e-04 -8.2425098e-04 -1.0343438e-03
 -2.1608612e-03 -2.9508178e-03 -1.8790949e-03 -3.6893986e-04  4.9968381e-05
  3.5122663e-04  1.1685999e-03  2.0895367e-03  3.5389313e-03  6.2022652e-03
  1.0559699e-02  1.4580664e-02  1.3995763e-02  1.0335998e-02  5.9612351e-03
  1.1104038e-03 -1.4620617e-03  5.9604812e-03  2.2466766e-02  3.4458056e-02
  3.2783728e-02  2.3174513e-02  1.6866470e-02  1.4315413e-02  1.0995350e-02
  7.6842601e-03  3.3991050e-03 -2.8396833e-03 -6.4785886e-03 -4.3667150e-03
 -3.4260890e-03 -4.1135536e-03 -1.1347717e-03  1.2339994e-02  2.8118888e-02
  3.1402834e-02  2.7373504e-02  3.0358518e-02  3.5349216e-02  3.0775724e-02
  1.3867403e-02  2.0484098e-03  6.5691955e-03  1.0908810e-02  7.1931821e-03
 -5.1055411e-03 -4.2129187e-03  7.3917382e-03  9.7234054e-03  3.1196984e-02
  4.7134653e-02  2.5688175e-02 -5.0969422e-02 -9.0678170e-02 -5.0262257e-02
 -1.2782305e-02  2.8798841e-03  3.0119803e-03 -1.0006300e-03 -5.9055444e-03
 -9.4620790e-03 -6.0773916e-03  2.2999926e-03  6.7210658e-03  5.4410584e-03
  2.8436647e-03  2.3904406e-03  4.6959054e-03  7.4613118e-03  7.0403125e-03
  4.6855551e-03  3.2319617e-03  2.6619148e-03  1.9964685e-03
 -4.5349724e-03 -4.8576351e-03 -6.7901035e-04  3.4498880e-03  8.7199230e-03
  1.5487602e-02  2.6015196e-02  2.6187321e-02  1.9794587e-02  9.7198440e-03
  7.4133514e-03  1.2407265e-02  2.0444430e-02  2.0777816e-02  1.4881480e-02
  9.3343407e-03  4.7923899e-03  3.9143017e-03  3.6642815e-03  1.4977169e-03
 -9.9164026e-04 -1.1001183e-03 -6.1470666e-04  3.9628550e-04  1.4897983e-03
  9.7935135e-04  9.0146170e-04  1.7134135e-03  2.1467900e-03  1.4968337e-03
  1.9135629e-03  2.7300543e-03  4.0273615e-03  3.6098510e-03  7.8078889e-04
 -2.9089092e-03 -3.9025617e-03 -2.0436177e-03  1.0367933e-03  2.8347615e-03
  3.3438783e-03  3.0235031e-03  3.5957512e-03  5.2669374e-03  7.2023440e-03
  7.1284003e-03  4.6740901e-03  1.1926277e-03 -1.9311080e-03 -4.2432318e-03
 -5.0862296e-03 -3.0715351e-03 -5.0207827e-04  8.4901688e-04  1.8333208e-03
  1.3589950e-03  1.7008628e-03  1.2787804e-03  1.5887003e-03  2.4030639e-03
  1.6967948e-03  5.4729782e-04  1.1073289e-04  2.2172753e-04  1.0746560e-04
 -8.0220075e-04 -1.5870502e-03 -1.0182796e-03 -2.4887492e-04 -1.2257449e-04
  7.8866680e-05  9.9428091e-04  2.3572030e-03  4.3071886e-03  6.6198907e-03
  8.2143834e-03  8.2173934e-03  6.8407990e-03  5.8785318e-03  5.1226378e-03
  3.2038779e-03  1.5110783e-03  6.9015999e-03  1.9074682e-02  2.7949514e-02
  2.6258253e-02  1.8435266e-02  1.6142219e-02  1.7900657e-02  1.5501067e-02
  9.9865403e-03  3.3010859e-03 -3.3786499e-03 -6.7739198e-03 -6.4676874e-03
 -8.3247637e-03 -9.6316831e-03 -4.6624364e-03  1.2228673e-02  3.2165878e-02
  3.8627081e-02  3.2206990e-02  2.5473056e-02  2.4352301e-02  2.4224479e-02
  1.5895832e-02  8.7887300e-03  1.0802743e-02  9.7226519e-03  3.2527789e-03
 -7.5515276e-03 -5.2791117e-03  5.6908466e-03  1.1813130e-02  4.2141058e-02
  5.4693740e-02  3.9839474e-03 -7.3956177e-02 -9.1216981e-02 -4.3924537e-02
 -1.0003593e-02  2.2855164e-03  1.9708599e-03 -1.6640060e-03 -5.8323382e-03
 -8.2075633e-03 -5.1926598e-03  5.5447518e-04  3.1522554e-03  2.8842413e-03
  2.7584715e-03  3.8830473e-03  6.3403687e-03  8.4884753e-03  7.4227178e-03
  4.8731971e-03  3.2427467e-03  2.1252639e-03  1.2133432e-03
 -3.4433592e-03 -2.3671337e-03 -9.7472184e-05  2.0516086e-03  4.7247713e-03
  8.4055709e-03  1.6029596e-02  1.7012971e-02  1.3236453e-02  7.2062826e-03
  7.1001416e-03  1.2466445e-02  1.9089883e-02  1.8145593e-02  1.2296246e-02
  7.5291037e-03  3.9713676e-03  3.4144789e-03  3.4860785e-03  1.8726527e-03
  8.3944527e-05 -8.1261196e-06 -5.9000005e-05  3.6525851e-04  1.4677655e-03
  1.2752628e-03  8.4875064e-04  1.0590419e-03  1.2422451e-03  9.0967410e-04
  1.4413215e-03  2.1758731e-03  3.3595269e-03  3.4764088e-03  1.8353764e-03
 -8.3966099e-04 -1.9380278e-03 -8.9911354e-04  1.2215731e-03  2.6662573e-03
  3.5347044e-03  3.1928036e-03  3.6206793e-03  4.7812145e-03  5.7035279e-03
  5.0685396e-03  2.8101951e-03  2.5227250e-04 -1.3728864e-03 -2.0486845e-03
 -2.0012022e-03 -9.3795493e-04  2.5063669e-04  1.0355193e-03  1.8666160e-03
  1.7663534e-03  1.9136062e-03  1.3892200e-03  1.6298998e-03  2.3772384e-03
  1.7487211e-03  7.8644173e-04  5.4326036e-04  7.6855929e-04  6.6112919e-04
 -2.8497734e-04 -1.2408801e-03 -6.3399924e-04  1.9047613e-04  2.0683144e-04
  9.3311552e-05  6.0763792e-04  1.6824343e-03  3.0272091e-03  3.6778895e-03
  3.2015909e-03  2.0311247e-03  7.9452823e-04  4.7558229e-04  1.1565266e-03
  2.1375108e-03  3.8135615e-03  9.7282110e-03  1.9520408e-02  2.7058212e-02
  2.6857862e-02  2.0232351e-02  1.7479541e-02  2.0058490e-02  1.7369809e-02
  7.4972268e-03 -2.5083355e-03 -8.9981863e-03 -1.1687272e-02 -1.1459518e-02
 -1.3288336e-02 -1.3217952e-02 -7.4150739e-03  8.4690927e-03  2.7615111e-02
  3.4434170e-02  2.8555203e-02  2.0216137e-02  1.6992413e-02  1.8081753e-02
  1.4312230e-02  1.1026183e-02  1.3476296e-02  1.1548170e-02  3.9522876e-03
 -7.5947824e-03 -7.1288338e-03  1.2913878e-03  1.1272672e-02  5.0939459e-02
  5.6579992e-02 -1.4214342e-02 -8.7785080e-02 -8.9063779e-02 -4.0333834e-02
 -8.9386897e-03  2.7717464e-03  3.6751823e-03  2.4353749e-04 -4.4026016e-03
 -6.8170149e-03 -4.1477755e-03  1.0071110e-03  3.6066226e-03  3.4906098e-03
  2.9109358e-03  3.1013568e-03  4.4524148e-03  5.8062798e-03  4.9441452e-03
  3.2434559e-03  2.1822429e-03  1.0936966e-03  1.0138296e-04
 -8.6312264e-04 -3.7968126e-05 -1.3172366e-04  1.2713583e-03  4.4237371e-03
  8.3925705e-03  1.3654600e-02  1.3145034e-02  1.0317324e-02  6.4105205e-03
  6.0681715e-03  9.1260988e-03  1.3090489e-02  1.2150761e-02  8.8000642e-03
  6.7013926e-03  5.2723512e-03  5.1018209e-03  4.3243575e-03  2.1035064e-03
  2.4453929e-04 -1.1276900e-04 -1.3788202e-04  2.6118555e-04  8.6307491e-04
  5.6912517e-04  2.9794668e-04  7.3362939e-04  1.2115901e-03  1.0009109e-03
  1.4585585e-03  1.9991612e-03  2.6244065e-03  2.4120973e-03  1.4252689e-03
 -2.6905340e-05 -6.7633227e-04 -1.9416034e-04  1.0271304e-03  1.8901111e-03
  2.5848863e-03  2.4135015e-03  2.8045927e-03  3.5694910e-03  3.9783306e-03
  3.2051227e-03  1.3524602e-03 -5.0444511e-04 -1.7559739e-03 -2.4022243e-03
 -2.3993002e-03 -1.2680477e-03  2.1266684e-05  7.4914069e-04  1.4858029e-03
  1.1992751e-03  1.5749768e-03  1.2835214e-03  1.2382077e-03  1.4651599e-03
  1.1359905e-03  6.4853777e-04  5.3214550e-04  6.2346191e-04  4.4608975e-04
 -1.3169007e-04 -6.0264207e-04  1.3473777e-05  5.0613884e-04  3.7800340e-04
  8.0090213e-05  1.5926958e-04  9.0765610e-04  1.9189770e-03  2.4560038e-03
  2.8725443e-03  3.2680370e-03  3.1862454e-03  2.8661459e-03  2.5697441e-03
  2.0378849e-03  1.5511198e-03  4.5266058e-03  1.2112529e-02  2.0271728e-02
  2.3334473e-02  1.9615227e-02  1.5459375e-02  1.2532631e-02  7.1307598e-03
  7.5366464e-04 -4.4654720e-03 -9.5095467e-03 -1.2808809e-02 -1.2081608e-02
 -1.2765032e-02 -1.2485148e-02 -8.4403288e-03  3.9920686e-03  2.0875098e-02
  2.7085423e-02  2.1901032e-02  1.5538272e-02  1.3950903e-02  1.6173054e-02
  1.4435437e-02  1.2848387e-02  1.4343194e-02  9.3956618e-03 -2.2338216e-05
 -9.3012759e-03 -9.9418657e-03 -6.0989619e-03  6.3970434e-03  4.6627406e-02
  1.9004473e-02 -6.5700784e-02 -9.9047773e-02 -6.4710170e-02 -1.9666472e-02
 -8.6909271e-04  4.7289697e-03  5.1084794e-03  2.2070694e-03 -2.8150445e-03
 -6.1308676e-03 -4.6671410e-03 -6.0761475e-04  1.7455220e-03  2.0507979e-03
  1.7921065e-03  1.9249122e-03  3.0296268e-03  4.3681478e-03  4.0685758e-03
  3.0531939e-03  2.5260835e-03  1.8239835e-03  9.2092209e-04
 -5.3535197e-03 -2.7499304e-03  1.0999766e-03  4.2601116e-03  7.1425000e-03
  8.7091383e-03  1.0416443e-02  9.5309140e-03  8.5152434e-03  7.2247689e-03
  7.9294890e-03  9.4985878e-03  1.0092551e-02  7.2888839e-03  4.1443445e-03
  2.6585851e-03  1.9057747e-03  2.1002344e-03  1.8812371e-03  5.2307901e-04
 -7.4676226e-04 -8.3472749e-04 -4.7302429e-04  1.8468416e-04  6.9808576e-04
  2.4348540e-04 -1.0413171e-04  2.2465609e-04  7.7109982e-04  8.2192745e-04
  1.2066001e-03  1.5442871e-03  1.8491289e-03  1.4359843e-03  7.8719889e-04
  4.1243817e-05 -2.1461824e-04  1.7860412e-04  1.1773088e-03  1.8779367e-03
  2.7549539e-03  2.6446010e-03  2.8060982e-03  2.9355600e-03  2.6267227e-03
  1.8469139e-03  6.4162386e-04 -5.8247813e-04 -1.8342040e-03 -2.8389452e-03
 -2.9838961e-03 -1.6512235e-03 -8.6353240e-05  6.2164373e-04  1.1725504e-03
  7.7169185e-04  1.3190375e-03  1.2517532e-03  1.1786653e-03  1.2143378e-03
  9.4998477e-04  5.9237698e-04  4.3937273e-04  3.8539790e-04  1.9042834e-04
 -5.7394871e-05 -2.4245324e-05  6.3297286e-04  8.0160861e-04  5.5854302e-04
  3.5468355e-04  6.1992969e-04  1.2058025e-03  1.6549294e-03  1.4703567e-03
  1.4445338e-03  1.7857227e-03  2.0973827e-03  2.1643937e-03  1.8830613e-03
  1.0758560e-03  1.2690423e-04  1.7230838e-03  7.1333661e-03  1.3768747e-02
  1.6315648e-02  1.0955844e-02  3.7405137e-03  2.0743364e-03  5.6007174e-03
  9.5095905e-03  8.1102829e-03  7.0226355e-04 -6.9600847e-03 -8.5394187e-03
 -9.9222651e-03 -1.1138983e-02 -9.7830324e-03 -4.6313705e-04  1.4779713e-02
  2.2345891e-02  2.1682441e-02  2.1361792e-02  2.2987332e-02  2.3705069e-02
  1.7833775e-02  1.1912770e-02  1.1013822e-02  4.9131508e-03 -3.9032996e-03
 -1.0727190e-02 -1.2812400e-02 -1.1623982e-02  1.3289971e-02  6.5145038e-02
 -2.2690860e-03 -1.0158563e-01 -1.0809300e-01 -6.4157896e-02 -2.5299631e-02
 -6.7653204e-03  1.5260903e-03  4.0254798e-03  2.7890741e-03 -7.2657084e-04
 -3.4641756e-03 -3.4107293e-03 -1.5096164e-03  3.9425882e-05  7.2678213e-04
  9.1041526e-04  1.0692014e-03  1.8640393e-03  3.2847568e-03  3.8620133e-03
  3.5239342e-03  3.0759075e-03  2.2209669e-03  1.0907074e-03
 -4.5320340e-03 -3.2510418e-03 -1.3362890e-03 -2.0535920e-04  1.4664625e-03
  2.2863129e-03  3.9124917e-03  4.4308156e-03  4.9416837e-03  4.9583749e-03
  6.0109026e-03  7.6894276e-03  8.9184362e-03  7.4290866e-03  5.2217566e-03
  4.1917111e-03  3.4284776e-03  2.5956132e-03  1.4573861e-03  5.0404124e-05
 -1.0383234e-03 -9.9155353e-04 -4.8613269e-04  2.0646230e-04  6.7482813e-04
  2.6386799e-04 -1.7921210e-04 -4.1781321e-05  3.7115469e-04  5.5624853e-04
  9.0362731e-04  1.0945783e-03  1.0947781e-03  4.2977204e-04 -2.0618001e-05
 -2.0215413e-04 -6.0117425e-05  3.3987573e-04  1.1046365e-03  1.5464873e-03
  2.3357347e-03  2.2209522e-03  2.1611217e-03  1.9546754e-03  1.5710249e-03
  1.1386427e-03  4.2357919e-04 -3.0807138e-04 -6.9426262e-04 -7.5877045e-04
 -5.8629405e-04 -8.8460845e-05  3.4181992e-04  5.6400639e-04  9.4532338e-04
  1.0024093e-03  1.4375245e-03  1.4152527e-03  1.2518748e-03  1.0786254e-03
  8.2670897e-04  5.8987987e-04  4.3107351e-04  2.7223385e-04  7.0373295e-05
  3.1322199e-06  2.2262652e-04  7.5234432e-04  8.9686556e-04  7.4142200e-04
  4.7429820e-04  4.1769593e-04  4.6159385e-04  5.3348311e-04  3.7529634e-04
  3.0659910e-04  6.3745037e-04  1.2403256e-03  1.7651229e-03  1.9146629e-03
  1.3819702e-03  4.4594792e-04  1.1979651e-03  4.6115238e-03  9.3008578e-03
  1.1417955e-02  6.5622469e-03 -1.3313249e-03 -3.3304733e-03  2.6635649e-03
  1.1142834e-02  1.4179538e-02  7.6473602e-03 -4.1232384e-03 -1.0240729e-02
 -1.3333807e-02 -1.4122228e-02 -1.1779240e-02 -2.7949370e-03  1.0450752e-02
  1.7819010e-02  1.9015765e-02  1.9775625e-02  2.0255223e-02  1.8022258e-02
  1.0472654e-02  5.4479628e-03  6.9489805e-03  3.7102436e-03 -3.1425997e-03
 -9.3649281e-03 -1.1541453e-02 -8.0547519e-03  2.0988300e-02  6.4111866e-02
 -1.4132535e-02 -9.6008487e-02 -8.2065061e-02 -3.6798440e-02 -6.8989075e-03
  9.2928944e-04  3.0929602e-03  4.2013670e-03  3.8648795e-03  1.2479241e-03
 -1.5622088e-03 -2.2676094e-03 -1.0486001e-03  1.5894532e-04  5.2391575e-04
  4.3318557e-04  4.2051595e-04  1.0535467e-03  2.6303853e-03  3.7325516e-03
  3.7266021e-03  3.1844366e-03  2.0596865e-03  8.6824584e-04
 -4.0910570e-03 -2.8593568e-03 -1.2758519e-03 -5.4384815e-04  6.4716682e-05
  1.9996244e-04  1.7005007e-03  2.3955801e-03  2.7148109e-03  2.5213934e-03
  3.3059795e-03  4.4429898e-03  5.3244084e-03  4.6983664e-03  3.6587084e-03
  3.2997834e-03  2.8818382e-03  2.1746282e-03  1.0984956e-03  2.2115139e-05
 -8.5925171e-04 -1.0713626e-03 -7.4900477e-04  2.8702138e-07  5.9244939e-04
  2.4150070e-04 -2.7152742e-04 -1.4832406e-04  2.0436614e-04  2.2900332e-04
  2.7137250e-04  2.2957803e-04  1.1989957e-04 -3.7829005e-04 -5.4916670e-04
 -4.1877734e-04 -1.5350801e-04  1.3626488e-04  7.3350349e-04  1.0871128e-03
  1.7931056e-03  1.7106342e-03  1.5279289e-03  1.2825921e-03  1.0498683e-03
  8.5518108e-04  4.1718350e-04 -1.1849638e-04 -3.9501305e-04 -4.3770796e-04
 -3.1082620e-04  9.4228482e-05  4.1585456e-04  5.9787510e-04  9.6768496e-04
  9.2546199e-04  1.3372587e-03  1.3154821e-03  1.2364517e-03  1.2581849e-03
  1.1774739e-03  9.8403881e-04  7.6427998e-04  5.4519880e-04  3.0528035e-04
  1.5237741e-04  2.2991678e-04  6.8778876e-04  9.4036391e-04  8.8204321e-04
  6.9810601e-04  8.0860930e-04  1.0867539e-03  1.2277211e-03  7.3904207e-04
  1.7128779e-04 -9.6801359e-06  5.7058009e-05  3.0384140e-04  5.7632424e-04
  5.8652856e-04  4.5454243e-04  1.4896969e-03  4.5091757e-03  9.1027617e-03
  1.1984558e-02  8.5817045e-03  1.3539123e-03 -2.9658007e-03 -1.7541354e-03
  3.1439171e-03  6.9786711e-03  6.2224739e-03  1.9591774e-03 -2.2342415e-04
 -4.1451408e-03 -8.1617748e-03 -7.9667801e-03 -1.6772809e-03  6.6392315e-03
  1.1176304e-02  1.2918395e-02  1.4888139e-02  1.6688555e-02  1.5062145e-02
  7.9893051e-03  3.2602199e-03  5.1545571e-03  4.2438693e-03 -6.3635450e-04
 -7.4884533e-03 -9.3924189e-03 -2.6827459e-03  2.0532589e-02  3.9606694e-02
 -2.6424294e-02 -7.7434540e-02 -6.2149469e-02 -3.0868370e-02 -5.7251118e-03
  1.2745170e-03  2.5245778e-03  2.8864853e-03  2.5681807e-03  5.3154043e-04
 -2.1712843e-03 -3.4019859e-03 -2.3016140e-03 -6.3692487e-04  8.6821550e-05
  1.1282096e-04  1.8331181e-04  8.4461767e-04  2.1589794e-03  3.0924827e-03
  3.2013298e-03  2.8700400e-03  1.9881446e-03  9.5920614e-04
 -3.1093766e-03 -2.1559971e-03 -1.1797264e-03 -1.3892475e-03 -1.0589117e-03
 -1.0062093e-03 -4.9235743e-05  5.5707656e-05  7.1489419e-05 -8.2116458e-05
  8.5945003e-04  2.1856593e-03  3.3686755e-03  3.6495738e-03  3.3248127e-03
  2.7866133e-03  1.9082645e-03  1.0575652e-03  2.5479138e-04 -1.3479496e-04
 -2.0497557e-04 -1.9992334e-04 -2.5728851e-04 -1.9083804e-04  1.0352283e-04
 -5.4872376e-06 -3.3362923e-04 -1.6270771e-04  6.2694926e-05 -7.9824858e-05
 -1.4075194e-04 -1.8973061e-04 -1.0257609e-04 -2.7448495e-04 -3.3958914e-04
 -3.9629854e-04 -4.8910890e-04 -5.5215898e-04 -1.3955605e-04  1.2640667e-04
  1.0656402e-03  1.0402198e-03  8.5952959e-04  6.0796220e-04  3.9393743e-04
  3.2291393e-04  1.0096357e-04 -2.7315601e-04 -3.6245302e-04 -2.5635050e-04
 -1.2836908e-04  1.5969951e-04  3.6607202e-04  5.4030144e-04  9.1875659e-04
  8.6546212e-04  1.1364698e-03  1.0587004e-03  9.5131935e-04  8.7997166e-04
  7.5605756e-04  5.9197162e-04  3.7498513e-04  1.6498916e-04  5.6669891e-05
  7.5894692e-05  2.3845781e-04  6.0311408e-04  6.9020921e-04  5.8369269e-04
  4.6606845e-04  6.6933589e-04  1.1838593e-03  1.7638491e-03  1.7242997e-03
  1.2227051e-03  7.0953066e-04  2.5827726e-04  4.3364158e-05  2.6297195e-05
  1.0167725e-04  4.0680257e-04  1.4058676e-03  3.5736605e-03  7.4616731e-03
  1.0216510e-02  7.3970365e-03  1.3305591e-03 -2.1473404e-03 -1.9745515e-03
  3.0462889e-04  2.5753751e-03  2.6632319e-03  3.8376785e-04 -1.0189108e-03
 -3.3874954e-03 -5.4887286e-03 -5.1955404e-03 -1.2875921e-03  4.2368337e-03
  7.1892724e-03  8.0021741e-03  8.8835200e-03  1.0069750e-02  8.8840127e-03
  3.4698364e-03 -7.8058464e-04 -3.0903111e-04 -6.0720072e-04 -2.4452191e-03
 -5.6237495e-03 -5.4396684e-03  2.9823040e-03  2.4649210e-02  3.3651147e-02
 -1.3740215e-02 -4.5834247e-02 -3.8297605e-02 -2.2471255e-02 -6.0002767e-03
 -5.6023098e-04  7.9145347e-04  1.4872650e-03  1.7430900e-03  6.6654047e-04
 -1.0193349e-03 -1.4802874e-03 -2.6936611e-04  6.6227571e-04  5.8760413e-04
  2.5907345e-04  2.3188842e-04  7.2055432e-04  1.6185504e-03  2.3151496e-03
  2.4398773e-03  2.0854254e-03  1.4000670e-03  8.2149607e-04
 -3.4182137e-03 -1.8359266e-03  1.1113707e-04  9.0649654e-04  1.6424798e-03
  1.4816915e-03  1.3129329e-03  4.7435184e-04  4.6262310e-05 -3.2394606e-04
 -3.4822716e-04  6.9714474e-06  7.7657326e-04  1.4209967e-03  1.8641988e-03
  1.7827115e-03  1.1535547e-03  5.4467475e-04  4.7139143e-05 -2.2976765e-04
 -5.2793289e-04 -7.0009503e-04 -8.3613890e-04 -8.5759419e-04 -3.0352001e-04
  1.2922245e-04  1.2973303e-04  1.3441249e-04 -5.7701480e-05 -1.7507482e-04
 -2.6269545e-04 -2.9630068e-04 -1.2356264e-04 -2.4713343e-04 -2.8375845e-04
 -3.6113712e-04 -4.9959123e-04 -5.9457304e-04 -2.0202529e-04  1.9271994e-05
  3.8405159e-04  3.7029912e-04  2.7619311e-04  2.4101141e-04  2.6229443e-04
  2.6628264e-04  1.3400498e-04 -1.1050258e-04 -2.2964606e-04 -2.6679656e-04
 -2.3655850e-04  5.5524095e-05  3.1568151e-04  5.0845218e-04  8.5008249e-04
  7.1183388e-04  9.0428023e-04  8.1834750e-04  6.6800544e-04  4.5345532e-04
  2.2765991e-04  8.8180430e-05 -3.6203026e-05 -1.1922354e-04 -7.4258736e-05
  5.0451898e-05  2.5433247e-04  8.1181014e-04  1.2440316e-03  1.1630947e-03
  9.4230223e-04  9.6506026e-04  1.0859547e-03  1.3509463e-03  1.5086464e-03
  1.3766864e-03  9.4050134e-04  4.0089624e-04  1.4041740e-04  1.0797357e-04
  1.5395244e-04  3.0706526e-04  1.0710515e-03  2.9123400e-03  5.6589842e-03
  6.9291336e-03  4.2689126e-03  1.8031956e-04 -1.3401440e-03 -7.7315257e-04
  3.0015717e-04  1.0038569e-03  8.8939286e-04 -2.0983962e-04 -1.5038549e-03
 -3.6746033e-03 -5.2634194e-03 -5.3137536e-03 -2.7683298e-03  1.4771025e-03
  4.1553467e-03  5.3069494e-03  6.0946485e-03  6.3356198e-03  4.8184334e-03
  1.2081304e-03 -1.0785877e-03  4.1988763e-04  1.3516309e-03  1.4334191e-03
  1.3352523e-03  4.0847315e-03  1.4054897e-02  3.0979404e-02  2.8082989e-02
 -3.0450583e-03 -8.7828804e-03  2.0029829e-04  4.2909167e-07  4.7816345e-04
 -1.4322509e-04  2.0638412e-05  4.4922964e-04  7.1177306e-04  2.0602799e-04
 -6.7830540e-04 -8.9887338e-04 -3.0010508e-04  1.1410139e-04  6.1262203e-05
 -1.6380500e-04 -2.9339964e-04 -1.9729591e-04  7.4681870e-05  5.1806733e-04
  1.0212878e-03  1.2104204e-03  1.0319176e-03  8.8322017e-04
 -1.7035407e-03  2.6523889e-04  1.7665849e-03  2.0804019e-03  2.5377949e-03
  2.3933505e-03  1.8073936e-03  6.2624278e-04  1.4946334e-05 -2.8550863e-04
 -4.9053773e-04 -5.6404393e-04 -3.6561754e-04 -1.1531595e-04  1.1946457e-04
  1.8739990e-04  6.3770807e-05 -1.2372855e-05 -8.5158363e-06 -1.1691152e-04
 -5.2209606e-04 -8.1267708e-04 -9.7948895e-04 -8.9855341e-04 -3.2461630e-04
 -7.8783873e-05 -3.1371566e-04 -5.7965383e-04 -8.5619290e-04 -2.4931500e-04
 -3.1274720e-04 -3.6934370e-04 -2.0915776e-04 -3.6973169e-04 -3.4522187e-04
 -3.5732545e-04 -4.8015831e-04 -5.6352722e-04 -1.9184122e-04 -1.0232377e-05
  1.1250061e-04  1.0382786e-04  8.9571608e-05  4.9267881e-05 -7.7513441e-06
 -2.1347751e-05 -5.7655005e-05 -1.9641574e-04 -2.7699367e-04 -3.3538233e-04
 -3.4358603e-04 -5.8179772e-05  2.2863850e-04  4.4265742e-04  7.6190307e-04
  6.0783623e-04  7.2396937e-04  5.9822400e-04  4.5951072e-04  2.8054760e-04
  7.2721930e-05 -5.5711422e-05 -1.3763418e-04 -1.5689114e-04 -6.9136586e-05
  5.5572014e-05  2.3146285e-04  6.9079397e-04  1.2009675e-03  1.4234737e-03
  1.3654268e-03  1.4111428e-03  1.3345474e-03  1.1847903e-03  9.4672770e-04
  6.5003312e-04  2.3386446e-04 -1.2086572e-04 -7.2737705e-05  1.8755769e-04
  2.6552554e-04  8.4128085e-05  4.7478755e-04  2.1284055e-03  4.1933176e-03
  4.6078465e-03  2.5411535e-03  3.6374573e-04  1.9468582e-04  6.8080972e-04
  5.5985455e-04 -1.8303964e-04 -9.6504018e-04 -1.4574727e-03 -1.7126320e-03
 -2.7863816e-03 -3.8603488e-03 -4.0404624e-03 -2.5066272e-03  2.3513114e-04
  2.0290837e-03  2.9535394e-03  3.3374939e-03  3.0981430e-03  2.2725458e-03
  6.6504796e-04 -3.3423002e-04  1.3174452e-03  1.0305134e-03  2.0204992e-04
 -2.7859039e-04  1.8320469e-03  1.0159459e-02  2.3099381e-02  1.4275707e-02
 -1.0230509e-02 -6.7985719e-03  7.6070579e-04 -1.4918107e-03 -3.1583355e-04
 -1.6911636e-04 -1.0477649e-04 -9.4105439e-05 -9.0507208e-05 -2.7920274e-04
 -4.7201969e-04 -3.6499213e-04 -2.5946574e-05  1.4161054e-04  8.1026978e-05
 -4.1162315e-05 -9.0302085e-05 -2.9162340e-05  9.3028691e-05  2.6511296e-04
  5.4695189e-04  8.3111413e-04  9.1611309e-04  9.0279651e-04
 -1.1272817e-03 -1.3588791e-04  7.9379289e-04  1.0168260e-03  1.4750035e-03
  1.6114571e-03  1.3790765e-03  6.1112375e-04  2.4065239e-04  2.6904908e-04
  4.2177970e-04  3.6135715e-04  3.2594090e-04  2.6832527e-04  1.2905597e-04
  4.4929042e-05  7.5823477e-06 -9.3280862e-05 -2.3796847e-04 -5.1223481e-04
 -1.0374549e-03 -1.2995031e-03 -1.2445151e-03 -7.7667029e-04 -1.0215830e-05
  1.0532935e-04 -2.5102752e-04 -4.0620033e-04 -4.7374959e-04 -1.8255324e-04
 -2.9222417e-04 -4.5720176e-04 -3.8448157e-04 -6.5493624e-04 -5.3575006e-04
 -4.1091090e-04 -4.8147552e-04 -5.7063793e-04 -2.0957467e-04 -4.8656111e-05
 -2.2675803e-04 -2.4398771e-04 -2.1473836e-04 -1.0329977e-04  1.9354942e-05
  6.8620066e-05  5.6601279e-05 -1.7186831e-05 -4.5330471e-05 -9.7890559e-05
 -1.6789022e-04  8.1893234e-07  1.7456088e-04  3.5500055e-04  6.3772831e-04
  4.5931243e-04  5.1380839e-04  3.6970855e-04  2.5314398e-04  1.2955714e-04
 -2.8262057e-05 -1.4726873e-04 -2.2077066e-04 -2.2562599e-04 -1.3800029e-04
 -1.9679068e-05  1.3198146e-04  4.0964427e-04  6.5648672e-04  8.7022188e-04
  8.9552643e-04  9.3457464e-04  8.2973175e-04  6.7836040e-04  5.8019516e-04
  5.1191921e-04  2.6223942e-04 -7.0221868e-05 -1.1769007e-04  8.4638232e-05
  2.5013872e-04  2.0792440e-04  4.1604275e-04  1.2789380e-03  2.0473669e-03
  1.7904419e-03  7.0810044e-04 -6.8618188e-05  6.2892097e-05  4.2607193e-04
  4.6842237e-04  6.1791463e-05 -3.8460462e-04 -5.3191383e-04 -5.5254553e-04
 -1.2397855e-03 -1.8930499e-03 -2.0299375e-03 -1.2703030e-03 -1.8149793e-05
  8.4696000e-04  1.4602958e-03  1.7709277e-03  1.8335812e-03  1.8947147e-03
  1.4356412e-03  1.0381700e-03  1.4337810e-03  8.7104272e-04 -1.5276104e-04
 -8.0727896e-04  4.4418179e-04  8.3218543e-03  2.4853617e-02  1.5145963e-02
 -1.0500869e-02 -5.9038936e-03 -6.3330005e-04 -2.7955309e-03 -1.0277701e-03
 -2.2914808e-04  5.7107368e-06 -1.0656619e-04 -2.4248073e-04 -2.3024682e-04
 -8.3849132e-05  3.1081028e-05  5.2677773e-05  6.1697516e-05  4.4019642e-05
  5.4620923e-06 -3.2266784e-05 -5.9939506e-05  3.8491155e-05  1.8078859e-04
  3.4069075e-04  5.3623941e-04  7.2301971e-04  7.9844403e-04
 -4.2089808e-04  1.3004571e-05  4.4689176e-04  5.3470198e-04  7.8091910e-04
  9.8170084e-04  1.0725150e-03  8.6256821e-04  7.0736650e-04  5.8202649e-04
  4.7513211e-04  3.5227326e-04  3.3080202e-04  3.1138497e-04  1.4806926e-04
 -6.0943876e-05 -2.6990462e-04 -4.5658651e-04 -4.5651852e-04 -5.2788947e-04
 -9.6336962e-04 -1.1676473e-03 -9.5755002e-04 -1.5413195e-04  7.3798536e-04
  6.4003299e-04  6.8909452e-05 -1.8946567e-04 -3.0451023e-04 -1.3926756e-04
 -2.3440589e-04 -3.9739299e-04 -3.6249787e-04 -5.9117551e-04 -4.3474758e-04
 -2.5455249e-04 -2.4617076e-04 -2.7991066e-04 -5.8541824e-05  2.2184191e-05
  2.0674602e-04  1.2192726e-04  1.5667254e-04  3.2867980e-04  5.4570835e-04
  5.5965915e-04  4.8942160e-04  4.2473862e-04  3.3373781e-04  2.0852950e-04
  9.6678443e-05  1.2717723e-04  1.7458550e-04  3.0430028e-04  5.1783712e-04
  3.5636284e-04  3.7197841e-04  2.4724490e-04  2.3208243e-04  2.8536384e-04
  2.6953116e-04  2.1489183e-04  1.6585484e-04  1.3259340e-04  1.3440655e-04
  1.3895500e-04  1.3319864e-04  2.0094248e-04  2.1600361e-04  1.3686289e-04
  5.6912948e-05  1.1012287e-04  2.0745391e-04  3.5634835e-04  4.1799853e-04
  3.3581370e-04  1.3646725e-04 -8.0692145e-05 -1.6307975e-04 -1.5708366e-04
 -1.3629918e-04 -1.6321146e-04 -1.3815692e-05  5.5436080e-04  1.1124725e-03
  9.3923038e-04 -1.1285325e-05 -9.6352451e-04 -1.0333234e-03 -5.6524121e-04
 -5.7053810e-05  2.7660711e-04  4.1683609e-04  4.0131173e-04  9.2692841e-05
 -8.8693469e-04 -1.7378930e-03 -1.6496165e-03 -5.9589185e-04  3.6139478e-04
  8.2577969e-04  1.2601089e-03  1.4405703e-03  1.3281647e-03  1.3159092e-03
  8.7836338e-04  1.8765469e-04  6.1944471e-04  2.0602075e-04 -5.1247946e-04
 -1.0878844e-03 -7.3898421e-04  4.8397714e-03  2.4499813e-02  1.6441880e-02
 -1.0338965e-02 -5.0940178e-03 -2.8138289e-05 -2.6343660e-03 -8.7352243e-04
 -4.6199923e-05  3.6369504e-05  1.7137610e-04  8.9666566e-05  6.0138416e-05
  7.1083356e-05  7.9873214e-05  8.0249454e-05  6.9461435e-05  4.1712268e-05
 -8.2626320e-06 -5.6810026e-05 -8.1560276e-05 -8.7201399e-05 -8.9806555e-05
 -1.0939543e-05  5.0219405e-05  7.4669282e-05  7.6295837e-05
 -1.5081689e-04 -1.1461601e-04 -1.8006476e-05  2.9837369e-05  9.5226773e-05
  1.5675939e-04  2.2471689e-04  2.4492870e-04  2.9121517e-04  3.1971029e-04
  2.6623922e-04  1.6536989e-04  1.1614733e-04  6.0865703e-05 -2.4193932e-05
 -9.4507006e-05 -1.9059918e-04 -2.6092352e-04 -1.7034974e-04 -1.1296528e-04
 -3.5730950e-04 -5.0608383e-04 -4.9526856e-04 -1.1980157e-04  4.3726212e-04
  4.0986718e-04  8.6626700e-05 -9.4900337e-05 -1.8665004e-04 -8.2814513e-05
 -1.3557798e-04 -2.1658844e-04 -2.0368861e-04 -3.0864609e-04 -2.1411155e-04
 -1.0857578e-04 -8.7059969e-05 -8.6580512e-05 -8.5201653e-05 -2.9327659e-05
 -1.0881710e-04 -8.0601953e-05 -6.6069057e-05 -5.2742042e-05 -3.9079321e-05
 -1.8274724e-05 -8.9888918e-06 -3.0641528e-05 -3.6588677e-05 -4.3523829e-05
 -6.8538131e-05 -4.5205685e-05 -1.8603334e-05  1.3577456e-04  3.7245176e-04
  3.6395708e-04  3.3626106e-04  2.2866167e-04  1.6245870e-04  1.1131513e-04
  2.9514113e-05 -4.7665500e-05 -1.0000698e-04 -1.1603731e-04 -8.0892198e-05
 -2.4597100e-05  3.5828380e-05  7.9330071e-05  8.5342203e-05  7.6508062e-05
  6.3018189e-05  5.6235458e-05  8.0846163e-05  1.4432702e-04  1.6354589e-04
  9.9728597e-05  1.3462427e-05 -7.4357602e-05 -1.9500288e-04 -2.7638423e-04
 -3.2678922e-04 -4.1734710e-04 -3.0856938e-04  2.1720371e-04  7.4078067e-04
  6.6389568e-04  1.8785881e-04 -2.1545350e-04 -2.4381255e-04 -1.1082192e-04
  4.6400419e-05  1.4747430e-04  1.5445477e-04  1.9228566e-04  6.8943329e-05
 -6.8871956e-04 -1.1744644e-03 -5.2249560e-04  4.4109393e-04  6.5976410e-04
  4.3415697e-04  5.4786674e-04  7.3722232e-04  5.3656515e-04  3.9949926e-04
  1.1348860e-04 -3.5858346e-04  2.7451676e-04  1.8129960e-05 -3.3363939e-04
 -4.6948923e-04 -2.6553861e-04  4.8767724e-03  2.7326314e-02  1.8985219e-02
 -9.3302010e-03 -3.8491583e-03  3.5362100e-05 -1.5313888e-03 -3.8144735e-04
 -8.3956395e-05  2.9798141e-05  2.0367561e-04  1.1138823e-04  9.9152305e-05
  1.3611345e-04  1.3192142e-04  1.0422189e-04  9.2928072e-05  7.1941657e-05
  1.5091964e-05 -4.2931606e-05 -7.1136485e-05 -7.5402939e-05 -7.2998715e-05
 -6.8982707e-05 -6.5259403e-05 -5.5847351e-05 -3.5641060e-05
 -2.3373273e-06  4.7372214e-07  1.0321623e-06 -4.2435504e-06 -2.1907981e-06
  9.0400226e-07  6.1877890e-06  2.9125426e-06  1.1050925e-06 -1.1920298e-06
 -1.0428110e-06 -2.2453451e-06  2.3193765e-07 -4.1972412e-06 -9.2243499e-06
 -1.6581142e-06 -9.2440951e-06 -1.0531689e-05  3.0606348e-06 -3.3452965e-05
 -1.7204347e-04 -1.8976534e-04 -1.5615138e-04 -4.3067397e-05  1.4664626e-04
  1.5852261e-04  7.8655328e-05  4.2294650e-05  1.8952358e-06 -4.2799584e-05
 -7.6930766e-05 -1.0795607e-04 -7.6731856e-05 -1.1057453e-04 -8.9187692e-05
 -7.1947456e-05 -9.0911373e-05 -1.2766320e-04 -6.2247316e-05 -1.8706696e-05
 -5.0117636e-05 -3.3624656e-05 -1.5896992e-05  8.0565906e-06  3.2886077e-05
  5.5717213e-05  7.0527611e-05  5.6976362e-05  5.2691088e-05  4.1837491e-05
  2.1842261e-05  4.4886052e-05  5.1755051e-05  4.9489365e-05  5.7670346e-05
 -1.1129096e-05  3.5861822e-06  1.8895755e-06 -7.8009828e-07 -1.0882000e-05
 -3.4005090e-05 -3.9938634e-05 -3.0616193e-05 -1.9982925e-05  2.8823015e-07
  2.8390027e-06  3.0360400e-06  2.5027188e-05  2.3591721e-05  1.2258189e-05
  6.3448128e-06  1.0084545e-05  1.1965420e-05  1.0106635e-05  8.2304505e-06
  8.0808813e-06  7.1924860e-06  5.3334993e-06  5.9973095e-06  2.0641162e-05
  4.8655096e-05  7.2023155e-05  7.7569457e-05  9.8191798e-05  1.0068998e-04
  4.7175043e-05  1.5595740e-05  1.3180502e-05  5.3158383e-05  4.9393533e-05
  2.0990039e-05 -3.9136357e-06 -3.5146841e-05 -3.8164279e-05  2.4508792e-05
  8.5396066e-05  1.0590607e-04  9.4128452e-05  3.6405407e-05 -2.2539149e-05
 -2.2329819e-05  1.9623191e-04  5.1843643e-04  6.0169830e-04  5.4577203e-04
  3.4388423e-04  2.1741216e-04  2.8059972e-04  2.2425508e-04  1.1260179e-04
 -5.5374116e-05 -2.0177197e-04  1.6572454e-03  1.0687222e-02  7.5649186e-03
 -4.1792034e-03 -1.9697163e-03 -1.3695816e-04 -7.7631127e-04 -5.7187717e-04
 -2.3833763e-04 -8.8513829e-05 -7.3769719e-05 -6.0102077e-05 -3.0640513e-05
  1.3483968e-05  1.5596900e-06 -2.0596864e-05  6.1352252e-06  4.3361553e-05
  4.0624811e-05  1.9266929e-05  6.2994295e-06  5.0564518e-06  2.9255132e-06
 -4.8654090e-07 -3.2322368e-06 -2.7700091e-06  3.3279398e-06
 -0.0000000e+00 -0.0000000e+00 -0.0000000e+00 -0.0000000e+00 -0.0000000e+00
 -0.0000000e+00 -0.0000000e+00 -0.0000000e+00 -0.0000000e+00 -0.0000000e+00
 -0.0000000e+00 -0.0000000e+00 -0.0000000e+00 -0.0000000e+00 -0.0000000e+00
 -0.0000000e+00 -0.0000000e+00 -0.0000000e+00 -0.0000000e+00 -0.0000000e+00
 -0.0000000e+00 -0.0000000e+00 -0.0000000e+00 -0.0000000e+00 -0.0000000e+00
 -0.0000000e+00 -0.0000000e+00 -0.0000000e+00 -0.0000000e+00 -0.0000000e+00
 -0.0000000e+00 -0.0000000e+00 -0.0000000e+00 -0.0000000e+00 -0.0000000e+00
 -0.0000000e+00 -0.0000000e+00 -0.0000000e+00 -0.0000000e+00 -0.0000000e+00
 -0.0000000e+00 -0.0000000e+00 -0.0000000e+00 -0.0000000e+00 -0.0000000e+00
 -0.0000000e+00 -0.0000000e+00 -0.0000000e+00 -0.0000000e+00 -0.0000000e+00
 -0.0000000e+00 -0.0000000e+00 -0.0000000e+00 -0.0000000e+00 -0.0000000e+00
 -0.0000000e+00 -0.0000000e+00 -0.0000000e+00 -0.0000000e+00 -0.0000000e+00
 -0.0000000e+00 -0.0000000e+00 -0.0000000e+00 -0.0000000e+00 -0.0000000e+00
 -0.0000000e+00 -0.0000000e+00 -0.0000000e+00 -0.0000000e+00 -0.0000000e+00
 -0.0000000e+00 -0.0000000e+00 -0.0000000e+00 -0.0000000e+00 -0.0000000e+00
 -0.0000000e+00 -0.0000000e+00 -0.0000000e+00 -0.0000000e+00 -0.0000000e+00
 -0.0000000e+00 -0.0000000e+00 -0.0000000e+00 -0.0000000e+00 -0.0000000e+00
 -0.0000000e+00 -0.0000000e+00 -0.0000000e+00 -0.0000000e+00 -0.0000000e+00
 -0.0000000e+00 -0.0000000e+00 -0.0000000e+00 -0.0000000e+00 -0.0000000e+00
 -0.0000000e+00 -0.0000000e+00 -0.0000000e+00 -0.0000000e+00 -0.0000000e+00
 -0.0000000e+00 -0.0000000e+00 -0.0000000e+00 -0.0000000e+00 -0.0000000e+00
 -0.0000000e+00 -0.0000000e+00 -0.0000000e+00 -0.0000000e+00 -0.0000000e+00
 -0.0000000e+00 -0.0000000e+00 -0.0000000e+00 -0.0000000e+00 -0.0000000e+00
 -0.0000000e+00 -0.0000000e+00 -0.0000000e+00 -0.0000000e+00 -0.0000000e+00
 -0.0000000e+00 -0.0000000e+00 -0.0000000e+00 -0.0000000e+00 -0.0000000e+00
 -0.0000000e+00 -0.0000000e+00 -0.0000000e+00 -0.0000000e+00 -0.0000000e+00
 -0.0000000e+00 -0.0000000e+00 -0.0000000e+00 -0.0000000e+00 -0.0000000e+00
 -0.0000000e+00 -0.0000000e+00 -0.0000000e+00 -0.0000000e+00
 -0.0000000e+00 -0.0000000e+00 -0.0000000e+00 -0.0000000e+00 -0.0000000e+00
 -0.0000000e+00 -0.0000000e+00 -0.0000000e+00 -0.0000000e+00 -0.0000000e+00
 -0.0000000e+00 -0.0000000e+00 -0.0000000e+00 -0.0000000e+00 -0.0000000e+00
 -0.0000000e+00 -0.0000000e+00 -0.0000000e+00 -0.0000000e+00 -0.0000000e+00
 -0.0000000e+00 -0.0000000e+00 -0.0000000e+00 -0.0000000e+00 -0.0000000e+00
 -0.0000000e+00 -0.0000000e+00 -0.0000000e+00 -0.0000000e+00 -0.0000000e+00
 -0.0000000e+00 -0.0000000e+00 -0.0000000e+00 -0.0000000e+00 -0.0000000e+00
 -0.0000000e+00 -0.0000000e+00 -0.0000000e+00 -0.0000000e+00 -0.0000000e+00
 -0.0000000e+00 -0.0000000e+00 -0.0000000e+00 -0.0000000e+00 -0.0000000e+00
 -0.0000000e+00 -0.0000000e+00 -0.0000000e+00 -0.0000000e+00 -0.0000000e+00
 -0.0000000e+00 -0.0000000e+00 -0.0000000e+00 -0.0000000e+00 -0.0000000e+00
 -0.0000000e+00 -0.0000000e+00 -0.0000000e+00 -0.0000000e+00 -0.0000000e+00
 -0.0000000e+00 -0.0000000e+00 -0.0000000e+00 -0.0000000e+00 -0.0000000e+00
 -0.0000000e+00 -0.0000000e+00 -0.0000000e+00 -0.0000000e+00 -0.0000000e+00
 -0.0000000e+00 -0.0000000e+00 -0.0000000e+00 -0.0000000e+00 -0.0000000e+00
 -0.0000000e+00 -0.0000000e+00 -0.0000000e+00 -0.0000000e+00 -0.0000000e+00
 -0.0000000e+00 -0.0000000e+00 -0.0000000e+00 -0.0000000e+00 -0.0000000e+00
 -0.0000000e+00 -0.0000000e+00 -0.0000000e+00 -0.0000000e+00 -0.0000000e+00
 -0.0000000e+00 -0.0000000e+00 -0.0000000e+00 -0.0000000e+00 -0.0000000e+00
 -0.0000000e+00 -0.0000000e+00 -0.0000000e+00 -0.0000000e+00 -0.0000000e+00
 -0.0000000e+00 -0.0000000e+00 -0.0000000e+00 -0.0000000e+00 -0.0000000e+00
 -0.0000000e+00 -0.0000000e+00 -0.0000000e+00 -0.0000000e+00 -0.0000000e+00
 -0.0000000e+00 -0.0000000e+00 -0.0000000e+00 -0.0000000e+00 -0.0000000e+00
 -0.0000000e+00 -0.0000000e+00 -0.0000000e+00 -0.0000000e+00 -0.0000000e+00
 -0.0000000e+00 -0.0000000e+00 -0.0000000e+00 -0.0000000e+00 -0.0000000e+00
 -0.0000000e+00 -0.0000000e+00 -0.0000000e+00 -0.0000000e+00 -0.0000000e+00
 -0.0000000e+00 -0.0000000e+00 -0.0000000e+00 -0.0000000e+00 -0.0000000e+00
 -0.0000000e+00 -0.0000000e+00 -0.0000000e+00 -0.0000000e+00
 -0.0000000e+00 -0.0000000e+00 -0.0000000e+00 -0.0000000e+00 -0.0000000e+00
 -0.0000000e+00 -0.0000000e+00 -0.0000000e+00 -0.0000000e+00 -0.0000000e+00
 -0.0000000e+00 -0.0000000e+00 -0.0000000e+00 -0.0000000e+00 -0.0000000e+00
 -0.0000000e+00 -0.0000000e+00 -0.0000000e+00 -0.0000000e+00 -0.0000000e+00
 -0.0000000e+00 -0.0000000e+00 -0.0000000e+00 -0.0000000e+00 -0.0000000e+00
 -0.0000000e+00 -0.0000000e+00 -0.0000000e+00 -0.0000000e+00 -0.0000000e+00
 -0.0000000e+00 -0.0000000e+00 -0.0000000e+00 -0.0000000e+00 -0.0000000e+00
 -0.0000000e+00 -0.0000000e+00 -0.0000000e+00 -0.0000000e+00 -0.0000000e+00
 -0.0000000e+00 -0.0000000e+00 -0.0000000e+00 -0.0000000e+00 -0.0000000e+00
 -0.0000000e+00 -0.0000000e+00 -0.0000000e+00 -0.0000000e+00 -0.0000000e+00
 -0.0000000e+00 -0.0000000e+00 -0.0000000e+00 -0.0000000e+00 -0.0000000e+00
 -0.0000000e+00 -0.0000000e+00 -0.0000000e+00 -0.0000000e+00 -0.0000000e+00
 -0.0000000e+00 -0.0000000e+00 -0.0000000e+00 -0.0000000e+00 -0.0000000e+00
 -0.0000000e+00 -0.0000000e+00 -0.0000000e+00 -0.0000000e+00 -0.0000000e+00
 -0.0000000e+00 -0.0000000e+00 -0.0000000e+00 -0.0000000e+00 -0.0000000e+00
 -0.0000000e+00 -0.0000000e+00 -0.0000000e+00 -0.0000000e+00 -0.0000000e+00
 -0.0000000e+00 -0.0000000e+00 -0.0000000e+00 -0.0000000e+00 -0.0000000e+00
 -0.0000000e+00 -0.0000000e+00 -0.0000000e+00 -0.0000000e+00 -0.0000000e+00
 -0.0000000e+00 -0.0000000e+00 -0.0000000e+00 -0.0000000e+00 -0.0000000e+00
 -0.0000000e+00 -0.0000000e+00 -0.0000000e+00 -0.0000000e+00 -0.0000000e+00
 -0.0000000e+00 -0.0000000e+00 -0.0000000e+00 -0.0000000e+00 -0.0000000e+00
 -0.0000000e+00 -0.0000000e+00 -0.0000000e+00 -0.0000000e+00 -0.0000000e+00
 -0.0000000e+00 -0.0000000e+00 -0.0000000e+00 -0.0000000e+00 -0.0000000e+00
 -0.0000000e+00 -0.0000000e+00 -0.0000000e+00 -0.0000000e+00 -0.0000000e+00
 -0.0000000e+00 -0.0000000e+00 -0.0000000e+00 -0.0000000e+00 -0.0000000e+00
 -0.0000000e+00 -0.0000000e+00 -0.0000000e+00 -0.0000000e+00 -0.0000000e+00
 -0.0000000e+00 -0.0000000e+00 -0.0000000e+00 -0.0000000e+00 -0.0000000e+00
 -0.0000000e+00 -0.0000000e+00 -0.0000000e+00 -0.0000000e+00
 -0.0000000e+00 -0.0000000e+00 -0.0000000e+00 -0.0000000e+00 -0.0000000e+00
 -0.0000000e+00 -0.0000000e+00 -0.0000000e+00 -0.0000000e+00 -0.0000000e+00
 -0.0000000e+00 -0.0000000e+00 -0.0000000e+00 -0.0000000e+00 -0.0000000e+00
 -0.0000000e+00 -0.0000000e+00 -0.0000000e+00 -0.0000000e+00 -0.0000000e+00
 -0.0000000e+00 -0.0000000e+00 -0.0000000e+00 -0.0000000e+00 -0.0000000e+00
 -0.0000000e+00 -0.0000000e+00 -0.0000000e+00 -0.0000000e+00 -0.0000000e+00
 -0.0000000e+00 -0.0000000e+00 -0.0000000e+00 -0.0000000e+00 -0.0000000e+00
 -0.0000000e+00 -0.0000000e+00 -0.0000000e+00 -0.0000000e+00 -0.0000000e+00
 -0.0000000e+00 -0.0000000e+00 -0.0000000e+00 -0.0000000e+00 -0.0000000e+00
 -0.0000000e+00 -0.0000000e+00 -0.0000000e+00 -0.0000000e+00 -0.0000000e+00
 -0.0000000e+00 -0.0000000e+00 -0.0000000e+00 -0.0000000e+00 -0.0000000e+00
 -0.0000000e+00 -0.0000000e+00 -0.0000000e+00 -0.0000000e+00 -0.0000000e+00
 -0.0000000e+00 -0.0000000e+00 -0.0000000e+00 -0.0000000e+00 -0.0000000e+00
 -0.0000000e+00 -0.0000000e+00 -0.0000000e+00 -0.0000000e+00 -0.0000000e+00
 -0.0000000e+00 -0.0000000e+00 -0.0000000e+00 -0.0000000e+00 -0.0000000e+00
 -0.0000000e+00 -0.0000000e+00 -0.0000000e+00 -0.0000000e+00 -0.0000000e+00
 -0.0000000e+00 -0.0000000e+00 -0.0000000e+00 -0.0000000e+00 -0.0000000e+00
 -0.0000000e+00 -0.0000000e+00 -0.0000000e+00 -0.0000000e+00 -0.0000000e+00
 -0.0000000e+00 -0.0000000e+00 -0.0000000e+00 -0.0000000e+00 -0.0000000e+00
 -0.0000000e+00 -0.0000000e+00 -0.0000000e+00 -0.0000000e+00 -0.0000000e+00
 -0.0000000e+00 -0.0000000e+00 -0.0000000e+00 -0.0000000e+00 -0.0000000e+00
 -0.0000000e+00 -0.0000000e+00 -0.0000000e+00 -0.0000000e+00 -0.0000000e+00
 -0.0000000e+00 -0.0000000e+00 -0.0000000e+00 -0.0000000e+00 -0.0000000e+00
 -0.0000000e+00 -0.0000000e+00 -0.0000000e+00 -0.0000000e+00 -0.0000000e+00
 -0.0000000e+00 -0.0000000e+00 -0.0000000e+00 -0.0000000e+00 -0.0000000e+00
 -0.0000000e+00 -0.0000000e+00 -0.0000000e+00 -0.0000000e+00 -0.0000000e+00
 -0.0000000e+00 -0.0000000e+00 -0.0000000e+00 -0.0000000e+00 -0.0000000e+00
 -0.0000000e+00 -0.0000000e+00 -0.0000000e+00 -0.0000000e+00
 -0.0000000e+00 -0.0000000e+00 -0.0000000e+00 -0.0000000e+00 -0.0000000e+00
 -0.0000000e+00 -0.0000000e+00 -0.0000000e+00 -0.0000000e+00 -0.0000000e+00
 -0.0000000e+00 -0.0000000e+00 -0.0000000e+00 -0.0000000e+00 -0.0000000e+00
 -0.0000000e+00 -0.0000000e+00 -0.0000000e+00 -0.0000000e+00 -0.0000000e+00
 -0.0000000e+00 -0.0000000e+00 -0.0000000e+00 -0.0000000e+00 -0.0000000e+00
 -0.0000000e+00 -0.0000000e+00 -0.0000000e+00 -0.0000000e+00 -0.0000000e+00
 -0.0000000e+00 -0.0000000e+00 -0.0000000e+00 -0.0000000e+00 -0.0000000e+00
 -0.0000000e+00 -0.0000000e+00 -0.0000000e+00 -0.0000000e+00 -0.0000000e+00
 -0.0000000e+00 -0.0000000e+00 -0.0000000e+00 -0.0000000e+00 -0.0000000e+00
 -0.0000000e+00 -0.0000000e+00 -0.0000000e+00 -0.0000000e+00 -0.0000000e+00
 -0.0000000e+00 -0.0000000e+00 -0.0000000e+00 -0.0000000e+00 -0.0000000e+00
 -0.0000000e+00 -0.0000000e+00 -0.0000000e+00 -0.0000000e+00 -0.0000000e+00
 -0.0000000e+00 -0.0000000e+00 -0.0000000e+00 -0.0000000e+00 -0.0000000e+00
 -0.0000000e+00 -0.0000000e+00 -0.0000000e+00 -0.0000000e+00 -0.0000000e+00
 -0.0000000e+00 -0.0000000e+00 -0.0000000e+00 -0.0000000e+00 -0.0000000e+00
 -0.0000000e+00 -0.0000000e+00 -0.0000000e+00 -0.0000000e+00 -0.0000000e+00
 -0.0000000e+00 -0.0000000e+00 -0.0000000e+00 -0.0000000e+00 -0.0000000e+00
 -0.0000000e+00 -0.0000000e+00 -0.0000000e+00 -0.0000000e+00 -0.0000000e+00
 -0.0000000e+00 -0.0000000e+00 -0.0000000e+00 -0.0000000e+00 -0.0000000e+00
 -0.0000000e+00 -0.0000000e+00 -0.0000000e+00 -0.0000000e+00 -0.0000000e+00
 -0.0000000e+00 -0.0000000e+00 -0.0000000e+00 -0.0000000e+00 -0.0000000e+00
 -0.0000000e+00 -0.0000000e+00 -0.0000000e+00 -0.0000000e+00 -0.0000000e+00
 -0.0000000e+00 -0.0000000e+00 -0.0000000e+00 -0.0000000e+00 -0.0000000e+00
 -0.0000000e+00 -0.0000000e+00 -0.0000000e+00 -0.0000000e+00 -0.0000000e+00
 -0.0000000e+00 -0.0000000e+00 -0.0000000e+00 -0.0000000e+00 -0.0000000e+00
 -0.0000000e+00 -0.0000000e+00 -0.0000000e+00 -0.0000000e+00 -0.0000000e+00
 -0.0000000e+00 -0.0000000e+00 -0.0000000e+00 -0.0000000e+00 -0.0000000e+00
 -0.0000000e+00 -0.0000000e+00 -0.0000000e+00 -0.0000000e+00
