 -1.6444835e-01 -3.2037157e-01 -4.5580319e-01  1.4931505e-02  2.2490458e-01
  2.6494595e-01  1.5887339e-01  1.8239039e-01  2.8625003e-01  1.0229076e-01
 -2.2341564e-01 -5.3807402e-01 -6.0420960e-01 -2.9192653e-01 -8.9398801e-02
 -1.3006692e-01 -2.2155733e-01 -1.5946344e-02  1.5001056e-02  5.1694199e-02
  6.2525159e-01  9.9719638e-01  9.2764086e-01  3.9544922e-01 -4.1010839e-01
 -5.9924161e-01 -2.5331903e-01 -1.0885932e-01 -6.1126560e-02  6.7034163e-02
 -2.3977476e-01 -1.5008400e-01 -1.7544779e-01 -3.8375281e-02 -4.8750482e-02
 -5.9420884e-02 -5.9171036e-02 -4.4560440e-02 -3.9474720e-01 -5.9246278e-01
 -2.7961272e-01 -3.1475303e-01 -4.2422041e-01 -5.7950640e-01 -7.5461763e-01
 -9.7764844e-01 -1.0782828e+00 -1.0717020e+00 -1.1628864e+00 -1.2892824e+00
 -3.8116798e-01 -3.7781999e-01 -3.2582486e-01 -2.7893376e-01 -2.7504683e-01
 -2.4681923e-01 -2.5105536e-01 -2.2947660e-01 -2.1252167e-01 -2.4300505e-01
 -3.9909598e-01 -5.9801763e-01 -7.1969402e-01 -7.4699640e-01 -7.6339442e-01
 -6.8298119e-01 -4.2121440e-01 -1.5994872e-01  8.6211357e-03  1.1472264e-01
  1.8033229e-01  2.2851108e-01  2.7656206e-01  2.9381219e-01  2.9600281e-01
  3.0460536e-01  2.9674116e-01  2.3033915e-01  1.1315700e-01 -1.2249036e-03
 -6.9787435e-02 -1.2241296e-01 -1.6396813e-01 -1.5537781e-01 -5.6262958e-01
 -3.2503140e-01 -7.3953003e-02 -3.2505192e-02 -1.1638980e-01 -2.8435573e-01
 -4.3103880e-01 -4.0264201e-01 -1.1062656e-01  1.9695096e-01  1.7390557e-01
 -2.0217095e-01 -3.7575722e-01 -2.6353979e-01 -7.6885201e-02 -1.6010568e-03
  6.7831919e-02  1.0281239e-01  2.6999965e-01  6.6058919e-02  4.6427403e-02
  1.0216152e-01  2.7434447e-01  6.3833398e-01  8.7513119e-01  1.1261376e+00
  1.2414277e+00  1.2172896e+00  9.8004961e-01  1.1294208e-01 -2.5496280e-01
 -4.1272920e-01 -4.4016841e-01 -3.8497680e-01 -1.0206000e+00 -5.6626201e-01
 -2.5808653e-02 -2.3665428e-01 -4.0862519e-01 -3.7994760e-01 -2.3769288e-01
 -1.8986867e-01 -2.0210256e-01 -2.2028904e-01 -2.5572529e-01 -2.5238916e-01
 -2.0618388e-01 -1.3161924e-01 -4.0114079e-02  4.8598919e-02  1.1359764e-01
  1.6286832e-01  1.9295388e-01  1.7520660e-01  1.1070396e-01
 -1.6444835e-01 -3.2037157e-01 -4.5580319e-01  1.4931505e-02  2.2490458e-01
  2.6494595e-01  1.5887339e-01  1.8239039e-01  2.8625003e-01  1.0229076e-01
 -2.2341564e-01 -5.3807402e-01 -6.0420960e-01 -2.9192653e-01 -8.9398801e-02
 -1.3006692e-01 -2.2155733e-01 -1.5946344e-02  1.5001056e-02  5.1694199e-02
  6.2525159e-01  9.9719638e-01  9.2764086e-01  3.9544922e-01 -4.1010839e-01
 -5.9924161e-01 -2.5331903e-01 -1.0885932e-01 -6.1126560e-02  6.7034163e-02
 -2.3977476e-01 -1.5008400e-01 -1.7544779e-01 -3.8375281e-02 -4.8750482e-02
 -5.9420884e-02 -5.9171036e-02 -4.4560440e-02 -3.9474720e-01 -5.9246278e-01
 -2.7961272e-01 -3.1475303e-01 -4.2422041e-01 -5.7950640e-01 -7.5461763e-01
 -9.7764844e-01 -1.0782828e+00 -1.0717020e+00 -1.1628864e+00 -1.2892824e+00
 -1.2575916e+00 -1.2045779e+00 -9.1444677e-01 -7.8455520e-01 -1.0267129e+00
 -5.8541757e-01 -6.1658996e-01 -5.4915839e-01 -5.0664604e-01 -7.1439481e-01
 -1.2912552e+00 -1.8763236e+00 -2.2317479e+00 -2.4243479e+00 -2.5833745e+00
 -2.4040909e+00 -1.5675049e+00 -9.3176639e-01 -2.0080729e-01  5.3610843e-01
  9.4176358e-01  1.1037060e+00  1.1541672e+00  1.0757736e+00  1.0034388e+00
  1.1588724e+00  1.3995972e+00  1.2412872e+00  1.0478988e+00  1.2380220e+00
  1.2222216e+00  5.3146797e-01 -3.3610466e-01 -6.8360758e-01 -5.6262958e-01
 -3.2503140e-01 -7.3953003e-02 -3.2505192e-02 -1.1638980e-01 -2.8435573e-01
 -4.3103880e-01 -4.0264201e-01 -1.1062656e-01  1.9695096e-01  1.7390557e-01
 -2.0217095e-01 -3.7575722e-01 -2.6353979e-01 -1.0289016e-02  2.8351945e-01
  4.2755762e-01  4.1578922e-01  2.6999965e-01  6.6058919e-02  4.6427403e-02
  1.0216152e-01  2.7434447e-01  6.3833398e-01  8.7513119e-01  1.1261376e+00
  1.2414277e+00  1.2172896e+00  9.8004961e-01  1.1294208e-01 -2.5496280e-01
 -4.1272920e-01 -4.4016841e-01 -3.8497680e-01 -1.0206000e+00 -5.6626201e-01
 -2.5808653e-02 -2.3665428e-01 -4.0862519e-01 -3.7994760e-01 -2.3769288e-01
 -1.8986867e-01 -2.0210256e-01 -2.2028904e-01 -2.5572529e-01 -2.5238916e-01
 -2.0618388e-01 -1.3161924e-01 -4.0114079e-02  4.8598919e-02  1.1359764e-01
  1.6286832e-01  1.9295388e-01  1.7520660e-01  1.1070396e-01
 -7.0335358e-02 -7.7347797e-01 -1.2352860e+00  3.0391848e-02  1.9934136e-01
  8.5145764e-02 -5.5823755e-01 -6.7998600e-01 -2.7469260e-01 -3.9410999e-01
 -6.9137639e-01 -1.2379715e+00 -1.4536045e+00 -6.9429958e-01 -2.1808836e-01
 -3.2662079e-01 -2.0218931e-01  2.1434652e-02 -1.2472596e-02 -1.7566885e-01
  1.2041963e+00  2.5050924e+00  2.2933872e+00  8.8222319e-01 -1.1845620e+00
 -1.5462683e+00 -5.6662202e-01 -1.5026256e-01  1.7654760e-02  4.0372559e-01
 -5.3140682e-01 -3.1858093e-01 -3.6184680e-01  1.3104504e-01  1.6913268e-01
  2.1251988e-01  2.5935587e-01  3.3558014e-01 -6.8420160e-01 -1.2290293e+00
 -2.6219916e-01 -3.2172734e-01 -5.7330358e-01 -1.0221516e+00 -1.6253604e+00
 -2.3343623e+00 -2.5853906e+00 -2.4254749e+00 -2.3204377e+00 -2.1942575e+00
 -1.7629632e+00 -1.6517340e+00 -1.1356667e+00 -9.9032396e-01 -1.7201807e+00
 -5.2516800e-01 -5.9777635e-01 -3.7812600e-01 -1.7112456e-01 -4.7395802e-01
 -1.2035629e+00 -2.1416399e+00 -3.1066165e+00 -3.8084762e+00 -4.2798600e+00
 -4.1149082e+00 -2.7359786e+00 -2.0449224e+00 -7.4935442e-01  8.2652402e-01
  1.6516547e+00  1.9459152e+00  1.9966571e+00  1.8147635e+00  1.6258428e+00
  1.9394567e+00  2.5325243e+00  2.4392087e+00  2.5131130e+00  3.4737158e+00
  3.5765710e+00  1.8667763e+00 -2.5243056e-01 -1.1719043e+00 -9.5973486e-01
 -4.5825839e-01 -8.2035000e-03 -1.3058424e-01 -5.0586838e-01 -1.0096704e+00
 -1.3958029e+00 -1.3738211e+00 -6.9878876e-01  1.6923888e-01  4.5119518e-01
 -5.3024042e-02 -2.9007757e-01 -4.5990720e-02  4.8239639e-01  1.0517652e+00
  1.1441339e+00  8.1257039e-01  3.0031309e-01 -1.7194788e-01 -1.3219956e-01
  7.7936761e-02  4.6414438e-01  1.3087044e+00  1.9262305e+00  2.8072476e+00
  3.4349830e+00  3.6071641e+00  2.7555985e+00 -2.1509496e-02 -1.2684096e+00
 -1.8768349e+00 -2.2862086e+00 -2.2801139e+00 -1.0206000e+00 -5.6626201e-01
 -8.6214602e-01 -1.5598693e+00 -1.9931579e+00 -1.7660953e+00 -1.1920391e+00
 -9.6635884e-01 -9.0813607e-01 -9.0947157e-01 -1.0369368e+00 -1.0518192e+00
 -7.8725523e-01 -3.2696676e-01  1.2295800e-01  3.5721612e-01  4.3644959e-01
  4.8594958e-01  5.3241837e-01  4.6562400e-01  2.3941872e-01
 -4.8007078e-02 -1.1400985e+00 -1.9173995e+00 -2.4627493e-01 -1.9991988e-01
 -5.0609517e-01 -1.6837488e+00 -2.0438280e+00 -1.2934116e+00 -1.1855196e+00
 -1.0222740e+00 -1.4948171e+00 -1.8673345e+00 -9.5349598e-01 -5.0989324e-01
 -7.7053320e-01 -3.6865079e-01 -2.5136497e-02 -8.8176958e-02 -6.3176763e-01
  1.2318913e+00  3.7467358e+00  3.4954705e+00  1.3040568e+00 -1.7332020e+00
 -2.0864952e+00 -6.1994523e-01 -2.7924301e-02  1.3648573e-01  6.7587119e-01
 -1.0110852e+00 -8.3939403e-01 -8.4459597e-01  1.2517236e-01  4.1565961e-01
  7.1069759e-01  9.5549399e-01  1.2072816e+00 -3.8635197e-01 -1.2600396e+00
  3.0132324e-01  1.6966656e-01 -2.4288301e-01 -9.8163360e-01 -1.9483920e+00
 -3.0304079e+00 -3.3720732e+00 -3.1259303e+00 -2.7920053e+00 -2.3672988e+00
 -1.5377904e+00 -1.3880808e+00 -7.9831803e-01 -6.8028843e-01 -1.8439271e+00
 -1.5772356e-02 -1.0550952e-01  2.5391269e-01  6.1909920e-01  4.4282159e-01
 -1.8386712e-02 -1.1849040e+00 -2.8518949e+00 -4.0750918e+00 -4.8103561e+00
 -4.7667961e+00 -3.1873031e+00 -2.7800639e+00 -1.3286124e+00  6.1047357e-01
  1.5516144e+00  1.9629935e+00  2.1515112e+00  2.0999594e+00  1.8950940e+00
  2.1863594e+00  2.8709495e+00  2.9358721e+00  3.4891164e+00  5.1086164e+00
  5.2634883e+00  2.9500778e+00  1.1474711e-01 -1.1331720e+00 -8.5969442e-01
 -2.7020699e-01  1.1629872e-01 -3.3781859e-01 -9.9867600e-01 -1.7048016e+00
 -2.2450392e+00 -2.3646312e+00 -1.6345403e+00 -4.3971118e-01  2.0126197e-01
 -1.1913767e-01 -1.5403788e-01  3.8711879e-01  1.2099240e+00  2.0141172e+00
  1.9730808e+00  1.2023387e+00  1.9678465e-01 -6.1243200e-01 -5.5258203e-01
 -1.2322403e-01  5.4615241e-01  1.8389051e+00  2.8039105e+00  4.2520323e+00
  5.4302397e+00  5.8354197e+00  4.1227198e+00 -6.7382282e-01 -2.8543427e+00
 -4.2897239e+00 -5.4392400e+00 -5.6786041e+00 -3.1039596e+00 -2.2380118e+00
 -2.7157068e+00 -3.7285199e+00 -4.2046199e+00 -3.6665282e+00 -2.5941565e+00
 -2.1293170e+00 -1.9276055e+00 -1.9179901e+00 -2.1588516e+00 -2.1237588e+00
 -1.4305788e+00 -3.4541172e-01  5.6132281e-01  8.1982440e-01  7.5974762e-01
  7.1626323e-01  7.6455718e-01  6.8633282e-01  3.3334270e-01
  3.9377159e-01 -8.9117283e-01 -1.9632781e+00 -2.6342821e-01 -3.5526708e-01
 -6.3065517e-01 -1.8765793e+00 -2.4205933e+00 -1.3981428e+00 -1.3466088e+00
 -9.6946204e-01 -1.4992020e+00 -2.0621521e+00 -1.2335041e+00 -1.0620000e+00
 -1.5215545e+00 -8.6352122e-01 -1.9705787e-01  2.3863679e-02 -9.1095477e-01
  1.0274184e+00  4.4592838e+00  4.2829561e+00  1.5928596e+00 -1.9202435e+00
 -2.1176639e+00 -3.9220202e-01  2.5915104e-01  3.0547008e-01  8.7662160e-01
 -1.5253236e+00 -1.6083108e+00 -1.6017876e+00 -2.0128824e-01  4.4494557e-01
  1.1275380e+00  1.7032212e+00  2.2462921e+00  2.5905022e-01 -8.7576836e-01
  1.2074219e+00  1.0049076e+00  4.2888960e-01 -5.6867397e-01 -1.7674596e+00
 -3.0546324e+00 -3.4378560e+00 -3.2252688e+00 -2.7723384e+00 -2.1791627e+00
 -1.0688616e+00 -8.5665959e-01 -1.4845103e-01  1.2752604e-02 -1.5216695e+00
  7.9874277e-01  7.1355242e-01  1.0867105e+00  1.4437765e+00  1.4139000e+00
  1.2481811e+00  5.0776560e-02 -1.7835877e+00 -3.1376629e+00 -3.9678118e+00
 -4.1624641e+00 -2.8491876e+00 -2.9468555e+00 -1.5428196e+00  4.4211239e-01
  1.2827159e+00  1.7921016e+00  2.1325967e+00  2.2081895e+00  1.8565308e+00
  1.8574057e+00  2.4451993e+00  2.7157285e+00  3.7578239e+00  5.8747678e+00
  6.1555676e+00  3.7297440e+00  6.5448362e-01 -7.7229720e-01 -5.9766841e-01
 -2.2577868e-01 -1.5964235e-01 -9.5117038e-01 -1.6347023e+00 -2.2136834e+00
 -2.7504683e+00 -3.0405421e+00 -2.3980715e+00 -1.0694340e+00 -2.0381364e-01
 -3.1871951e-01 -4.1314680e-02  9.0359640e-01  2.0069101e+00  2.9830248e+00
  2.7335520e+00  1.5075541e+00  5.4139677e-02 -1.0667340e+00 -1.0676880e+00
 -4.6077117e-01  4.9507922e-01  2.1788280e+00  3.4596756e+00  5.3474402e+00
  6.8918042e+00  7.4360523e+00  4.9914360e+00 -1.4926032e+00 -4.5760684e+00
 -6.9210000e+00 -8.8396921e+00 -9.3034077e+00 -5.4651241e+00 -4.2441483e+00
 -4.7285280e+00 -5.7098880e+00 -5.9378762e+00 -4.9719601e+00 -3.4055567e+00
 -2.7346463e+00 -2.5054955e+00 -2.6197126e+00 -2.9699137e+00 -2.7710316e+00
 -1.6269516e+00 -5.3040601e-02  1.1087316e+00  1.2453228e+00  9.8978037e-01
  8.4645718e-01  8.9579880e-01  8.0706602e-01  3.4421113e-01
  1.1778804e+00 -1.2172969e-01 -1.4741712e+00 -8.4070444e-02 -4.2701760e-01
 -6.7182481e-01 -1.8392544e+00 -2.5553520e+00 -1.4171004e+00 -1.3351609e+00
 -6.7434841e-01 -1.2501503e+00 -1.9774044e+00 -1.3037544e+00 -1.4307408e+00
 -2.0068741e+00 -1.0745136e+00 -8.4627718e-03  5.7222718e-01 -9.6891123e-01
  8.9186758e-01  4.7880001e+00  4.7309403e+00  1.7822231e+00 -1.7483507e+00
 -1.7117460e+00  1.4510736e-02  6.2212682e-01  4.9680001e-01  1.0260648e+00
 -1.8617724e+00 -2.2320144e+00 -2.1535847e+00 -4.0229642e-01  5.0261402e-01
  1.4563189e+00  2.2908528e+00  3.1001616e+00  8.5109037e-01 -4.5124200e-01
  2.1130741e+00  1.8827316e+00  1.1715084e+00  1.0477367e-03 -1.2863592e+00
 -2.6613936e+00 -3.0608964e+00 -2.9598012e+00 -2.4773364e+00 -1.8500723e+00
 -5.8446360e-01 -3.3618170e-01  5.1991564e-01  7.8501600e-01 -1.0901592e+00
  1.6509277e+00  1.5792228e+00  1.9563949e+00  2.2767408e+00  2.3260715e+00
  2.3387470e+00  1.1980151e+00 -5.7615477e-01 -1.8916776e+00 -2.6665561e+00
 -3.0432203e+00 -2.1256669e+00 -2.6169515e+00 -1.3330584e+00  5.8819681e-01
  1.2936276e+00  1.7771833e+00  2.1230137e+00  2.1764340e+00  1.5130153e+00
  1.0167841e+00  1.4250996e+00  2.0359945e+00  3.4793136e+00  5.8162317e+00
  6.2641082e+00  4.1741281e+00  1.3624884e+00 -3.9408840e-02 -1.9746359e-02
  1.4447664e-02 -3.0983797e-01 -1.4558653e+00 -2.2006547e+00 -2.6120484e+00
 -2.9522123e+00 -3.1632192e+00 -2.4633503e+00 -1.0494504e+00 -1.1182679e-01
 -1.5239988e-01  3.4727329e-01  1.6011001e+00  2.8779840e+00  3.9018242e+00
  3.3513012e+00  1.6782732e+00 -7.2730802e-02 -1.3650228e+00 -1.4594940e+00
 -7.5162959e-01  4.1139361e-01  2.3298552e+00  3.7979279e+00  5.9446440e+00
  7.6444197e+00  8.2341003e+00  5.3949962e+00 -2.2489777e+00 -6.0938640e+00
 -9.1237679e+00 -1.1714940e+01 -1.2323520e+01 -7.3545837e+00 -5.8712397e+00
 -6.2679238e+00 -6.9897962e+00 -6.7552199e+00 -5.2225199e+00 -3.0984912e+00
 -2.2360103e+00 -2.1106224e+00 -2.5053298e+00 -3.0781693e+00 -2.8130291e+00
 -1.3721761e+00  4.5381960e-01  1.6480548e+00  1.5634512e+00  1.1057760e+00
  8.7792480e-01  8.7730563e-01  6.3844919e-01 -8.2072437e-02
  1.9931005e+00  5.9822637e-01 -9.6303958e-01  3.7893242e-01 -2.6289505e-01
 -5.7654721e-01 -1.8343512e+00 -2.5265951e+00 -1.5368795e+00 -1.2924469e+00
 -3.2537305e-01 -9.0260637e-01 -1.7350560e+00 -1.1637756e+00 -1.5505704e+00
 -2.2293396e+00 -1.0334880e+00  4.1225040e-01  1.2801239e+00 -9.0534234e-01
  7.7229357e-01  4.4773560e+00  4.5802078e+00  1.8378109e+00 -1.2252132e+00
 -9.7912437e-01  5.1949084e-01  1.0048752e+00  7.0326358e-01  1.1712240e+00
 -1.9172807e+00 -2.6005571e+00 -2.4440472e+00 -4.3689239e-01  6.0632277e-01
  1.7293644e+00  2.7673056e+00  3.7889638e+00  1.2872159e+00 -1.9052100e-01
  2.8023660e+00  2.6047800e+00  1.8296064e+00  5.8664161e-01 -6.5617919e-01
 -2.0109239e+00 -2.3841000e+00 -2.4289703e+00 -1.9235843e+00 -1.3452048e+00
 -5.7134524e-02  1.2230928e-01  1.0638864e+00  1.4401261e+00 -7.6503599e-01
  2.3817132e+00  2.3178060e+00  2.7005219e+00  2.9614069e+00  2.9930868e+00
  3.0287807e+00  1.9132704e+00  1.5342624e-01 -1.1305439e+00 -1.7134992e+00
 -2.0842235e+00 -1.3987188e+00 -2.0712311e+00 -1.0984715e+00  6.3918722e-01
  1.2675276e+00  1.5376933e+00  1.6895664e+00  1.5782256e+00  6.2642884e-01
 -2.8495622e-01  7.0762679e-02  1.2232331e+00  3.0062268e+00  5.3550000e+00
  6.0667200e+00  4.6592999e+00  2.4109018e+00  1.1508265e+00  9.9212039e-01
  6.7494601e-01  2.6184672e-02 -1.4710176e+00 -2.4762781e+00 -2.8698804e+00
 -2.8551924e+00 -2.7025812e+00 -1.8405360e+00 -4.3733519e-01  3.9998880e-01
  2.5661412e-01  8.7333483e-01  2.3633027e+00  3.6813960e+00  4.6343522e+00
  3.8203919e+00  1.9105632e+00  8.9800924e-02 -1.2706020e+00 -1.4581692e+00
 -6.9797879e-01  5.7927603e-01  2.5836227e+00  4.1080317e+00  6.3727560e+00
  8.0366402e+00  8.4656162e+00  5.4034920e+00 -2.7866340e+00 -7.1679235e+00
 -1.0653372e+01 -1.3745483e+01 -1.4523335e+01 -8.5975561e+00 -6.9043679e+00
 -7.1836915e+00 -7.5548525e+00 -6.7684321e+00 -4.6236596e+00 -1.9395684e+00
 -8.8856286e-01 -8.7894356e-01 -1.5992604e+00 -2.5446131e+00 -2.4418583e+00
 -9.2814481e-01  9.2011315e-01  1.9393775e+00  1.5629833e+00  9.7365957e-01
  7.8574318e-01  7.7987880e-01  3.1806359e-01 -7.5472558e-01
  2.4831324e+00  8.2359362e-01 -8.8786441e-01  8.8272727e-01  2.7417779e-02
 -2.8771237e-01 -1.7840772e+00 -2.3851693e+00 -1.5868548e+00 -1.1168460e+00
  6.1772399e-02 -5.2284598e-01 -1.5005232e+00 -9.7753686e-01 -1.5724944e+00
 -2.4249816e+00 -9.6082920e-01  8.0835837e-01  1.8497052e+00 -3.9315960e-01
  8.8385040e-01  3.5257969e+00  3.7742398e+00  1.7396028e+00 -4.9698719e-01
 -2.0067228e-01  9.9933481e-01  1.3575745e+00  9.6087956e-01  1.4573303e+00
 -1.3226939e+00 -2.4097104e+00 -2.3608367e+00 -2.6807326e-01  7.8571439e-01
  2.0121984e+00  3.1933296e+00  4.3378916e+00  1.5472152e+00 -1.1755692e-01
  3.2933772e+00  3.2033916e+00  2.4206650e+00  1.1728152e+00  7.3815122e-02
 -1.2002760e+00 -1.5709032e+00 -1.7935523e+00 -1.2364308e+00 -7.3534679e-01
  5.2933323e-01  5.1578641e-01  1.4529744e+00  1.9157147e+00 -6.3234001e-01
  3.0141613e+00  2.9230092e+00  3.3115573e+00  3.5090675e+00  3.4989910e+00
  3.5345917e+00  2.4717205e+00  7.3082519e-01 -5.0967002e-01 -8.5825437e-01
 -1.1905344e+00 -6.8334836e-01 -1.5267853e+00 -9.4872957e-01  5.5938959e-01
  1.1382300e+00  1.1429640e+00  1.0564057e+00  7.5102478e-01 -3.7657440e-01
 -1.5372037e+00 -1.2118896e+00  4.5310682e-01  2.4907680e+00  4.6868763e+00
  5.6501999e+00  5.1095161e+00  3.6040678e+00  2.5505893e+00  2.1863952e+00
  1.4780196e+00  5.4574561e-01 -1.2380040e+00 -2.5454414e+00 -3.0306203e+00
 -2.6537688e+00 -2.0026262e+00 -8.8379282e-01  4.8711959e-01  1.1242404e+00
  7.2231477e-01  1.3237092e+00  2.9312999e+00  4.1270761e+00  4.9272122e+00
  3.9999599e+00  2.1478968e+00  3.8809800e-01 -1.0881612e+00 -1.3598676e+00
 -4.7724837e-01  9.6881044e-01  3.0553632e+00  4.5803161e+00  6.8649840e+00
  8.3440800e+00  8.4828596e+00  5.3654757e+00 -2.7529416e+00 -7.3792801e+00
 -1.1157624e+01 -1.4831136e+01 -1.6094412e+01 -9.4369316e+00 -7.5506759e+00
 -7.7486043e+00 -7.8206401e+00 -6.4539361e+00 -3.6355319e+00 -4.0403160e-01
  7.8333479e-01  6.8708879e-01 -2.6598275e-01 -1.5493536e+00 -1.7135640e+00
 -2.9145634e-01  1.4670433e+00  2.2819247e+00  1.6422083e+00  9.5893562e-01
  8.3271235e-01  8.3323795e-01  1.7620271e-01 -1.2225132e+00
  2.3748624e+00  6.1585921e-01 -1.2062737e+00  1.0686960e+00  1.7204040e-01
 -1.8001692e-01 -2.1322727e+00 -2.5269012e+00 -1.6274736e+00 -8.7456602e-01
  3.8960999e-01 -2.1421692e-01 -1.4026573e+00 -7.7348876e-01 -1.4309893e+00
 -2.5648882e+00 -8.0495638e-01  1.2112669e+00  2.2944024e+00  4.5480239e-01
  1.4807484e+00  2.9015388e+00  3.2290273e+00  1.6801056e+00 -2.2738752e-01
  5.7974041e-02  1.2843217e+00  1.6348968e+00  1.2772368e+00  1.9280988e+00
 -3.1392757e-02 -1.5378516e+00 -1.8790956e+00  4.0289760e-02  9.5960879e-01
  2.2036104e+00  3.3981984e+00  4.5167041e+00  1.4948244e+00 -2.1907440e-01
  3.6255600e+00  3.7040040e+00  2.9361889e+00  1.7421552e+00  8.3999157e-01
 -3.8691720e-01 -8.5249078e-01 -1.1877444e+00 -4.8985198e-01  3.8487960e-02
  1.3161708e+00  1.0749600e+00  1.9464443e+00  2.4143543e+00 -3.7171081e-01
  3.5202167e+00  3.4432166e+00  3.8257558e+00  3.9641759e+00  3.9116518e+00
  3.9111843e+00  2.9107008e+00  1.2547439e+00  9.6189834e-02 -3.6400679e-02
 -3.4515578e-01  3.3382764e-03 -1.0242937e+00 -8.4497398e-01  4.7005561e-01
  1.0396296e+00  8.7257516e-01  6.8336642e-01  3.0327120e-01 -9.2319840e-01
 -2.3217049e+00 -2.1511800e+00 -1.1567988e-01  2.0805948e+00  3.9960358e+00
  5.0890679e+00  5.3731799e+00  4.6234078e+00  3.8187721e+00  3.2986116e+00
  2.1980627e+00  1.0131480e+00 -9.3221641e-01 -2.3861053e+00 -2.9264004e+00
 -2.2680287e+00 -1.1647907e+00  2.5440949e-01  1.6091604e+00  1.9704241e+00
  1.1721673e+00  1.6278156e+00  3.2653944e+00  4.2759724e+00  4.8953161e+00
  3.8970361e+00  2.2347972e+00  5.6768399e-01 -1.1450016e+00 -1.5293664e+00
 -4.4683921e-01  1.2892716e+00  3.5131967e+00  5.0171037e+00  7.2651243e+00
  8.5086002e+00  8.4403801e+00  5.8181400e+00 -1.4303448e+00 -6.2407079e+00
 -1.0353601e+01 -1.4741352e+01 -1.6756453e+01 -9.5169239e+00 -7.4317322e+00
 -7.6768198e+00 -7.7018399e+00 -5.9307117e+00 -2.5292556e+00  1.1211551e+00
  2.2893806e+00  2.0010457e+00  8.8796878e-01 -5.7613683e-01 -9.1094041e-01
  4.3291441e-01  2.1303000e+00  2.8053110e+00  1.9294525e+00  1.0943279e+00
  9.5775127e-01  9.7993803e-01  2.4150707e-01 -1.3772447e+00
  2.0577493e+00  2.6437572e-01 -1.6746119e+00  1.3357476e+00  3.4222248e-01
 -3.2486257e-01 -3.0129516e+00 -2.9412577e+00 -1.6554384e+00 -5.6374562e-01
  6.8051881e-01  5.2943762e-02 -1.4215896e+00 -5.7444841e-01 -1.1797812e+00
 -2.6730361e+00 -5.9226841e-01  1.6067232e+00  2.5918920e+00  1.0139616e+00
  1.8081720e+00  2.4052715e+00  2.7105155e+00  1.5882263e+00 -2.8294021e-01
 -1.2235391e-01  1.4347656e+00  1.9172088e+00  1.6914960e+00  2.5323122e+00
  1.7831304e+00 -1.2935664e-01 -1.0236564e+00  5.0612760e-01  1.0943352e+00
  2.1622896e+00  3.2044930e+00  4.1892481e+00  1.0464588e+00 -5.5056959e-01
  3.7099800e+00  4.0121999e+00  3.3283117e+00  2.2622545e+00  1.5455340e+00
  3.0957589e-01 -2.8454292e-01 -6.1898041e-01  2.4687468e-01  8.5307038e-01
  2.1506796e+00  1.7207639e+00  2.5242877e+00  2.9400373e+00  5.5684440e-02
  3.9147122e+00  3.9088440e+00  4.2695642e+00  4.3569717e+00  4.2745323e+00
  4.2045116e+00  3.2475059e+00  1.7094816e+00  6.4382762e-01  7.0397282e-01
  4.4818923e-01  6.7145759e-01 -5.1638758e-01 -6.5977561e-01  6.3718563e-01
  1.2981420e+00  1.0228716e+00  7.7728319e-01  3.4118244e-01 -9.8691118e-01
 -2.6513100e+00 -2.7321265e+00 -4.7781003e-01  1.7498772e+00  3.3655033e+00
  4.6446481e+00  5.7235317e+00  5.5460162e+00  4.8168359e+00  4.0618801e+00
  2.5573463e+00  1.1929249e+00 -7.1619117e-01 -2.0414340e+00 -2.5158780e+00
 -1.7250408e+00 -4.3548840e-01  1.0985328e+00  2.3985467e+00  2.5577569e+00
  1.4330844e+00  1.7113248e+00  3.3332903e+00  4.2174358e+00  4.7485437e+00
  3.7427397e+00  2.3608477e+00  8.6446083e-01 -1.1494260e+00 -1.7562492e+00
 -6.0193437e-01  1.3734972e+00  3.7811520e+00  5.3018999e+00  7.5559678e+00
  8.5941362e+00  8.4227762e+00  6.6835442e+00  6.6787201e-01 -4.5178919e+00
 -8.9710922e+00 -1.3794373e+01 -1.6235460e+01 -8.3087282e+00 -6.0492959e+00
 -6.5509920e+00 -6.8847122e+00 -5.0591879e+00 -1.3731624e+00  2.3828077e+00
  3.2775660e+00  2.6908596e+00  1.5220764e+00  1.1321677e-01 -2.1094236e-01
  1.0931400e+00  2.6810606e+00  3.1537838e+00  2.0033748e+00  9.9224645e-01
  8.8554597e-01  1.0741140e+00  4.5392400e-01 -1.2189636e+00
  1.8566821e+00  6.1276682e-02 -1.9904833e+00  1.7374536e+00  5.1462722e-01
 -5.2379638e-01 -3.8928602e+00 -3.3636816e+00 -1.6263577e+00 -1.5753277e-01
  1.0387620e+00  4.0448880e-01 -1.4018148e+00 -3.5183519e-01 -8.9746201e-01
 -2.7480168e+00 -3.3905917e-01  2.0012112e+00  2.7741816e+00  1.2517272e+00
  1.9251683e+00  1.9909009e+00  2.0248921e+00  1.3783104e+00 -2.0880145e-01
 -3.6437759e-01  1.4825699e+00  2.1550896e+00  2.1538188e+00  3.2145443e+00
  3.7521360e+00  1.4677668e+00  7.8516722e-02  1.2421367e+00  1.3805640e+00
  2.0766563e+00  2.8720837e+00  3.7662842e+00  6.1656839e-01 -8.7453717e-01
  3.6834838e+00  4.1545439e+00  3.6057599e+00  2.7063863e+00  2.1527605e+00
  9.2963874e-01  2.6363304e-01 -4.2796079e-02  9.0315366e-01  1.4800032e+00
  2.7246456e+00  2.1600254e+00  2.9397418e+00  3.3190093e+00  3.9454201e-01
  4.2536159e+00  4.3158598e+00  4.6422720e+00  4.6924920e+00  4.6227961e+00
  4.5506163e+00  3.6784439e+00  2.2596300e+00  1.2638773e+00  1.4831641e+00
  1.2755772e+00  1.3424003e+00  2.2114765e-02 -2.2484879e-01  1.2187763e+00
  1.9965277e+00  1.6510068e+00  1.3036103e+00  7.8006965e-01 -5.8739042e-01
 -2.4277320e+00 -2.8665900e+00 -7.0751160e-01  1.3510585e+00  2.6568613e+00
  4.2062402e+00  6.0864482e+00  6.3221760e+00  5.4906478e+00  4.4445238e+00
  2.5848324e+00  1.1183112e+00 -6.2099999e-01 -1.6150644e+00 -1.9186416e+00
 -1.1415961e+00  2.7866125e-02  1.4269140e+00  2.6802251e+00  2.9273977e+00
  1.7386416e+00  1.8287712e+00  3.2604229e+00  3.9336121e+00  4.4355240e+00
  3.5608859e+00  2.6666172e+00  1.5875171e+00 -5.9737682e-01 -1.5043212e+00
 -5.4866517e-01  1.4498279e+00  4.0156560e+00  5.5941839e+00  7.8827400e+00
  8.6613121e+00  8.3537283e+00  7.5638881e+00  2.7106378e+00 -3.0264697e+00
 -7.6746960e+00 -1.2612097e+01 -1.5144084e+01 -6.4744563e+00 -4.0124516e+00
 -4.7102041e+00 -5.4084597e+00 -3.7996559e+00 -2.4074353e-01  3.1796136e+00
  3.5327845e+00  2.6420114e+00  1.6106724e+00  4.6445042e-01  2.5387415e-01
  1.5298884e+00  3.0085452e+00  3.3447132e+00  2.0401380e+00  9.0501118e-01
  7.9113239e-01  1.0903932e+00  5.7688922e-01 -1.1094948e+00
  1.6937172e+00  1.2499993e-01 -1.8868284e+00  2.0850947e+00  6.5846163e-01
 -6.1773479e-01 -4.4812803e+00 -3.6644399e+00 -1.5242687e+00  2.9919815e-01
  1.4293081e+00  7.8148437e-01 -1.3272948e+00 -1.1897496e-01 -6.1788243e-01
 -2.7562644e+00 -4.5838442e-02  2.4021792e+00  2.8957572e+00  1.5818832e+00
  2.5281072e+00  2.0671742e+00  1.6679124e+00  1.1899332e+00 -2.4833232e-01
 -7.4986196e-01  1.3435272e+00  2.2138343e+00  2.5183582e+00  3.8442602e+00
  5.3312039e+00  2.8309824e+00  1.1737332e+00  2.1489263e+00  1.8892297e+00
  2.2118797e+00  2.8304029e+00  3.7491121e+00  6.2250841e-01 -8.9755201e-01
  3.7749243e+00  4.2918839e+00  3.8378522e+00  3.0817332e+00  2.6782126e+00
  1.5057504e+00  8.1275403e-01  5.4854643e-01  1.5346044e+00  2.0136528e+00
  3.1180930e+00  2.4835680e+00  3.2834232e+00  3.6415081e+00  7.5942004e-01
  4.5170999e+00  4.6688762e+00  4.9448876e+00  4.9694762e+00  4.9353838e+00
  4.8828959e+00  4.1113081e+00  2.8046701e+00  1.8546408e+00  2.2025807e+00
  2.0248199e+00  1.9283040e+00  5.5420202e-01  2.2035564e-01  1.6866395e+00
  2.5364051e+00  2.2972391e+00  2.0615866e+00  1.6136785e+00  2.5949916e-01
 -1.7216281e+00 -2.5573933e+00 -6.9426000e-01  1.0974023e+00  2.0961719e+00
  3.7948320e+00  6.2249398e+00  6.6599641e+00  5.7036963e+00  4.5280080e+00
  2.5006537e+00  9.9222845e-01 -5.4959041e-01 -1.0932336e+00 -1.1060208e+00
 -4.2173281e-01  4.1380560e-01  1.5484104e+00  2.8340387e+00  3.4229052e+00
  2.3768928e+00  2.2777560e+00  3.3311267e+00  3.5805492e+00  3.9715562e+00
  3.2285988e+00  2.8858752e+00  2.4246540e+00  3.3023915e-01 -7.5018239e-01
 -4.4149682e-02  1.9261440e+00  4.6282682e+00  6.1549921e+00  8.2517033e+00
  8.5406761e+00  7.9854121e+00  8.0264158e+00  4.2527876e+00 -1.8072971e+00
 -6.4429560e+00 -1.1498616e+01 -1.4202539e+01 -4.9168801e+00 -2.1254184e+00
 -2.7430849e+00 -3.6467280e+00 -2.3889527e+00  7.2104037e-01  3.4706016e+00
  3.1053240e+00  1.9191889e+00  1.1523995e+00  3.9547798e-01  4.1284442e-01
  1.7938836e+00  3.3164244e+00  3.6865802e+00  2.3644152e+00  1.0741140e+00
  7.6927680e-01  9.5682245e-01  4.1155919e-01 -1.2953593e+00
  1.4314104e+00  2.6535565e-01 -1.5652224e+00  2.3922756e+00  7.6732200e-01
 -6.3808918e-01 -4.8098159e+00 -3.7163880e+00 -1.3196988e+00  8.0119437e-01
  1.8148644e+00  1.1045340e+00 -1.2623544e+00  7.3456921e-02 -3.5843831e-01
 -2.6784000e+00  3.0333960e-01  2.8286171e+00  3.0192049e+00  2.2996583e+00
  3.5643456e+00  2.2163291e+00  1.3775724e+00  9.7591680e-01 -2.3434778e-01
 -1.0048500e+00  1.1044620e+00  2.0627100e+00  2.7003059e+00  4.3368120e+00
  6.3317881e+00  3.8350439e+00  2.1521268e+00  3.1087549e+00  2.5573068e+00
  2.5909307e+00  3.1294477e+00  4.1088963e+00  1.0000153e+00 -6.1108559e-01
  3.9578040e+00  4.4144640e+00  4.0116963e+00  3.4053192e+00  3.1535676e+00
  2.0665009e+00  1.3650876e+00  1.1046996e+00  2.1085596e+00  2.4388595e+00
  3.3469560e+00  2.6687989e+00  3.4980118e+00  3.8485441e+00  1.0952821e+00
  4.7068563e+00  4.9691520e+00  5.1803999e+00  5.1868439e+00  5.1906600e+00
  5.1337438e+00  4.4539199e+00  3.2407343e+00  2.3121035e+00  2.7924984e+00
  2.6754012e+00  2.4513083e+00  1.1362429e+00  7.3834920e-01  2.0897353e+00
  2.9204352e+00  2.9039075e+00  2.9276748e+00  2.7209988e+00  1.5114061e+00
 -5.6007719e-01 -1.8920916e+00 -4.6179000e-01  9.5531046e-01  1.5518664e+00
  3.2404501e+00  5.9578919e+00  6.4477439e+00  5.4765363e+00  4.4043121e+00
  2.4424415e+00  9.7364521e-01 -3.8645640e-01 -4.7538000e-01 -1.5710832e-01
  3.9235321e-01  7.7520239e-01  1.5487524e+00  2.8212192e+00  3.7606678e+00
  2.9548404e+00  2.7974627e+00  3.5049205e+00  3.2853923e+00  3.5058491e+00
  2.8032985e+00  2.8859508e+00  3.0728412e+00  1.2593628e+00  1.4112827e-01
  6.6063958e-01  2.6982396e+00  5.6076117e+00  6.9541564e+00  8.5912199e+00
  8.2765808e+00  7.4637361e+00  7.9562159e+00  4.9174562e+00 -1.1540016e+00
 -5.6000524e+00 -1.0820845e+01 -1.3703724e+01 -3.8021758e+00 -4.4149679e-01
 -6.5966761e-01 -1.5952176e+00 -7.7563798e-01  1.6923456e+00  3.6360722e+00
  2.5294321e+00  1.0570320e+00  5.8268160e-01  2.5346303e-01  5.3984523e-01
  2.0730095e+00  3.6887398e+00  4.1154838e+00  2.7726803e+00  1.2846276e+00
  7.1867520e-01  7.2545761e-01  1.3883184e-01 -1.5101172e+00
  9.4447440e-01  2.8030643e-01 -1.2623399e+00  2.5545816e+00  8.4394801e-01
 -5.3053921e-01 -4.7819519e+00 -3.3592212e+00 -9.8813158e-01  1.3632193e+00
  2.2161458e+00  1.4143645e+00 -1.1795112e+00  2.3331313e-01 -1.2936492e-01
 -2.5425503e+00  6.4801079e-01  3.1701782e+00  3.0212638e+00  2.7860651e+00
  4.4105759e+00  2.2375982e+00  9.5027763e-01  6.8019480e-01  7.5922921e-02
 -9.2840046e-01  8.4772080e-01  1.7493659e+00  2.6936460e+00  4.6326599e+00
  6.6327481e+00  4.2572880e+00  2.6920836e+00  3.8151360e+00  3.2211504e+00
  3.1684177e+00  3.7224720e+00  4.7406960e+00  1.6524396e+00 -9.1835998e-02
  4.1502237e+00  4.4300160e+00  4.0744801e+00  3.6324720e+00  3.5097048e+00
  2.5870717e+00  1.9565711e+00  1.5569928e+00  2.4996383e+00  2.6178119e+00
  3.2908826e+00  2.6026812e+00  3.4411716e+00  3.8235242e+00  1.2792456e+00
  4.8392282e+00  5.2169762e+00  5.3574119e+00  5.3490601e+00  5.3857441e+00
  5.2946639e+00  4.6975679e+00  3.5824463e+00  2.6756389e+00  3.2976720e+00
  3.2667480e+00  2.9349611e+00  1.7687448e+00  1.3815793e+00  2.5435081e+00
  3.2512572e+00  3.4382160e+00  3.6564121e+00  3.6908281e+00  2.7805896e+00
  8.1837362e-01 -9.9257040e-01 -1.7103672e-01  6.7752361e-01  7.8281635e-01
  2.5273116e+00  5.5839243e+00  6.2089200e+00  5.3787961e+00  4.5360003e+00
  2.7353771e+00  1.2269268e+00 -1.4361623e-01  2.1497507e-02  5.8925515e-01
  1.0229940e+00  9.8206925e-01  1.3884876e+00  2.6138086e+00  3.8900881e+00
  3.4130125e+00  3.3640201e+00  3.8200319e+00  3.1674311e+00  3.1984417e+00
  2.4589081e+00  2.7854316e+00  3.4650722e+00  1.9483345e+00  8.2702798e-01
  1.1472083e+00  3.1967821e+00  6.2771044e+00  7.4721236e+00  8.7355080e+00
  8.0845203e+00  7.1036277e+00  7.5580201e+00  4.7526121e+00 -1.2636684e+00
 -5.4828720e+00 -1.0769184e+01 -1.3639068e+01 -3.0058739e+00  1.1595744e+00
  1.6043868e+00  7.7061599e-01  1.0658844e+00  2.7787068e+00  3.9749038e+00
  2.3310575e+00  7.2910076e-01  5.5673283e-01  5.0473440e-01  8.2417685e-01
  2.2980096e+00  3.8613961e+00  4.2367320e+00  2.8512936e+00  1.2633120e+00
  5.8855319e-01  5.3957880e-01  2.6821296e-03 -1.4934312e+00
  4.1165999e-01  2.0121768e-01 -1.0043532e+00  2.6012917e+00  9.3172681e-01
 -2.8985688e-01 -4.4470439e+00 -2.8267307e+00 -4.9302360e-01  2.0558341e+00
  2.8569961e+00  2.0721781e+00 -7.2273600e-01  5.9538960e-01  2.2837897e-01
 -2.2123475e+00  1.0801079e+00  3.4381404e+00  2.9135160e+00  2.8069308e+00
  5.2153201e+00  2.7747145e+00  1.0289484e+00  6.7338723e-01  6.5867037e-01
 -4.7294644e-01  7.5901681e-01  1.3597380e+00  2.3593607e+00  4.3994160e+00
  6.1974721e+00  4.0503960e+00  2.7474227e+00  4.1720757e+00  3.7744200e+00
  3.8356202e+00  4.4879398e+00  5.5393920e+00  2.5014601e+00  5.9301001e-01
  4.3581600e+00  4.3691039e+00  4.0487399e+00  3.7364039e+00  3.6691558e+00
  2.9488609e+00  2.4705324e+00  1.8289872e+00  2.6754553e+00  2.6291521e+00
  3.0867300e+00  2.4667990e+00  3.2975748e+00  3.7297080e+00  1.4467355e+00
  4.9006081e+00  5.4163799e+00  5.4915481e+00  5.4653039e+00  5.5124640e+00
  5.3528042e+00  4.8538079e+00  3.8978641e+00  3.0594962e+00  3.8135521e+00
  3.8068919e+00  3.3257341e+00  2.3781996e+00  2.0225952e+00  2.8908432e+00
  3.3704784e+00  3.7005122e+00  4.0910764e+00  4.3127642e+00  3.6304202e+00
  1.8117540e+00 -3.2845968e-01 -1.5975071e-01  6.1900917e-02 -1.4213124e-01
  1.9950119e+00  5.6437559e+00  6.4981441e+00  5.7911038e+00  5.0519881e+00
  3.3016248e+00  1.6295580e+00  1.2862836e-01  3.8419563e-01  1.0588176e+00
  1.3277664e+00  9.2864877e-01  1.0991161e+00  2.4254172e+00  4.1672521e+00
  4.0997877e+00  4.2020278e+00  4.3916759e+00  3.2760937e+00  3.0831769e+00
  2.2606452e+00  2.6495245e+00  3.5512669e+00  2.2544496e+00  1.1858256e+00
  1.3091508e+00  3.2185476e+00  6.2393041e+00  7.2661319e+00  8.3656082e+00
  7.7693763e+00  6.8337717e+00  7.1126642e+00  4.3538041e+00 -1.5625944e+00
 -5.6183400e+00 -1.0865124e+01 -1.3632552e+01 -2.4310980e+00  2.5289028e+00
  3.7206359e+00  3.0394511e+00  2.7823212e+00  3.7766521e+00  4.4411402e+00
  2.5400198e+00  9.3791884e-01  9.9568081e-01  9.9657714e-01  1.0659888e+00
  2.2353625e+00  3.6027720e+00  3.8959560e+00  2.5520473e+00  1.0214604e+00
  4.1660640e-01  4.7032917e-01  9.4426557e-02 -1.1705904e+00
  1.3366404e-02  1.6532353e-01 -7.2412562e-01  2.7183349e+00  1.0955952e+00
 -2.7000360e-02 -4.0875120e+00 -2.5009956e+00 -1.1552760e-01  2.6930952e+00
  3.6774359e+00  3.0666959e+00  9.0812162e-02  1.1593801e+00  7.5661922e-01
 -1.6237943e+00  1.6434468e+00  3.6741600e+00  2.7510698e+00  2.6907768e+00
  6.1243200e+00  3.8460240e+00  1.7690327e+00  1.1058875e+00  1.3692024e+00
  2.9499948e-01  1.0311515e+00  1.1537820e+00  1.9195776e+00  3.7788839e+00
  5.4133563e+00  3.5658398e+00  2.6109722e+00  4.2567120e+00  4.0676761e+00
  4.3053479e+00  5.1246719e+00  6.2530560e+00  3.3481908e+00  1.2786553e+00
  4.4873643e+00  4.2386761e+00  3.9694321e+00  3.7793880e+00  3.7312922e+00
  3.1676257e+00  2.8234549e+00  1.9495044e+00  2.7086904e+00  2.5659900e+00
  2.8533349e+00  2.3734584e+00  3.2354891e+00  3.7346039e+00  1.7312832e+00
  4.8806281e+00  5.5671120e+00  5.5888200e+00  5.5392480e+00  5.5662117e+00
  5.2930441e+00  4.8906722e+00  4.1389561e+00  3.4096718e+00  4.2801843e+00
  4.2488999e+00  3.6028802e+00  2.9503295e+00  2.6962957e+00  3.2534785e+00
  3.4267392e+00  3.8160362e+00  4.3591681e+00  4.6988640e+00  4.0618076e+00
  2.1899629e+00 -2.7185616e-01 -6.8881679e-01 -9.8278201e-01 -1.1992464e+00
  1.6264008e+00  5.9621758e+00  6.9664679e+00  6.2188559e+00  5.4059038e+00
  3.6782641e+00  1.9669932e+00  4.8435482e-01  8.0705875e-01  1.4520240e+00
  1.4620897e+00  7.1889842e-01  7.2577441e-01  2.2228956e+00  4.4581318e+00
  4.7794318e+00  5.0208840e+00  4.9936681e+00  3.5206127e+00  3.1467061e+00
  2.1660767e+00  2.3952239e+00  3.3176556e+00  2.2153249e+00  1.2393216e+00
  1.1572343e+00  2.8274832e+00  5.5799999e+00  6.3269277e+00  7.3473125e+00
  7.0915318e+00  6.5016723e+00  6.7648683e+00  4.0324321e+00 -1.6889976e+00
 -5.4816480e+00 -1.0626768e+01 -1.3308300e+01 -1.9039896e+00  3.5872777e+00
  5.3993883e+00  4.8535562e+00  4.1336637e+00  4.5872278e+00  4.9258804e+00
  2.8841364e+00  1.2136500e+00  1.3580532e+00  1.3080132e+00  1.0444716e+00
  1.7974476e+00  2.8976724e+00  3.1736197e+00  2.0417328e+00  7.2325796e-01
  2.9094911e-01  5.1746041e-01  3.5451719e-01 -6.2150759e-01
 -2.5083503e-01  2.6182044e-01 -3.2604730e-01  2.9509633e+00  1.3825548e+00
  3.6709562e-01 -3.5197811e+00 -2.0894148e+00  1.7239968e-01  3.0996289e+00
  4.2528238e+00  3.8799000e+00  8.3853722e-01  1.6850772e+00  1.2708216e+00
 -1.0107540e+00  2.1145031e+00  3.7875960e+00  2.5315166e+00  2.4947352e+00
  6.7489200e+00  4.7170796e+00  2.4237938e+00  1.5019056e+00  1.9207873e+00
  9.5797443e-01  1.3786632e+00  1.0732139e+00  1.6027200e+00  3.2536511e+00
  4.7347202e+00  3.1539097e+00  2.4890652e+00  4.1512680e+00  4.0735083e+00
  4.4812083e+00  5.4898200e+00  6.6975479e+00  3.9806638e+00  1.7843509e+00
  4.4539561e+00  4.0389838e+00  3.8596323e+00  3.8147399e+00  3.8135879e+00
  3.3598189e+00  3.0796561e+00  1.9828836e+00  2.6492326e+00  2.4273827e+00
  2.5721712e+00  2.2877641e+00  3.2345135e+00  3.8226960e+00  2.0915785e+00
  4.7892957e+00  5.6651402e+00  5.6460600e+00  5.5698118e+00  5.5550156e+00
  5.1383162e+00  4.8167996e+00  4.2785640e+00  3.6740162e+00  4.6420197e+00
  4.5840240e+00  3.7945442e+00  3.4665408e+00  3.3475933e+00  3.6401758e+00
  3.4996393e+00  3.8724480e+00  4.5381603e+00  4.9737239e+00  4.3480802e+00
  2.4393420e+00 -1.8387648e-01 -1.0348848e+00 -1.6832736e+00 -1.7737092e+00
  1.6236900e+00  6.3496079e+00  7.2795959e+00  6.3657722e+00  5.4381237e+00
  3.8390038e+00  2.2592196e+00  8.9053196e-01  1.1658672e+00  1.6196004e+00
  1.3455000e+00  3.1799340e-01  1.7745516e-01  1.7709445e+00  4.3870320e+00
  5.0142961e+00  5.3753400e+00  5.2147803e+00  3.5505574e+00  3.0859523e+00
  1.9828188e+00  2.1228695e+00  3.0848508e+00  2.0520253e+00  1.0350540e+00
  6.7116958e-01  2.0175805e+00  4.3916397e+00  4.8115077e+00  5.8328280e+00
  6.1612921e+00  6.1778879e+00  6.6115084e+00  4.1828041e+00 -1.2256739e+00
 -4.7292118e+00 -9.9120598e+00 -1.2739176e+01 -1.5266844e+00  4.1831999e+00
  6.3871560e+00  5.9550838e+00  4.9644723e+00  5.1098762e+00  5.2739997e+00
  3.1316254e+00  1.3058748e+00  1.4477040e+00  1.3663980e+00  8.5452837e-01
  1.2205296e+00  2.0365813e+00  2.3304384e+00  1.4954652e+00  4.2027119e-01
  1.3326049e-01  4.9556881e-01  5.2886879e-01 -1.3802184e-01
 -3.6891720e-01  4.5841321e-01  8.6007960e-02  3.1661785e+00  1.7101980e+00
  9.3302274e-01 -2.5832555e+00 -1.2756708e+00  6.8230796e-01  3.3450444e+00
  4.3799038e+00  4.2031078e+00  1.2449701e+00  1.9415591e+00  1.5740856e+00
 -5.4813242e-01  2.4041123e+00  3.7835639e+00  2.3148973e+00  2.2246847e+00
  6.9086161e+00  5.0718961e+00  2.6554716e+00  1.5812820e+00  2.1940560e+00
  1.4154119e+00  1.5824304e+00  9.0547198e-01  1.2759372e+00  2.8051560e+00
  4.2030001e+00  2.8838196e+00  2.4619033e+00  4.0287242e+00  4.0162320e+00
  4.5727201e+00  5.6801877e+00  6.8165641e+00  4.2800040e+00  2.0588255e+00
  4.3062119e+00  3.8300042e+00  3.7429199e+00  3.8436480e+00  3.9292920e+00
  3.5693245e+00  3.2919912e+00  1.9615068e+00  2.4836111e+00  2.1319237e+00
  2.1260989e+00  2.0888100e+00  3.1921237e+00  3.9188881e+00  2.4522264e+00
  4.6394277e+00  5.7088799e+00  5.6637716e+00  5.5588679e+00  5.4898200e+00
  4.9318562e+00  4.6978922e+00  4.3882561e+00  3.9248278e+00  4.9713116e+00
  4.8926878e+00  3.9629161e+00  3.8718362e+00  3.8067482e+00  3.8316960e+00
  3.3859439e+00  3.6883798e+00  4.4786520e+00  5.0325480e+00  4.4633160e+00
  2.6855135e+00  2.0813292e-01 -8.1327599e-01 -1.6569648e+00 -1.6496712e+00
  2.0087748e+00  6.7389841e+00  7.3777680e+00  6.2207999e+00  5.1848640e+00
  3.7929599e+00  2.4125328e+00  1.1640924e+00  1.3025664e+00  1.4769000e+00
  9.2278802e-01 -3.3715475e-01 -6.2370360e-01  9.9432713e-01  3.9140637e+00
  4.8140278e+00  5.2849798e+00  5.0579281e+00  3.3557401e+00  2.8816559e+00
  1.7677044e+00  2.0499337e+00  3.1116385e+00  1.8887328e+00  5.6719083e-01
 -1.9701612e-01  7.6641482e-01  2.7368386e+00  2.9266777e+00  4.0970159e+00
  5.1714358e+00  5.8991399e+00  6.6362042e+00  5.0491443e+00  1.4694768e-01
 -3.3054912e+00 -8.7683039e+00 -1.2091716e+01 -1.5475355e+00  4.0801320e+00
  6.4499040e+00  6.0666842e+00  4.9204803e+00  4.9244041e+00  5.0956559e+00
  3.0645037e+00  1.2154320e+00  1.3965588e+00  1.3299659e+00  6.5668321e-01
  7.1969402e-01  1.2941065e+00  1.6059312e+00  1.0254887e+00  8.8108920e-02
 -1.7479728e-01  2.4999696e-01  4.8244679e-01  1.8924265e-01
 -4.8021480e-01  5.6828880e-01  3.6915120e-01  3.2926285e+00  2.0542896e+00
  1.6217352e+00 -1.4268564e+00 -2.1584629e-01  1.3669597e+00  3.5284321e+00
  4.2441120e+00  4.2228360e+00  1.4524451e+00  2.0077381e+00  1.7131536e+00
 -1.8472645e-01  2.5784712e+00  3.6857522e+00  2.0459518e+00  1.7988589e+00
  6.4794240e+00  4.7371321e+00  2.3310792e+00  1.3224312e+00  2.3052168e+00
  1.8815688e+00  1.8772128e+00  9.0850681e-01  1.1263356e+00  2.4423587e+00
  3.7064521e+00  2.6153533e+00  2.4288554e+00  3.8734920e+00  3.9234238e+00
  4.5938520e+00  5.6779923e+00  6.5777402e+00  4.2053399e+00  2.0971332e+00
  4.0988522e+00  3.6721079e+00  3.6438839e+00  3.8641679e+00  4.0925517e+00
  3.8530800e+00  3.5335367e+00  1.9431216e+00  2.2029264e+00  1.5856559e+00
  1.3872061e+00  1.6139016e+00  2.9481840e+00  3.8902318e+00  2.6728668e+00
  4.4537401e+00  5.6963158e+00  5.6449800e+00  5.5100880e+00  5.3836918e+00
  4.7134438e+00  4.5713520e+00  4.4923682e+00  4.1755676e+00  5.2771320e+00
  5.1933961e+00  4.1276159e+00  4.1386681e+00  4.0392361e+00  3.7670758e+00
  2.9955564e+00  3.1754735e+00  4.1432762e+00  4.9148641e+00  4.4806681e+00
  2.9265590e+00  6.8933880e-01 -4.5378718e-01 -1.4555411e+00 -1.4161572e+00
  2.3054149e+00  6.8927760e+00  7.2236161e+00  5.8471923e+00  4.7412000e+00
  3.5960686e+00  2.4431112e+00  1.4060447e+00  1.5744672e+00  1.5900804e+00
  7.5213361e-01 -8.0277479e-01 -1.3005252e+00  2.8029814e-01  3.4458950e+00
  4.6031041e+00  5.1752520e+00  4.9161963e+00  3.2739048e+00  2.8268280e+00
  1.6792235e+00  2.0100708e+00  3.0595715e+00  1.5967476e+00 -1.7112743e-02
 -1.1042460e+00 -4.7048759e-01  1.1175444e+00  1.1676996e+00  2.5441163e+00
  4.3503480e+00  5.7570119e+00  6.8716440e+00  6.3065882e+00  1.8156780e+00
 -1.9188324e+00 -7.6789079e+00 -1.1519892e+01 -1.9317311e+00  3.3862717e+00
  5.7121201e+00  5.2180200e+00  3.8894038e+00  3.8514957e+00  4.2689881e+00
  2.6935489e+00  1.0668564e+00  1.3680000e+00  1.3495212e+00  5.7041281e-01
  3.8996640e-01  7.5401282e-01  1.0588139e+00  6.6526556e-01 -2.1193704e-01
 -5.0727600e-01 -3.5489306e-02  4.1880238e-01  5.1766199e-01
 -8.0634600e-01  5.1168239e-01  5.9843880e-01  3.3711085e+00  2.4183290e+00
  2.3282101e+00 -2.4360985e-01  8.7728399e-01  2.1552336e+00  3.8077202e+00
  4.1476679e+00  4.2832079e+00  1.7682480e+00  2.1312468e+00  1.8039241e+00
  6.0528956e-02  2.5458660e+00  3.3570721e+00  1.5728184e+00  1.0937663e+00
  5.3852038e+00  3.6589682e+00  1.3734180e+00  6.7672801e-01  2.3105087e+00
  2.3869693e+00  2.2790051e+00  1.1204352e+00  1.2391740e+00  2.2287710e+00
  3.2193756e+00  2.2041070e+00  2.1601872e+00  3.4369488e+00  3.5535817e+00
  4.3280640e+00  5.3430839e+00  5.9651642e+00  3.7938957e+00  1.9221191e+00
  3.8153162e+00  3.5328817e+00  3.5436130e+00  3.8487961e+00  4.2385321e+00
  4.1350684e+00  3.7462320e+00  1.9120104e+00  1.8698113e+00  9.4661999e-01
  5.5573201e-01  1.0197539e+00  2.5794179e+00  3.7399678e+00  2.7320652e+00
  4.2350402e+00  5.6280599e+00  5.5914121e+00  5.4247680e+00  5.2396917e+00
  4.4977322e+00  4.4463601e+00  4.5712438e+00  4.3850522e+00  5.5088644e+00
  5.4263158e+00  4.2429242e+00  4.3102803e+00  4.2577200e+00  3.7659242e+00
  2.6514287e+00  2.6060076e+00  3.7384558e+00  4.8097439e+00  4.5901437e+00
  3.2396076e+00  1.1186424e+00 -2.8323504e-01 -1.4760792e+00 -1.3763340e+00
  2.3504939e+00  6.7487402e+00  6.8704200e+00  5.3807039e+00  4.2262201e+00
  3.3025141e+00  2.3785379e+00  1.6914780e+00  2.1448152e+00  2.1970043e+00
  1.1148012e+00 -7.8397560e-01 -1.5669612e+00 -1.2858912e-01  3.1429908e+00
  4.5088921e+00  5.2103882e+00  4.9621320e+00  3.4014888e+00  2.9292984e+00
  1.6744645e+00  1.9259568e+00  2.9469457e+00  1.4666976e+00 -1.6544196e-01
 -1.3666824e+00 -1.0082663e+00  1.4919984e-01  3.2967072e-02  1.5738947e+00
  4.0421157e+00  6.0845041e+00  7.6030917e+00  7.7343845e+00  3.0278268e+00
 -1.3136687e+00 -7.2384844e+00 -1.1336653e+01 -2.6653681e+00  2.3039532e+00
  4.4958601e+00  3.8130119e+00  2.3574133e+00  2.4440184e+00  3.3182857e+00
  2.3797584e+00  1.0115352e+00  1.3724352e+00  1.4132771e+00  6.3363600e-01
  2.8780237e-01  4.4088843e-01  6.9403321e-01  4.4793719e-01 -3.7349999e-01
 -6.7329723e-01 -1.2680677e-01  5.1851523e-01  8.6542201e-01
 -1.2779027e+00  3.2319036e-01  7.2730076e-01  3.1973867e+00  2.5478821e+00
  2.7679608e+00  7.0062119e-01  1.7325072e+00  2.8179936e+00  4.0429802e+00
  4.0080242e+00  4.2870240e+00  2.0844288e+00  2.2798152e+00  1.8964297e+00
  2.6601553e-01  2.3823936e+00  2.8413467e+00  9.1280520e-01  1.5528600e-01
  3.7868400e+00  2.0753927e+00 -6.1601764e-03 -2.8245384e-01  2.1284530e+00
  2.7637057e+00  2.5788238e+00  1.3073869e+00  1.4304420e+00  2.0729990e+00
  2.6654003e+00  1.5658380e+00  1.5698160e+00  2.6262612e+00  2.8228285e+00
  3.7263598e+00  4.6676879e+00  5.0079241e+00  3.1021128e+00  1.5701796e+00
  3.4080226e+00  3.3368146e+00  3.3976908e+00  3.7422721e+00  4.1987162e+00
  4.1657400e+00  3.7127159e+00  1.7479836e+00  1.5374016e+00  4.4557559e-01
 -8.8037640e-02  5.5664641e-01  2.2526064e+00  3.5477030e+00  2.7231698e+00
  3.9643199e+00  5.5031042e+00  5.4977040e+00  5.2980480e+00  5.0451121e+00
  4.2615719e+00  4.3229160e+00  4.6410842e+00  4.5807838e+00  5.7041998e+00
  5.6108518e+00  4.3112521e+00  4.4160118e+00  4.5089998e+00  3.9556439e+00
  2.5693955e+00  2.1977999e+00  3.3994403e+00  4.7340722e+00  4.7041559e+00
  3.4578037e+00  1.3630428e+00 -2.7079237e-01 -1.5733583e+00 -1.3253076e+00
  2.3842943e+00  6.5340362e+00  6.5436120e+00  5.0822639e+00  3.9017520e+00
  3.1246378e+00  2.3356223e+00  1.9819152e+00  2.7501302e+00  2.8724833e+00
  1.5943968e+00 -5.8467597e-01 -1.6029683e+00 -3.2372531e-01  2.9321461e+00
  4.4470077e+00  5.3379002e+00  5.1589441e+00  3.6481681e+00  3.0380616e+00
  1.6628437e+00  1.8405252e+00  2.8604231e+00  1.5159816e+00  5.1423121e-02
 -1.1034973e+00 -9.7597444e-01 -2.8753594e-01 -6.1245364e-01  1.0221876e+00
  4.0465798e+00  6.6239643e+00  8.3585157e+00  8.6400003e+00  3.1827204e+00
 -1.8265570e+00 -7.6719604e+00 -1.1664900e+01 -3.8113561e+00  8.4160441e-01
  2.9952073e+00  2.2820256e+00  8.7087959e-01  1.1902428e+00  2.5428960e+00
  2.1714084e+00  8.9926922e-01  1.1806561e+00  1.3168871e+00  7.3235881e-01
  3.8799360e-01  3.5694250e-01  4.8017880e-01  2.8758311e-01 -5.0829840e-01
 -7.6286155e-01 -6.9457680e-02  7.9060322e-01  1.3358989e+00
 -1.7056800e+00  4.0608361e-02  6.6906357e-01  2.6480520e+00  2.3062787e+00
  2.8349712e+00  1.3738644e+00  2.3169491e+00  3.2816017e+00  4.1281199e+00
  3.7222199e+00  4.1034961e+00  2.2682376e+00  2.4155929e+00  2.0918989e+00
  6.1244285e-01  2.2964327e+00  2.3549616e+00  3.0401570e-01 -6.9460559e-01
  2.1654685e+00  5.0483519e-01 -1.3261968e+00 -1.1854080e+00  1.9671013e+00
  3.1449602e+00  2.8261404e+00  1.3874004e+00  1.4909112e+00  1.7987005e+00
  1.9881108e+00  8.1161636e-01  8.7875283e-01  1.7043515e+00  1.9790784e+00
  3.0045707e+00  3.8419919e+00  3.8580120e+00  2.2314529e+00  1.0739088e+00
  2.8313928e+00  3.0185244e+00  3.1660922e+00  3.5278630e+00  3.9631319e+00
  3.9453480e+00  3.4475040e+00  1.4611896e+00  1.2295620e+00  1.3076316e-01
 -4.9686119e-01  2.6769385e-01  1.9985183e+00  3.3363864e+00  2.7076681e+00
  3.6268563e+00  5.3127723e+00  5.3484840e+00  5.1163921e+00  4.7865601e+00
  3.9762721e+00  4.1743078e+00  4.6931758e+00  4.7672639e+00  5.8686838e+00
  5.7591720e+00  4.3480077e+00  4.4339762e+00  4.6569958e+00  4.1418362e+00
  2.5912189e+00  1.8546264e+00  3.0388789e+00  4.5371156e+00  4.6456919e+00
  3.5202346e+00  1.5769260e+00 -8.9177042e-02 -1.3529663e+00 -9.5879877e-01
  2.5884106e+00  6.3790202e+00  6.3423719e+00  5.0535002e+00  3.9314880e+00
  3.2871275e+00  2.4871609e+00  2.2640760e+00  3.1307220e+00  3.2061131e+00
  1.7883576e+00 -5.0812203e-01 -1.5928632e+00 -3.8628721e-01  2.7805753e+00
  4.3520041e+00  5.4280081e+00  5.3476920e+00  3.8866320e+00  3.1024044e+00
  1.6856495e+00  1.8127729e+00  2.7237239e+00  1.4277816e+00  8.4253676e-02
 -9.9038523e-01 -1.0053000e+00 -6.5404081e-01 -1.0529280e+00  7.3283398e-01
  4.2538676e+00  7.2293406e+00  8.8281717e+00  8.5701237e+00  1.9838376e+00
 -3.5382600e+00 -8.9047432e+00 -1.2352032e+01 -5.1941876e+00 -7.4659318e-01
  1.6444187e+00  1.2175560e+00 -6.1526883e-02  3.2664853e-01  1.9267200e+00
  1.9283797e+00  5.9654164e-01  7.0764118e-01  9.6309000e-01  7.2656643e-01
  5.6609643e-01  4.2377040e-01  3.3691716e-01  6.3137159e-02 -7.6030916e-01
 -9.2872798e-01 -4.6304278e-02  1.0244664e+00  1.7450964e+00
 -2.0384784e+00 -2.7080134e-01  5.2873921e-01  1.9290311e+00  1.9525536e+00
  2.8066823e+00  2.0001888e+00  2.7839303e+00  3.5965006e+00  4.0626721e+00
  3.2913361e+00  3.7402203e+00  2.3038344e+00  2.4750326e+00  2.2662864e+00
  9.1889274e-01  2.0721240e+00  1.7510328e+00 -2.3590513e-01 -1.3125960e+00
  7.4180156e-01 -8.1900001e-01 -2.3433876e+00 -1.7779860e+00  2.0228903e+00
  3.6101520e+00  3.0171061e+00  1.2774527e+00  1.2623328e+00  1.3125924e+00
  1.2104604e+00  7.9282440e-02  2.6693246e-01  8.9790124e-01  1.2626928e+00
  2.4210756e+00  3.1888549e+00  2.8824084e+00  1.4799708e+00  6.1773115e-01
  2.2241521e+00  2.6414027e+00  2.8597860e+00  3.2226229e+00  3.6238680e+00
  3.6214201e+00  3.0926485e+00  1.1233692e+00  8.8794363e-01 -1.6521659e-01
 -8.4695399e-01  5.6696041e-03  1.7181684e+00  3.0601656e+00  2.6431811e+00
  3.2269609e+00  5.0392799e+00  5.1202798e+00  4.8592801e+00  4.4433722e+00
  3.5834510e+00  3.8795400e+00  4.5673919e+00  4.7655001e+00  5.8079519e+00
  5.7005997e+00  4.2514558e+00  4.3253284e+00  4.6673636e+00  4.2406559e+00
  2.6154180e+00  1.4949971e+00  2.5320349e+00  4.0500360e+00  4.3318439e+00
  3.4835362e+00  1.8363384e+00  2.5325352e-01 -9.1287005e-01 -4.4126999e-01
  2.7971857e+00  6.1491237e+00  6.1064639e+00  5.0678282e+00  4.0739760e+00
  3.6078842e+00  2.7171469e+00  2.4709680e+00  3.3090048e+00  3.3683724e+00
  1.9783871e+00 -2.7696419e-01 -1.3720788e+00 -2.7534962e-01  2.6687231e+00
  4.1643000e+00  5.3314199e+00  5.3508601e+00  4.0596480e+00  3.2185836e+00
  1.9015526e+00  2.0117483e+00  2.7161677e+00  1.3228092e+00 -4.3903079e-02
 -1.1209680e+00 -1.2341268e+00 -1.0267560e+00 -1.2294648e+00  9.3974400e-01
  5.0689082e+00  8.4754448e+00  9.7744684e+00  8.3887558e+00  4.8157561e-01
 -5.2081199e+00 -9.8493481e+00 -1.2656304e+01 -6.2791920e+00 -2.0077345e+00
  7.8872037e-01  8.2772279e-01 -3.1722984e-01 -5.1370200e-02  1.5557976e+00
  1.7781732e+00  3.4412327e-01  2.5611985e-01  5.5031037e-01  6.1009556e-01
  6.8328357e-01  5.1177239e-01  2.4720410e-01 -8.2047962e-02 -8.5490280e-01
 -8.8836128e-01  9.4222799e-02  1.1861963e+00  1.8892512e+00
 -2.2017419e+00 -4.6466997e-01  5.1270121e-01  1.3679460e+00  1.7585820e+00
  2.8502100e+00  2.6217577e+00  3.1461589e+00  3.7433522e+00  3.8650677e+00
  2.7982836e+00  3.3507288e+00  2.3614452e+00  2.5147116e+00  2.3038921e+00
  9.6474594e-01  1.4640263e+00  8.1618840e-01 -8.7861961e-01 -1.8694079e+00
 -6.5441519e-01 -2.0864341e+00 -3.1870477e+00 -2.0443680e+00  2.3551633e+00
  4.1495037e+00  3.1498308e+00  1.0190485e+00  8.3271599e-01  7.2983521e-01
  4.6731961e-01 -5.0641203e-01 -1.7992584e-01  2.8633967e-01  7.3351437e-01
  2.0189879e+00  2.7803483e+00  2.2198284e+00  1.0003572e+00  3.3813214e-01
  1.7481347e+00  2.2982399e+00  2.5046568e+00  2.8262773e+00  3.2053356e+00
  3.2626729e+00  2.7436392e+00  8.1727922e-01  5.0275439e-01 -5.5744922e-01
 -1.2647485e+00 -3.3360660e-01  1.3472245e+00  2.6883936e+00  2.4631560e+00
  2.7755928e+00  4.6669321e+00  4.7951999e+00  4.5120239e+00  3.9994202e+00
  3.0417013e+00  3.3580332e+00  4.1572080e+00  4.4565840e+00  5.3832240e+00
  5.2662959e+00  3.8771641e+00  4.0423322e+00  4.5322561e+00  4.2445798e+00
  2.6682913e+00  1.1628108e+00  1.8642061e+00  3.1881816e+00  3.6886320e+00
  3.3053076e+00  2.0471544e+00  5.7289678e-01 -5.1150602e-01 -4.4070117e-02
  2.8015127e+00  5.7067199e+00  5.7137041e+00  4.9481640e+00  4.0731483e+00
  3.8063161e+00  2.8168163e+00  2.5131311e+00  3.2882075e+00  3.4131780e+00
  2.2340808e+00  1.5854688e-01 -9.6291721e-01 -1.0101492e-01  2.4616151e+00
  3.7897201e+00  4.9941363e+00  5.1653519e+00  4.2296400e+00  3.4745364e+00
  2.3339882e+00  2.3974597e+00  2.7876673e+00  1.1579796e+00 -2.7996516e-01
 -1.3007628e+00 -1.3853340e+00 -1.1673037e+00 -1.0536300e+00  1.5291504e+00
  6.2514000e+00  1.0174716e+01  1.1300760e+01  8.7404041e+00 -6.1235636e-02
 -5.4271078e+00 -9.3740034e+00 -1.1887704e+01 -6.7511520e+00 -2.9543760e+00
  7.1454599e-02  5.4732960e-01 -3.6211321e-01 -1.2394799e-01  1.4865732e+00
  1.9143611e+00  4.3204319e-01  1.3388725e-01  2.6934624e-01  3.5992080e-01
  5.3558636e-01  3.8564640e-01  9.5060520e-02 -1.1378808e-01 -7.0550281e-01
 -6.0460919e-01  3.4762824e-01  1.3129452e+00  1.9079676e+00
 -2.2507632e+00 -5.3277481e-01  6.4965957e-01  1.0381068e+00  1.6624223e+00
  2.8288333e+00  3.1217473e+00  3.4263072e+00  3.8466001e+00  3.7007279e+00
  2.3685625e+00  3.0260880e+00  2.4950411e+00  2.5259328e+00  2.1413627e+00
  6.9631559e-01  4.8868921e-01 -4.2478919e-01 -1.6783919e+00 -2.4467866e+00
 -2.0070863e+00 -3.2187276e+00 -3.8061719e+00 -2.0145130e+00  2.8860767e+00
  4.7553840e+00  3.3310549e+00  7.7216405e-01  3.8346121e-01  1.8743293e-01
 -1.2364417e-01 -8.6142963e-01 -4.3708318e-01 -1.3373604e-01  3.4688628e-01
  1.6844400e+00  2.4373727e+00  1.6909307e+00  6.6112196e-01  1.5834852e-01
  1.3418244e+00  1.9396405e+00  2.0793996e+00  2.3460660e+00  2.7528732e+00
  2.9777400e+00  2.5579584e+00  7.3041117e-01  2.4745680e-01 -9.1453320e-01
 -1.6652808e+00 -6.6854161e-01  9.6703923e-01  2.2848768e+00  2.2318020e+00
  2.2673664e+00  4.1966276e+00  4.3707600e+00  4.0736518e+00  3.4613242e+00
  2.3579965e+00  2.6002657e+00  3.4481699e+00  3.8286719e+00  4.5726118e+00
  4.4090281e+00  3.1700304e+00  3.5779033e+00  4.2602043e+00  4.1016598e+00
  2.6588771e+00  8.0993521e-01  1.0739015e+00  2.0212092e+00  2.7290087e+00
  2.9556072e+00  2.2227480e+00  9.3807000e-01 -7.7167079e-02  2.8830707e-01
  2.6312904e+00  5.0475597e+00  5.1677637e+00  4.7250361e+00  3.9738598e+00
  3.9399478e+00  2.8522909e+00  2.4540660e+00  3.0704689e+00  3.1954393e+00
  2.2594643e+00  4.5422637e-01 -6.7207682e-01 -1.1800187e-01  1.9519019e+00
  3.1109221e+00  4.4250121e+00  4.8761644e+00  4.4473677e+00  3.7877762e+00
  2.7635436e+00  2.6832743e+00  2.6688490e+00  7.3918802e-01 -7.1501762e-01
 -1.5101460e+00 -1.3646952e+00 -1.0050156e+00 -6.0963839e-01  2.1159863e+00
  7.0581241e+00  1.1294027e+01  1.2335184e+01  8.9705877e+00  1.5238260e-01
 -4.5111961e+00 -7.7465878e+00 -9.9834118e+00 -6.2663040e+00 -3.2949648e+00
 -4.6488240e-01  2.2403231e-01 -4.1756040e-01 -1.0295856e-01  1.5186852e+00
  2.1182866e+00  6.3243002e-01  1.6825284e-01  5.9280481e-02 -8.2577523e-03
  1.3365684e-01  1.6755516e-02 -2.0072089e-01 -2.1955788e-01 -6.4648438e-01
 -5.0349963e-01  3.4218755e-01  1.2366323e+00  1.9173708e+00
 -2.3772457e+00 -5.7765245e-01  8.6933160e-01  8.2205278e-01  1.5632713e+00
  2.6394804e+00  3.3517835e+00  3.5173545e+00  3.8533678e+00  3.5204690e+00
  1.8676404e+00  2.5589628e+00  2.4709680e+00  2.4045806e+00  1.9127017e+00
  4.5732957e-01 -3.9160800e-01 -1.5824339e+00 -2.4608159e+00 -2.9234376e+00
 -2.9976048e+00 -3.8006997e+00 -3.9089160e+00 -1.6906824e+00  3.3899076e+00
  5.2421761e+00  3.5266573e+00  5.9903276e-01  5.0226118e-02 -2.3847769e-01
 -5.7493085e-01 -1.0799892e+00 -6.3421202e-01 -4.7926438e-01 -1.3550400e-03
  1.3210847e+00  2.0553842e+00  1.1721456e+00  3.4117201e-01 -1.4360833e-02
  9.0317166e-01  1.5069529e+00  1.5862501e+00  1.8133380e+00  2.2700195e+00
  2.7343729e+00  2.5035839e+00  8.7741357e-01  1.8435997e-01 -1.1347237e+00
 -1.9434419e+00 -9.3447357e-01  6.0311162e-01  1.8405576e+00  1.9467180e+00
  1.7309484e+00  3.6507242e+00  3.8586597e+00  3.5560694e+00  2.8604159e+00
  1.6043112e+00  1.7103205e+00  2.5548048e+00  2.9963305e+00  3.5120664e+00
  3.3075504e+00  2.2928867e+00  3.0085812e+00  3.8745360e+00  3.8001599e+00
  2.5404804e+00  4.2527518e-01  2.9252988e-01  8.0436963e-01  1.6687871e+00
  2.5166986e+00  2.3871202e+00  1.4073589e+00  4.9422598e-01  6.2685364e-01
  2.2419002e+00  4.0282922e+00  4.3202162e+00  4.3030801e+00  3.7685878e+00
  4.0827961e+00  2.9139302e+00  2.4125147e+00  2.8684585e+00  2.9640708e+00
  2.1973357e+00  6.0855842e-01 -5.4408962e-01 -2.8825343e-01  1.2883033e+00
  2.3556421e+00  3.8534760e+00  4.6020241e+00  4.6694880e+00  3.9528000e+00
  2.9724011e+00  2.7982368e+00  2.5079329e+00  3.8590559e-01 -1.0345824e+00
 -1.5943211e+00 -1.1905921e+00 -6.7957920e-01 -1.2025908e-01  2.3503175e+00
  6.8798881e+00  1.0883484e+01  1.1765484e+01  8.2490759e+00  5.0962323e-01
 -3.1427748e+00 -5.4969120e+00 -7.0658998e+00 -4.5199437e+00 -2.5530696e+00
 -4.0520519e-01  1.3965660e-01 -3.9528722e-01 -1.1856744e-01  1.3970988e+00
  2.0823913e+00  6.1233479e-01  1.1396053e-01 -7.3944718e-02 -2.2556880e-01
 -1.4395572e-01 -2.5833023e-01 -4.2413399e-01 -3.1881490e-01 -6.6195363e-01
 -5.4545403e-01  1.5144624e-01  9.9862558e-01  1.8724788e+00
 -2.5543873e+00 -5.8640403e-01  1.1363472e+00  6.7898881e-01  1.4687641e+00
  2.3390317e+00  3.3253310e+00  3.4041960e+00  3.7041838e+00  3.2449286e+00
  1.1936808e+00  1.8775656e+00  2.2286050e+00  2.1957264e+00  1.8431604e+00
  6.2301958e-01 -6.7892760e-01 -2.2091508e+00 -3.0387239e+00 -3.2738976e+00
 -3.5091937e+00 -3.7947960e+00 -3.5523756e+00 -1.2181356e+00  3.6381240e+00
  5.3958240e+00  3.6454678e+00  5.3850603e-01  4.0529156e-03 -3.8325959e-01
 -7.0707959e-01 -1.0266876e+00 -6.5475720e-01 -6.2770677e-01 -2.4920459e-01
  9.1133279e-01  1.5744132e+00  6.0307920e-01  9.9236518e-04 -1.8441288e-01
  4.1016960e-01  1.0154233e+00  1.0835892e+00  1.2984697e+00  1.7569621e+00
  2.3991590e+00  2.3626187e+00  1.0552032e+00  1.6305156e-01 -1.2926196e+00
 -2.1096289e+00 -1.1617236e+00  2.1365820e-01  1.3195008e+00  1.5706476e+00
  1.2259116e+00  3.0730646e+00  3.2841218e+00  2.9813111e+00  2.2413383e+00
  8.9335448e-01  8.8662601e-01  1.7130204e+00  2.2007952e+00  2.4680772e+00
  2.2490280e+00  1.4698764e+00  2.3973479e+00  3.3362966e+00  3.3257446e+00
  2.3389344e+00  6.0163558e-02 -3.1445062e-01 -1.6358256e-01  7.6632118e-01
  2.0459340e+00  2.4121187e+00  1.7532721e+00  9.2122197e-01  6.2308437e-01
  1.2343644e+00  2.2970483e+00  2.9173789e+00  3.4741225e+00  3.2686489e+00
  4.0553284e+00  2.8231740e+00  2.2708511e+00  2.7098606e+00  2.8880100e+00
  2.2327056e+00  7.1459281e-01 -5.2734244e-01 -4.9281123e-01  6.8032080e-01
  1.7325648e+00  3.3577020e+00  4.2584400e+00  4.7422800e+00  3.8156402e+00
  2.8962181e+00  2.8360801e+00  2.5651982e+00  4.7898358e-01 -8.5041720e-01
 -1.3052231e+00 -8.4746879e-01 -3.9684957e-01  9.2117518e-02  1.8945432e+00
  5.3557563e+00  8.5087080e+00  9.0945358e+00  6.1601043e+00  5.8695841e-01
 -1.8203400e+00 -3.2608583e+00 -4.0570202e+00 -2.5063992e+00 -1.4882184e+00
 -2.3560129e-01  2.0536453e-02 -4.5039600e-01 -3.0918634e-01  1.1045125e+00
  1.9953971e+00  6.2403125e-01  1.2735432e-01 -4.0897440e-02 -1.4822531e-01
 -5.1053759e-02 -1.4389920e-01 -2.9586565e-01 -1.4944753e-01 -4.4572321e-01
 -3.4660476e-01  1.7931959e-01  8.6502600e-01  1.7591004e+00
 -2.7084672e+00 -6.3742322e-01  1.2145932e+00  3.4798789e-01  1.1978461e+00
  1.9853749e+00  3.0735035e+00  3.1411765e+00  3.3870564e+00  2.8438380e+00
  5.4196918e-01  1.2146472e+00  1.9159811e+00  1.9434313e+00  1.8142309e+00
  9.4374716e-01 -4.6519202e-01 -2.1406968e+00 -3.0435696e+00 -3.1088195e+00
 -3.1843548e+00 -3.0989881e+00 -2.7707257e+00 -8.3304000e-01  3.3593364e+00
  4.9431238e+00  3.4824564e+00  6.7206961e-01  2.7944136e-01 -2.8606138e-01
 -5.4236156e-01 -7.2800279e-01 -4.7526482e-01 -5.1958799e-01 -2.9821610e-01
  5.2053481e-01  1.0552284e+00  5.5799641e-02 -2.9650789e-01 -3.0398506e-01
 -7.4554555e-04  5.8654797e-01  6.6406679e-01  8.5773242e-01  1.2387096e+00
  1.8997129e+00  1.9741321e+00  1.0231308e+00  7.4995920e-02 -1.3221469e+00
 -2.0259287e+00 -1.2185532e+00 -8.8331401e-02  8.2364041e-01  1.1482741e+00
  7.8894722e-01  2.4978492e+00  2.6693137e+00  2.3668811e+00  1.6336728e+00
  2.9959741e-01  2.6884332e-01  1.1016072e+00  1.6392312e+00  1.6460496e+00
  1.4139936e+00  8.1579602e-01  1.7883468e+00  2.6702280e+00  2.7045362e+00
  2.0482633e+00 -8.6180754e-02 -4.6918443e-01 -4.9705923e-01  3.5913131e-01
  1.6857864e+00  2.1979477e+00  1.6776216e+00  8.4076923e-01  1.0797624e-01
 -1.7861256e-01  2.9359475e-01  1.2901715e+00  2.4043572e+00  2.5226820e+00
  3.6937799e+00  2.3844097e+00  1.8391321e+00  2.4233725e+00  2.8446877e+00
  2.3342650e+00  8.4466439e-01 -4.6324444e-01 -5.6197441e-01  1.8923797e-01
  1.0936080e+00  2.5852537e+00  3.4609284e+00  4.4476919e+00  3.3286679e+00
  2.5540164e+00  2.7797651e+00  2.7684648e+00  9.5461923e-01 -1.8477468e-01
 -6.5531158e-01 -4.1474879e-01 -2.5438103e-01 -1.6942968e-03  1.0345320e+00
  3.1737061e+00  5.1478562e+00  5.3826122e+00  3.4296515e+00  2.9001707e-01
 -9.5992559e-01 -1.8038195e+00 -2.2600441e+00 -1.5464952e+00 -1.0817207e+00
 -3.9035520e-01 -2.0517156e-01 -4.7292122e-01 -4.2015961e-01  8.7269759e-01
  2.0242836e+00  7.5259799e-01  1.5541849e-01 -1.3172760e-02  1.9110780e-02
  2.2269347e-01  1.9229111e-01  7.2519116e-02  2.5366104e-01  2.8644372e-03
  8.6586118e-02  4.4590321e-01  9.1983235e-01  1.7193743e+00
 -2.7983410e+00 -8.2095122e-01  9.0454322e-01 -3.6936000e-01  5.7508564e-01
  1.4809860e+00  2.4864659e+00  2.5849655e+00  2.7334261e+00  2.1792672e+00
  1.4656283e-02  6.7772877e-01  1.5556427e+00  1.5558552e+00  1.5447600e+00
  9.9555832e-01 -1.5632820e-01 -1.5902028e+00 -2.3897269e+00 -2.3034024e+00
 -2.1168828e+00 -1.8860940e+00 -1.6586748e+00 -5.5836719e-01  2.3620536e+00
  3.5574443e+00  2.6838396e+00  8.7870598e-01  6.1895156e-01 -1.5258816e-01
 -3.4108740e-01 -4.4212317e-01 -2.8556964e-01 -3.2732317e-01 -2.1332268e-01
  2.0098476e-01  5.9178597e-01 -3.7298161e-01 -4.9920478e-01 -3.6395639e-01
 -2.4220188e-01  2.8611827e-01  3.6409318e-01  5.0674683e-01  7.5395519e-01
  1.2979548e+00  1.4036796e+00  7.7666759e-01 -5.3988481e-03 -1.0697112e+00
 -1.5365341e+00 -9.3392998e-01 -1.4742324e-01  4.7649962e-01  7.5026160e-01
  4.3367040e-01  1.9318428e+00  2.0244672e+00  1.7255160e+00  1.0557719e+00
 -1.3763052e-01 -8.8284604e-02  7.7580363e-01  1.3671793e+00  1.0968480e+00
  8.6190122e-01  3.8855520e-01  1.2175524e+00  1.9223533e+00  1.9666332e+00
  1.6246728e+00  6.6857763e-02 -1.2671821e-01 -1.5200424e-01  4.9501801e-01
  1.4966532e+00  1.8316261e+00  1.3242240e+00  5.1868439e-01 -3.7752840e-01
 -1.1030220e+00 -1.0119276e+00  7.1776435e-02  1.4005908e+00  1.7104248e+00
  3.0497293e+00  1.6864704e+00  1.1208528e+00  1.8068004e+00  2.4680305e+00
  2.1905642e+00  9.2074680e-01 -2.1666457e-01 -2.9866141e-01 -1.0993248e-01
  3.2312915e-01  1.3120812e+00  2.0477197e+00  3.7874162e+00  2.5498765e+00
  1.9367640e+00  2.4400980e+00  2.7432792e+00  1.3438621e+00  4.6626839e-01
 -4.9853880e-02 -1.0205784e-01 -2.2335587e-01 -1.2521663e-01  4.3620479e-01
  1.6462692e+00  2.7474482e+00  2.7615888e+00  1.5760908e+00  4.5109079e-03
 -6.1982638e-01 -1.2074544e+00 -1.6071299e+00 -1.3528620e+00 -1.0459188e+00
 -5.2881479e-01 -2.4952069e-01 -3.3429995e-01 -3.6270720e-01  6.5728080e-01
  1.8986291e+00  6.9669718e-01 -9.7668357e-03 -1.0771704e-01  1.6433604e-01
  4.9128121e-01  4.8786119e-01  4.0575960e-01  6.1258322e-01  3.4395730e-01
  3.1779647e-01  5.2149600e-01  8.8292515e-01  1.6620948e+00
 -2.5570729e+00 -8.9887321e-01  4.4311681e-01 -1.1064924e+00 -1.3518469e-01
  8.9561880e-01  1.6944300e+00  1.7857404e+00  1.8120888e+00  1.3271471e+00
 -3.8766959e-01  2.1252672e-01  1.0677780e+00  9.8214477e-01  9.9958682e-01
  7.3172158e-01  1.7179163e-02 -9.4103283e-01 -1.5081841e+00 -1.3771728e+00
 -1.0631844e+00 -7.9633802e-01 -6.6457802e-01 -2.5975835e-01  1.2216672e+00
  1.9153583e+00  1.6212312e+00  8.8951677e-01  7.2965884e-01 -4.7739603e-02
 -1.6222031e-01 -2.0977417e-01 -1.2864493e-01 -1.5064883e-01 -1.0445868e-01
 -4.0561557e-02  2.0517336e-01 -6.3797402e-01 -5.8537805e-01 -3.6102960e-01
 -3.4231248e-01  7.9907037e-02  1.5979356e-01  2.5763866e-01  3.7284839e-01
  7.4509925e-01  8.4746522e-01  5.0474876e-01  1.2524473e-02 -6.0566759e-01
 -8.1575644e-01 -4.3434361e-01 -1.4919480e-02  2.8624138e-01  4.3691039e-01
  1.7556588e-01  1.3810500e+00  1.3818709e+00  1.1001600e+00  5.4527038e-01
 -3.9657599e-01 -2.2593169e-01  6.2115836e-01  1.2170520e+00  6.0653883e-01
  4.2506281e-01  1.1685312e-01  6.4166403e-01  1.0923228e+00  1.1574612e+00
  1.0865808e+00  3.6375120e-01  3.4949449e-01  3.4697160e-01  6.8985355e-01
  1.2099924e+00  1.3167000e+00  9.2298961e-01  3.2846975e-01 -3.9780360e-01
 -1.0737720e+00 -1.1379168e+00 -3.2913432e-01  7.1281439e-01  9.9916202e-01
  2.3055913e+00  1.0208700e+00  3.9058200e-01  9.3334317e-01  1.5857389e+00
  1.5072948e+00  6.4980000e-01 -6.0212523e-02  1.6329707e-01  2.8586952e-02
 -1.7409671e-02  3.4445989e-01  7.9003078e-01  2.8912284e+00  1.5891012e+00
  1.0570788e+00  1.6732584e+00  2.2141943e+00  1.3140252e+00  7.5149280e-01
  2.5952041e-01  4.0385880e-02 -2.1485341e-01 -1.4546052e-01  1.9366200e-01
  9.0658081e-01  1.5533352e+00  1.5064883e+00  7.5192118e-01 -1.1896525e-01
 -5.5291319e-01 -9.6827042e-01 -1.2171887e+00 -1.0859507e+00 -8.3783519e-01
 -4.6236601e-01 -1.9883339e-01 -3.5779968e-01 -5.1179397e-01  2.0869993e-01
  1.4268491e+00  4.4980562e-01 -2.2249115e-01 -1.9004291e-01  3.0692878e-01
  7.1230680e-01  6.9262922e-01  6.1280280e-01  7.8206038e-01  4.6010882e-01
  2.8218421e-01  3.5153136e-01  6.6050637e-01  1.3887576e+00
 -1.7951903e+00 -6.3263881e-01  1.6767575e-01 -1.3137013e+00 -5.1059157e-01
  4.3289641e-01  9.3152523e-01  9.7154999e-01  9.3497038e-01  6.2164444e-01
 -4.6492919e-01 -6.4726919e-02  5.4255599e-01  3.9821401e-01  4.1204160e-01
  3.4436628e-01  4.6815481e-02 -4.1387400e-01 -7.2255599e-01 -6.4204562e-01
 -3.8036522e-01 -1.5903072e-01 -8.3355479e-02  1.2664008e-02  5.4392403e-01
  8.4673440e-01  8.3058476e-01  6.4378083e-01  5.5724400e-01  4.7605680e-03
 -4.5642238e-02 -6.3259557e-02 -3.5121996e-02 -4.5349561e-02 -3.3882048e-02
 -1.5962112e-01 -3.4761742e-02 -6.3775802e-01 -5.0171763e-01 -2.7839988e-01
 -2.9514024e-01 -3.7864801e-02  3.3600781e-02  1.0706436e-01  1.3831055e-01
  3.4005168e-01  4.1845322e-01  2.8190482e-01  5.3651523e-02 -2.1271788e-01
 -2.6557490e-01 -7.4739598e-02  8.4672004e-02  1.7050140e-01  2.1916728e-01
  3.2462783e-02  8.4830040e-01  7.9289275e-01  5.6293923e-01  1.6822764e-01
 -4.4278917e-01 -2.1392387e-01  4.6673998e-01  9.4598639e-01  2.2839840e-01
  1.4298083e-01  4.8327842e-03  2.2007628e-01  4.5846361e-01  5.7740402e-01
  6.5711880e-01  5.1696360e-01  5.4101163e-01  5.1175797e-01  5.7916796e-01
  7.0602840e-01  6.8337357e-01  4.8736802e-01  2.0910887e-01 -1.4400324e-01
 -4.6808639e-01 -4.9889162e-01 -1.1531232e-01  3.6892802e-01  4.9528080e-01
  1.5443316e+00  6.0879242e-01  7.0777439e-02  3.5398835e-01  7.4494797e-01
  6.8433124e-01  1.7125812e-01 -1.6660044e-01  3.5736337e-01  2.8527337e-01
  1.0207440e-01  9.3559317e-02  2.2015512e-01  1.8176291e+00  6.5021396e-01
  1.9792368e-01  7.6136041e-01  1.3977072e+00  1.0065960e+00  7.5769198e-01
  3.7749240e-01  1.4664887e-01 -1.3764097e-01 -7.3819444e-02  1.1602476e-01
  4.6695599e-01  7.7574599e-01  7.3190880e-01  3.2991442e-01 -1.2974544e-01
 -4.2735961e-01 -6.7299479e-01 -7.7184361e-01 -6.6764522e-01 -4.9793398e-01
 -2.9058409e-01 -1.3831703e-01 -3.9996359e-01 -5.8095360e-01 -1.3697748e-01
  8.2432801e-01  2.1910536e-01 -2.4321671e-01 -1.4109120e-01  3.4602985e-01
  6.8469840e-01  6.3547915e-01  5.4104763e-01  6.3821882e-01  3.8009879e-01
  1.9714752e-01  2.0196180e-01  4.1273999e-01  9.2252517e-01
 -6.7031282e-01 -2.1245795e-01  4.8175562e-02 -6.5505964e-01 -3.1322089e-01
  1.1956896e-01  2.9162952e-01  2.9602513e-01  2.7607790e-01  1.7786016e-01
 -2.0242944e-01 -6.8265721e-02  1.5304177e-01  6.9493681e-02  7.1375765e-02
  7.3201321e-02  1.4982192e-02 -9.9716760e-02 -1.9117332e-01 -1.7270964e-01
 -7.8031801e-02  9.3290042e-03  3.8813040e-02  5.0523121e-02  1.5646428e-01
  2.2941971e-01  2.5036487e-01  2.3167369e-01  2.0426220e-01  8.0293324e-03
 -4.3625878e-03 -8.4667681e-03 -3.9678123e-03 -7.2736200e-03 -6.2849880e-03
 -9.6398637e-02 -5.9282642e-02 -2.9283300e-01 -2.1483000e-01 -1.1217852e-01
 -1.2430584e-01 -4.2922080e-02 -9.3119042e-03  2.7229391e-02  2.9453039e-02
  8.9653678e-02  1.1972304e-01  8.9864284e-02  2.8772606e-02 -3.9994918e-02
 -4.5527760e-02  9.4382633e-03  4.5880198e-02  5.8130641e-02  6.6400558e-02
 -7.3119598e-03  3.0077207e-01  2.6519832e-01  1.6500491e-01  7.0464956e-03
 -2.1564144e-01 -9.5694840e-02  1.9079784e-01  3.9096361e-01  6.4711444e-02
  4.6556998e-02  6.5987282e-03  5.1994439e-02  1.3396536e-01  2.0814408e-01
  2.6093665e-01  2.5141537e-01  2.5569215e-01  2.3306759e-01  2.1533255e-01
  2.0733373e-01  1.7972387e-01  1.3123116e-01  7.1124479e-02 -4.2319437e-03
 -6.5936886e-02 -6.1874278e-02  2.4013476e-02  1.2451212e-01  1.4615101e-01
  5.9911197e-01  2.4991669e-01  3.5640936e-02  1.2166236e-01  2.3395249e-01
  1.7663328e-01 -3.0397499e-02 -1.4803703e-01  1.5509987e-01  1.5332328e-01
  7.1664482e-02  2.5346557e-02  3.0465180e-02  6.4005482e-01  1.0349820e-01
 -1.0023120e-01  1.7111953e-01  5.1628679e-01  4.4403839e-01  3.9011040e-01
  2.2649471e-01  1.1749140e-01 -4.1081041e-02 -1.1539908e-02  4.9998239e-02
  1.4786245e-01  2.3038559e-01  2.1554208e-01  9.8289721e-02 -4.5417599e-02
 -1.5698412e-01 -2.4223068e-01 -2.6560837e-01 -2.1954204e-01 -1.5585624e-01
 -9.2633761e-02 -4.8600722e-02 -1.7539307e-01 -2.4839281e-01 -9.6361920e-02
  2.7963722e-01  6.8472721e-02 -9.4331883e-02 -3.6528122e-02  1.6958807e-01
  3.0061260e-01  2.6646516e-01  2.1394476e-01  2.4440509e-01  1.5011640e-01
  8.1857882e-02  7.8718685e-02  1.5281317e-01  3.3979142e-01
 -7.2948598e-05  5.4875159e-06  2.8223424e-06  1.6209828e-04  1.6357824e-04
 -1.6862040e-06  6.9697438e-05  3.3928704e-06 -5.8413960e-05 -1.3865328e-05
  7.0935121e-06 -2.1133188e-05  1.2261816e-06 -2.0812320e-05 -1.7706780e-05
  1.6311960e-05 -1.3722084e-05  5.6109599e-05 -2.6075591e-05  3.1301172e-06
  5.5601640e-04  1.6743816e-04 -4.8130562e-07 -1.8443448e-05  1.8967969e-04
 -5.3413917e-04  2.4271487e-04  7.2775081e-05  1.8145513e-05 -1.6373520e-04
  5.3202239e-05  1.4645088e-04 -1.0740312e-04 -1.0971792e-04 -9.1369438e-05
 -1.9415880e-05  1.1040552e-05  8.8913526e-05 -2.5960968e-05  6.0572523e-07
  2.3171364e-05 -9.4591078e-06  3.0482640e-06  1.1613528e-05  2.1072636e-05
  2.2780116e-05  2.5163712e-05  4.6984322e-05  4.9438440e-05  2.3775481e-04
  3.1479627e-05  8.4467159e-05  6.2708765e-05  8.6063403e-05  1.3407443e-04
  2.7617725e-06  7.6877641e-06 -5.8902478e-06  5.1961320e-06 -6.8217478e-06
  4.7568959e-05  1.2721825e-05  7.8449402e-06  3.2754888e-05 -8.3848317e-05
 -7.3469520e-05  2.0319552e-05 -6.0705002e-05  5.3349479e-05 -7.5507480e-05
 -1.9979063e-05  1.9417536e-04  1.8166464e-04  1.3221324e-04  1.4616035e-04
 -2.9860523e-06  2.7668950e-04  9.6410164e-05  2.1118465e-06  9.3294359e-05
  1.0310076e-04  7.9829281e-04  3.8726281e-04  1.1975975e-04  1.0445616e-04
 -4.7619720e-05  2.6625636e-05 -6.9412686e-06 -8.4866761e-06  4.8176280e-05
 -2.3377643e-06 -1.7700229e-05  4.3337161e-05 -2.3901515e-05  1.2042432e-05
 -1.5049439e-04 -3.1501547e-04  1.0562508e-05 -7.5404523e-06  1.0136881e-05
  2.7097129e-05 -2.7591515e-05  1.3204115e-04 -2.1135491e-04  4.9983479e-05
  1.0366056e-05  9.0635760e-05  7.8789963e-05  7.7689794e-05  1.0336572e-04
  9.5409723e-06 -1.2261169e-04 -5.8725724e-05  4.0442758e-04  9.8618402e-05
 -1.2667140e-04 -1.9252189e-05 -9.2122202e-05 -8.5024076e-05 -5.9891401e-05
  5.3696517e-06 -4.1470921e-05  2.0601145e-05 -5.2648920e-05  1.5781536e-06
 -1.5434496e-05  4.3088403e-06  9.4951076e-07  2.9795040e-06 -1.0251468e-05
 -4.2751079e-05 -3.4840545e-05 -1.8204444e-05 -1.5028487e-05 -2.8141594e-05
  4.2629758e-06  4.6984320e-07  1.5159455e-06  1.0968516e-05
  0.0000000e+00  0.0000000e+00  0.0000000e+00  0.0000000e+00  0.0000000e+00
  0.0000000e+00  0.0000000e+00  0.0000000e+00  0.0000000e+00  0.0000000e+00
  0.0000000e+00  0.0000000e+00  0.0000000e+00  0.0000000e+00  0.0000000e+00
  0.0000000e+00  0.0000000e+00  0.0000000e+00  0.0000000e+00  0.0000000e+00
  0.0000000e+00  0.0000000e+00  0.0000000e+00  0.0000000e+00  0.0000000e+00
  0.0000000e+00  0.0000000e+00  0.0000000e+00  0.0000000e+00  0.0000000e+00
  0.0000000e+00  0.0000000e+00  0.0000000e+00  0.0000000e+00  0.0000000e+00
  0.0000000e+00  0.0000000e+00  0.0000000e+00  0.0000000e+00  0.0000000e+00
  0.0000000e+00  0.0000000e+00  0.0000000e+00  0.0000000e+00  0.0000000e+00
  0.0000000e+00  0.0000000e+00  0.0000000e+00  0.0000000e+00  0.0000000e+00
  0.0000000e+00  0.0000000e+00  0.0000000e+00  0.0000000e+00  0.0000000e+00
  0.0000000e+00  0.0000000e+00  0.0000000e+00  0.0000000e+00  0.0000000e+00
  0.0000000e+00  0.0000000e+00  0.0000000e+00  0.0000000e+00  0.0000000e+00
  0.0000000e+00  0.0000000e+00  0.0000000e+00  0.0000000e+00  0.0000000e+00
  0.0000000e+00  0.0000000e+00  0.0000000e+00  0.0000000e+00  0.0000000e+00
  0.0000000e+00  0.0000000e+00  0.0000000e+00  0.0000000e+00  0.0000000e+00
  0.0000000e+00  0.0000000e+00  0.0000000e+00  0.0000000e+00  0.0000000e+00
  0.0000000e+00  0.0000000e+00  0.0000000e+00  0.0000000e+00  0.0000000e+00
  0.0000000e+00  0.0000000e+00  0.0000000e+00  0.0000000e+00  0.0000000e+00
  0.0000000e+00  0.0000000e+00  0.0000000e+00  0.0000000e+00  0.0000000e+00
  0.0000000e+00  0.0000000e+00  0.0000000e+00  0.0000000e+00  0.0000000e+00
  0.0000000e+00  0.0000000e+00  0.0000000e+00  0.0000000e+00  0.0000000e+00
  0.0000000e+00  0.0000000e+00  0.0000000e+00  0.0000000e+00  0.0000000e+00
  0.0000000e+00  0.0000000e+00  0.0000000e+00  0.0000000e+00  0.0000000e+00
  0.0000000e+00  0.0000000e+00  0.0000000e+00  0.0000000e+00  0.0000000e+00
  0.0000000e+00  0.0000000e+00  0.0000000e+00  0.0000000e+00  0.0000000e+00
  0.0000000e+00  0.0000000e+00  0.0000000e+00  0.0000000e+00  0.0000000e+00
  0.0000000e+00  0.0000000e+00  0.0000000e+00  0.0000000e+00
  0.0000000e+00  0.0000000e+00  0.0000000e+00  0.0000000e+00  0.0000000e+00
  0.0000000e+00  0.0000000e+00  0.0000000e+00  0.0000000e+00  0.0000000e+00
  0.0000000e+00  0.0000000e+00  0.0000000e+00  0.0000000e+00  0.0000000e+00
  0.0000000e+00  0.0000000e+00  0.0000000e+00  0.0000000e+00  0.0000000e+00
  0.0000000e+00  0.0000000e+00  0.0000000e+00  0.0000000e+00  0.0000000e+00
  0.0000000e+00  0.0000000e+00  0.0000000e+00  0.0000000e+00  0.0000000e+00
  0.0000000e+00  0.0000000e+00  0.0000000e+00  0.0000000e+00  0.0000000e+00
  0.0000000e+00  0.0000000e+00  0.0000000e+00  0.0000000e+00  0.0000000e+00
  0.0000000e+00  0.0000000e+00  0.0000000e+00  0.0000000e+00  0.0000000e+00
  0.0000000e+00  0.0000000e+00  0.0000000e+00  0.0000000e+00  0.0000000e+00
  0.0000000e+00  0.0000000e+00  0.0000000e+00  0.0000000e+00  0.0000000e+00
  0.0000000e+00  0.0000000e+00  0.0000000e+00  0.0000000e+00  0.0000000e+00
  0.0000000e+00  0.0000000e+00  0.0000000e+00  0.0000000e+00  0.0000000e+00
  0.0000000e+00  0.0000000e+00  0.0000000e+00  0.0000000e+00  0.0000000e+00
  0.0000000e+00  0.0000000e+00  0.0000000e+00  0.0000000e+00  0.0000000e+00
  0.0000000e+00  0.0000000e+00  0.0000000e+00  0.0000000e+00  0.0000000e+00
  0.0000000e+00  0.0000000e+00  0.0000000e+00  0.0000000e+00  0.0000000e+00
  0.0000000e+00  0.0000000e+00  0.0000000e+00  0.0000000e+00  0.0000000e+00
  0.0000000e+00  0.0000000e+00  0.0000000e+00  0.0000000e+00  0.0000000e+00
  0.0000000e+00  0.0000000e+00  0.0000000e+00  0.0000000e+00  0.0000000e+00
  0.0000000e+00  0.0000000e+00  0.0000000e+00  0.0000000e+00  0.0000000e+00
  0.0000000e+00  0.0000000e+00  0.0000000e+00  0.0000000e+00  0.0000000e+00
  0.0000000e+00  0.0000000e+00  0.0000000e+00  0.0000000e+00  0.0000000e+00
  0.0000000e+00  0.0000000e+00  0.0000000e+00  0.0000000e+00  0.0000000e+00
  0.0000000e+00  0.0000000e+00  0.0000000e+00  0.0000000e+00  0.0000000e+00
  0.0000000e+00  0.0000000e+00  0.0000000e+00  0.0000000e+00  0.0000000e+00
  0.0000000e+00  0.0000000e+00  0.0000000e+00  0.0000000e+00  0.0000000e+00
  0.0000000e+00  0.0000000e+00  0.0000000e+00  0.0000000e+00
  0.0000000e+00  0.0000000e+00  0.0000000e+00  0.0000000e+00  0.0000000e+00
  0.0000000e+00  0.0000000e+00  0.0000000e+00  0.0000000e+00  0.0000000e+00
  0.0000000e+00  0.0000000e+00  0.0000000e+00  0.0000000e+00  0.0000000e+00
  0.0000000e+00  0.0000000e+00  0.0000000e+00  0.0000000e+00  0.0000000e+00
  0.0000000e+00  0.0000000e+00  0.0000000e+00  0.0000000e+00  0.0000000e+00
  0.0000000e+00  0.0000000e+00  0.0000000e+00  0.0000000e+00  0.0000000e+00
  0.0000000e+00  0.0000000e+00  0.0000000e+00  0.0000000e+00  0.0000000e+00
  0.0000000e+00  0.0000000e+00  0.0000000e+00  0.0000000e+00  0.0000000e+00
  0.0000000e+00  0.0000000e+00  0.0000000e+00  0.0000000e+00  0.0000000e+00
  0.0000000e+00  0.0000000e+00  0.0000000e+00  0.0000000e+00  0.0000000e+00
  0.0000000e+00  0.0000000e+00  0.0000000e+00  0.0000000e+00  0.0000000e+00
  0.0000000e+00  0.0000000e+00  0.0000000e+00  0.0000000e+00  0.0000000e+00
  0.0000000e+00  0.0000000e+00  0.0000000e+00  0.0000000e+00  0.0000000e+00
  0.0000000e+00  0.0000000e+00  0.0000000e+00  0.0000000e+00  0.0000000e+00
  0.0000000e+00  0.0000000e+00  0.0000000e+00  0.0000000e+00  0.0000000e+00
  0.0000000e+00  0.0000000e+00  0.0000000e+00  0.0000000e+00  0.0000000e+00
  0.0000000e+00  0.0000000e+00  0.0000000e+00  0.0000000e+00  0.0000000e+00
  0.0000000e+00  0.0000000e+00  0.0000000e+00  0.0000000e+00  0.0000000e+00
  0.0000000e+00  0.0000000e+00  0.0000000e+00  0.0000000e+00  0.0000000e+00
  0.0000000e+00  0.0000000e+00  0.0000000e+00  0.0000000e+00  0.0000000e+00
  0.0000000e+00  0.0000000e+00  0.0000000e+00  0.0000000e+00  0.0000000e+00
  0.0000000e+00  0.0000000e+00  0.0000000e+00  0.0000000e+00  0.0000000e+00
  0.0000000e+00  0.0000000e+00  0.0000000e+00  0.0000000e+00  0.0000000e+00
  0.0000000e+00  0.0000000e+00  0.0000000e+00  0.0000000e+00  0.0000000e+00
  0.0000000e+00  0.0000000e+00  0.0000000e+00  0.0000000e+00  0.0000000e+00
  0.0000000e+00  0.0000000e+00  0.0000000e+00  0.0000000e+00  0.0000000e+00
  0.0000000e+00  0.0000000e+00  0.0000000e+00  0.0000000e+00  0.0000000e+00
  0.0000000e+00  0.0000000e+00  0.0000000e+00  0.0000000e+00
  0.0000000e+00  0.0000000e+00  0.0000000e+00  0.0000000e+00  0.0000000e+00
  0.0000000e+00  0.0000000e+00  0.0000000e+00  0.0000000e+00  0.0000000e+00
  0.0000000e+00  0.0000000e+00  0.0000000e+00  0.0000000e+00  0.0000000e+00
  0.0000000e+00  0.0000000e+00  0.0000000e+00  0.0000000e+00  0.0000000e+00
  0.0000000e+00  0.0000000e+00  0.0000000e+00  0.0000000e+00  0.0000000e+00
  0.0000000e+00  0.0000000e+00  0.0000000e+00  0.0000000e+00  0.0000000e+00
  0.0000000e+00  0.0000000e+00  0.0000000e+00  0.0000000e+00  0.0000000e+00
  0.0000000e+00  0.0000000e+00  0.0000000e+00  0.0000000e+00  0.0000000e+00
  0.0000000e+00  0.0000000e+00  0.0000000e+00  0.0000000e+00  0.0000000e+00
  0.0000000e+00  0.0000000e+00  0.0000000e+00  0.0000000e+00  0.0000000e+00
  0.0000000e+00  0.0000000e+00  0.0000000e+00  0.0000000e+00  0.0000000e+00
  0.0000000e+00  0.0000000e+00  0.0000000e+00  0.0000000e+00  0.0000000e+00
  0.0000000e+00  0.0000000e+00  0.0000000e+00  0.0000000e+00  0.0000000e+00
  0.0000000e+00  0.0000000e+00  0.0000000e+00  0.0000000e+00  0.0000000e+00
  0.0000000e+00  0.0000000e+00  0.0000000e+00  0.0000000e+00  0.0000000e+00
  0.0000000e+00  0.0000000e+00  0.0000000e+00  0.0000000e+00  0.0000000e+00
  0.0000000e+00  0.0000000e+00  0.0000000e+00  0.0000000e+00  0.0000000e+00
  0.0000000e+00  0.0000000e+00  0.0000000e+00  0.0000000e+00  0.0000000e+00
  0.0000000e+00  0.0000000e+00  0.0000000e+00  0.0000000e+00  0.0000000e+00
  0.0000000e+00  0.0000000e+00  0.0000000e+00  0.0000000e+00  0.0000000e+00
  0.0000000e+00  0.0000000e+00  0.0000000e+00  0.0000000e+00  0.0000000e+00
  0.0000000e+00  0.0000000e+00  0.0000000e+00  0.0000000e+00  0.0000000e+00
  0.0000000e+00  0.0000000e+00  0.0000000e+00  0.0000000e+00  0.0000000e+00
  0.0000000e+00  0.0000000e+00  0.0000000e+00  0.0000000e+00  0.0000000e+00
  0.0000000e+00  0.0000000e+00  0.0000000e+00  0.0000000e+00  0.0000000e+00
  0.0000000e+00  0.0000000e+00  0.0000000e+00  0.0000000e+00  0.0000000e+00
  0.0000000e+00  0.0000000e+00  0.0000000e+00  0.0000000e+00  0.0000000e+00
  0.0000000e+00  0.0000000e+00  0.0000000e+00  0.0000000e+00
  0.0000000e+00  0.0000000e+00  0.0000000e+00  0.0000000e+00  0.0000000e+00
  0.0000000e+00  0.0000000e+00  0.0000000e+00  0.0000000e+00  0.0000000e+00
  0.0000000e+00  0.0000000e+00  0.0000000e+00  0.0000000e+00  0.0000000e+00
  0.0000000e+00  0.0000000e+00  0.0000000e+00  0.0000000e+00  0.0000000e+00
  0.0000000e+00  0.0000000e+00  0.0000000e+00  0.0000000e+00  0.0000000e+00
  0.0000000e+00  0.0000000e+00  0.0000000e+00  0.0000000e+00  0.0000000e+00
  0.0000000e+00  0.0000000e+00  0.0000000e+00  0.0000000e+00  0.0000000e+00
  0.0000000e+00  0.0000000e+00  0.0000000e+00  0.0000000e+00  0.0000000e+00
  0.0000000e+00  0.0000000e+00  0.0000000e+00  0.0000000e+00  0.0000000e+00
  0.0000000e+00  0.0000000e+00  0.0000000e+00  0.0000000e+00  0.0000000e+00
  0.0000000e+00  0.0000000e+00  0.0000000e+00  0.0000000e+00  0.0000000e+00
  0.0000000e+00  0.0000000e+00  0.0000000e+00  0.0000000e+00  0.0000000e+00
  0.0000000e+00  0.0000000e+00  0.0000000e+00  0.0000000e+00  0.0000000e+00
  0.0000000e+00  0.0000000e+00  0.0000000e+00  0.0000000e+00  0.0000000e+00
  0.0000000e+00  0.0000000e+00  0.0000000e+00  0.0000000e+00  0.0000000e+00
  0.0000000e+00  0.0000000e+00  0.0000000e+00  0.0000000e+00  0.0000000e+00
  0.0000000e+00  0.0000000e+00  0.0000000e+00  0.0000000e+00  0.0000000e+00
  0.0000000e+00  0.0000000e+00  0.0000000e+00  0.0000000e+00  0.0000000e+00
  0.0000000e+00  0.0000000e+00  0.0000000e+00  0.0000000e+00  0.0000000e+00
  0.0000000e+00  0.0000000e+00  0.0000000e+00  0.0000000e+00  0.0000000e+00
  0.0000000e+00  0.0000000e+00  0.0000000e+00  0.0000000e+00  0.0000000e+00
  0.0000000e+00  0.0000000e+00  0.0000000e+00  0.0000000e+00  0.0000000e+00
  0.0000000e+00  0.0000000e+00  0.0000000e+00  0.0000000e+00  0.0000000e+00
  0.0000000e+00  0.0000000e+00  0.0000000e+00  0.0000000e+00  0.0000000e+00
  0.0000000e+00  0.0000000e+00  0.0000000e+00  0.0000000e+00  0.0000000e+00
  0.0000000e+00  0.0000000e+00  0.0000000e+00  0.0000000e+00  0.0000000e+00
  0.0000000e+00  0.0000000e+00  0.0000000e+00  0.0000000e+00  0.0000000e+00
  0.0000000e+00  0.0000000e+00  0.0000000e+00  0.0000000e+00
