  1.5403497e-03  3.3830944e-03  5.0288462e-03  7.6679462e-06 -2.8523647e-03
 -2.6464828e-03 -7.2254491e-04 -2.4408328e-04 -5.3722953e-04 -4.3049443e-04
  1.3430595e-03  3.8974802e-03  5.0023687e-03  2.5557890e-03  7.7206397e-04
  1.0470614e-03  1.6034516e-03  9.6099400e-05 -8.1390186e-05 -2.0293730e-04
 -2.7654779e-03 -3.9652437e-03 -3.3510439e-03 -1.6155827e-03  2.5453800e-03
  4.4350135e-03  1.9502167e-03  7.9587894e-04  3.4988031e-04 -6.0741068e-04
  1.4679246e-03  7.8790827e-04  7.8976696e-04  1.6373553e-04  1.6547702e-04
  1.6393384e-04  1.3649114e-04  8.0764810e-05  1.5230216e-03  2.5508958e-03
  1.2139715e-03  1.2518343e-03  1.4313373e-03  1.4995409e-03  1.4024007e-03
  1.7690606e-03  2.2166818e-03  2.4084204e-03  3.2538357e-03  4.5885206e-03
  4.6115085e-03  4.2569991e-03  3.3840497e-03  2.7013335e-03  2.4861724e-03
  1.8417024e-03  1.1013981e-03  4.5780974e-04 -7.4630771e-05 -2.9356757e-04
 -2.0940386e-04  1.2506224e-04  4.3609241e-04  5.0967542e-04  3.6028732e-04
 -8.1650898e-05 -3.5668563e-04  3.0213609e-05 -2.8789285e-05 -6.0073851e-04
 -9.8996831e-04 -1.3414308e-03 -1.6835489e-03 -1.6328240e-03 -1.1111145e-03
 -3.6272084e-04  4.3670333e-04  9.6759811e-04  8.2608662e-04 -1.4668390e-05
 -1.3715994e-03 -3.6482569e-03 -5.9851496e-03 -6.0267695e-03 -3.7212896e-03
 -1.4185173e-03 -1.3882601e-04  2.0269988e-04  3.4532903e-04  6.5046310e-04
  5.3770436e-06 -1.4944017e-03 -6.7594572e-04  1.2924490e-03  3.0613298e-04
 -1.3717037e-03 -9.1385341e-04 -6.1392644e-04 -1.4945032e-03 -3.3539247e-05
  1.6493851e-03  3.0310457e-03  8.2653674e-04  4.3149185e-04  6.1076193e-05
 -2.3575214e-05 -2.8811721e-04 -1.4636976e-03 -1.0899748e-03  9.9217729e-04
  4.9165240e-03  6.9136871e-03  4.3241978e-03 -1.6921046e-04 -4.6337885e-04
 -2.3186526e-03 -7.4016112e-03 -9.2864092e-03  2.4865055e-03  3.1276601e-03
  1.2345596e-04  8.0571254e-04 -1.6757753e-05 -8.7749475e-04 -8.8107627e-04
 -1.0589289e-03 -1.5978927e-03 -2.3370087e-03 -3.6338093e-03 -4.6891738e-03
 -4.3502124e-03 -2.5998689e-03 -5.7688594e-04  4.3008331e-04  6.7215873e-04
  7.4748177e-04  8.1218057e-04  8.4725954e-04  6.8947813e-04
  1.5403497e-03  3.3830944e-03  5.0288462e-03  7.6679462e-06 -2.8523647e-03
 -2.6464828e-03 -7.2254491e-04 -2.4408328e-04 -5.3722953e-04 -4.3049443e-04
  1.3430595e-03  3.8974802e-03  5.0023687e-03  2.5557890e-03  7.7206397e-04
  1.0470614e-03  1.6034516e-03  9.6099400e-05 -8.1390186e-05 -2.0293730e-04
 -2.7654779e-03 -3.9652437e-03 -3.3510439e-03 -1.6155827e-03  2.5453800e-03
  4.4350135e-03  1.9502167e-03  7.9587894e-04  3.4988031e-04 -6.0741068e-04
  1.4679246e-03  7.8790827e-04  7.8976696e-04  1.6373553e-04  1.6547702e-04
  1.6393384e-04  1.3649114e-04  8.0764810e-05  1.5230216e-03  2.5508958e-03
  1.2139715e-03  1.2518343e-03  1.4313373e-03  1.4995409e-03  1.4024007e-03
  1.7690606e-03  2.2166818e-03  2.4084204e-03  3.2538357e-03  4.5885206e-03
  5.1072636e-03  5.1030372e-03  4.1376855e-03  3.6400773e-03  4.5195846e-03
  2.3616473e-03  1.5597912e-03  7.1640412e-04  1.7467959e-04  2.2002366e-04
  1.1636360e-03  2.8429842e-03  4.4666445e-03  5.5204891e-03  6.1018718e-03
  5.7907323e-03  4.3809009e-03  3.4196032e-03  7.2614802e-04 -1.4624092e-03
 -2.4920644e-03 -3.3474390e-03 -4.0831822e-03 -3.7789918e-03 -2.3536999e-03
  7.8048623e-05  4.7626123e-03  8.1686657e-03  1.0005157e-02  1.5191997e-02
  1.5891636e-02  5.5898740e-03 -4.6619154e-03 -6.3688005e-03 -3.7212896e-03
 -1.4185173e-03 -1.3882601e-04  2.0269988e-04  3.4532903e-04  6.5046310e-04
  5.3770436e-06 -1.4944017e-03 -6.7594572e-04  1.2924490e-03  3.0613298e-04
 -1.3717037e-03 -9.1385341e-04 -6.1392644e-04 -1.1557970e-03 -1.5242376e-03
 -6.0687790e-04  5.5752101e-04  8.2653674e-04  4.3149185e-04  6.1076193e-05
 -2.3575214e-05 -2.8811721e-04 -1.4636976e-03 -1.0899748e-03  9.9217729e-04
  4.9165240e-03  6.9136871e-03  4.3241978e-03 -1.6921046e-04 -4.6337885e-04
 -2.3186526e-03 -7.4016112e-03 -9.2864092e-03  2.4865055e-03  3.1276601e-03
  1.2345596e-04  8.0571254e-04 -1.6757753e-05 -8.7749475e-04 -8.8107627e-04
 -1.0589289e-03 -1.5978927e-03 -2.3370087e-03 -3.6338093e-03 -4.6891738e-03
 -4.3502124e-03 -2.5998689e-03 -5.7688594e-04  4.3008331e-04  6.7215873e-04
  7.4748177e-04  8.1218057e-04  8.4725954e-04  6.8947813e-04
  3.1841031e-04  5.0591589e-03  9.1611892e-03 -6.7509164e-04 -2.3674525e-03
 -8.9870830e-04  5.9914170e-03  8.4278071e-03  5.1849578e-03  4.3773549e-03
  5.3193416e-03  9.1609294e-03  1.0965905e-02  5.2033281e-03  1.6248043e-03
  2.4364609e-03  1.4193060e-03 -2.5283272e-04  1.3447604e-04  1.2048037e-03
 -5.8941804e-03 -1.0325806e-02 -8.4266197e-03 -3.7352729e-03  6.8382369e-03
  1.1136812e-02  4.5376220e-03  1.2337243e-03 -1.1169267e-04 -2.6512023e-03
  3.2364931e-03  1.9253030e-03  2.0951824e-03 -8.6600927e-04 -9.9757558e-04
 -1.0092289e-03 -9.5508480e-04 -9.8710484e-04  2.1988903e-03  3.5857768e-03
  9.3460520e-04  9.2369865e-04  1.0702190e-03  1.8709592e-03  5.1446850e-03
  9.5419735e-03  1.0992310e-02  1.0253238e-02  9.3894079e-03  8.5505648e-03
  6.4383871e-03  5.6394557e-03  3.7648338e-03  3.4273770e-03  6.2400051e-03
  1.7004573e-03  1.4668535e-03  4.7741068e-04  9.1072659e-05  4.8189540e-04
  1.6838674e-03  4.6880599e-03  9.0780808e-03  1.3043658e-02  1.6463161e-02
  1.7904418e-02  1.4007547e-02  1.1319038e-02  3.7344776e-03 -3.0360979e-03
 -6.0031875e-03 -7.4539138e-03 -8.0399718e-03 -7.3811999e-03 -6.0424325e-03
 -5.0100842e-03 -1.4559384e-03  4.8886286e-03  1.3332821e-02  2.9533802e-02
  3.0325510e-02  9.1426307e-03 -1.2631923e-03  4.6140861e-04  2.7890454e-04
 -5.3007680e-04  1.7150494e-04 -2.9284519e-04 -6.0436624e-04  8.8931760e-04
  2.2518157e-03  9.6365338e-04 -1.2358234e-04  1.1546998e-03  4.3441314e-04
 -7.0775735e-05  1.2989604e-03 -1.4422684e-04 -5.9334696e-03 -1.2247200e-02
 -1.0943032e-02 -5.5127013e-03 -1.2107042e-03  7.3825021e-04  1.4382135e-04
 -2.0804456e-04 -6.5752456e-04 -3.8111873e-03 -7.7958438e-03 -9.9160550e-03
 -5.7810629e-03 -1.5457636e-03 -4.5285886e-03  1.9682832e-03  1.2515041e-02
  1.5820123e-02  7.9433713e-03  1.0900690e-03  2.4865055e-03  3.1276601e-03
  5.9824716e-03  1.1021943e-02  1.1677545e-02  8.6394055e-03  6.0610920e-03
  5.3229313e-03  4.7119739e-03  4.1583148e-03  3.7519357e-03  2.5411823e-03
  6.6093815e-04 -6.3232140e-04 -1.1389046e-03 -1.4618302e-03 -1.7781372e-03
 -2.0014483e-03 -2.0342371e-03 -1.4261418e-03 -3.5396699e-04
  1.5644961e-04  6.5730461e-03  1.2375780e-02  1.6852717e-03  1.4780870e-03
  4.1874400e-03  1.6003538e-02  2.1119315e-02  1.3511576e-02  1.1906198e-02
  9.7186426e-03  1.3579266e-02  1.6456068e-02  8.2778605e-03  4.5774458e-03
  6.9573340e-03  3.3702683e-03  2.5051652e-04  6.9863733e-04  4.3409616e-03
 -7.0945402e-03 -2.2174781e-02 -2.0032000e-02 -7.7486513e-03  1.1433649e-02
  1.4944596e-02  4.6381452e-03  2.8739197e-04 -9.2463824e-04 -4.4092899e-03
  6.5922132e-03  5.6665847e-03  5.7730717e-03 -7.9095119e-04 -2.5778941e-03
 -4.1724718e-03 -5.0824666e-03 -5.5814344e-03  1.0116147e-03  3.3964126e-03
 -1.0723788e-03 -7.0794695e-04 -1.4614393e-05  2.0825735e-03  7.4958513e-03
  1.2794695e-02  1.3322601e-02  1.1937380e-02  9.9152736e-03  7.4953740e-03
  4.4403994e-03  3.4503799e-03  1.9541252e-03  1.8036442e-03  4.6188338e-03
  3.2797625e-04  3.8765770e-04 -1.1789229e-03 -2.5245489e-03 -1.8885334e-03
 -8.3814963e-04  3.4074290e-03  1.1314683e-02  1.9175436e-02  2.6241027e-02
  2.9894838e-02  2.3121238e-02  2.0370021e-02  7.8674443e-03 -2.9838381e-03
 -7.4817371e-03 -9.4871232e-03 -9.8132305e-03 -7.9736272e-03 -5.3179953e-03
 -4.4429610e-03 -3.0951027e-03  1.7155850e-03  1.1429710e-02  2.9029448e-02
  3.0127907e-02  9.5228497e-03  7.4104127e-04  3.7691775e-03  2.0437771e-03
 -1.2056738e-04  2.3043212e-04 -3.2027054e-04 -5.5994868e-04  9.4260910e-04
  2.9460841e-03  3.2454969e-03  2.3605328e-03  1.6057969e-03 -9.9346144e-05
  1.0923764e-03  1.1502990e-03 -2.5709600e-03 -8.5804155e-03 -1.4412176e-02
 -1.2748659e-02 -6.7002634e-03 -1.0213761e-03  2.0240748e-03  4.4735498e-04
 -1.5187945e-04  4.5532128e-04 -2.7365687e-03 -1.1465163e-02 -2.3434216e-02
 -2.8232530e-02 -2.4805265e-02 -1.7575374e-02  2.6537355e-03  1.1397559e-02
  6.4427308e-03 -1.9107542e-03  1.1433156e-02  1.6778165e-02  1.5787696e-02
  2.1053880e-02  3.0717239e-02  3.5200834e-02  3.0236915e-02  2.0691106e-02
  1.5608191e-02  1.2363243e-02  1.1206876e-02  1.2993656e-02  1.4252444e-02
  1.0721343e-02  2.3961589e-03 -4.2862268e-03 -5.4021459e-03 -4.9514556e-03
 -4.8263078e-03 -5.0410060e-03 -4.2669442e-03 -1.9818619e-03
 -2.6442532e-03  6.0646818e-03  1.5403929e-02  2.0796491e-03  2.9244279e-03
  4.9980255e-03  1.4750182e-02  1.8589582e-02  1.0862008e-02  1.0477431e-02
  8.0284337e-03  1.2720346e-02  1.7964061e-02  1.0775005e-02  9.0377796e-03
  1.2685080e-02  6.8651768e-03  1.4486568e-03  2.2935365e-05  4.5874352e-03
 -5.4106005e-03 -2.5744632e-02 -2.5837716e-02 -1.0464649e-02  1.3930705e-02
  1.5427671e-02  2.6497548e-03 -1.4888573e-03 -1.7843475e-03 -5.4339939e-03
  1.0008530e-02  1.0738743e-02  1.0717303e-02  1.3185511e-03 -3.0034825e-03
 -7.5468519e-03 -1.0715465e-02 -1.2965037e-02 -1.5093124e-03  3.7048012e-03
 -5.1336829e-03 -4.7801719e-03 -2.9135847e-03  2.5765770e-03  1.0269321e-02
  1.5394231e-02  1.4389042e-02  1.2506907e-02  9.1894334e-03  5.3361920e-03
  1.7217519e-03  9.5465058e-04  8.3460000e-05 -3.5348348e-05  2.1268998e-03
 -2.6769987e-03 -4.6826019e-03 -1.0230191e-02 -1.7159179e-02 -1.8201908e-02
 -1.5621220e-02 -3.3445293e-03  1.2595862e-02  2.5943104e-02  3.6643256e-02
  4.2163640e-02  3.1317424e-02  2.9020328e-02  9.1510555e-03 -1.4697922e-03
 -3.8734637e-03 -4.6447315e-03 -3.9355238e-03 -1.2273880e-03  1.5696785e-03
  3.7602161e-03  8.3168745e-03  1.3333864e-02  2.2376869e-02  3.3332814e-02
  2.4406301e-02  5.3733666e-03 -1.3410154e-03  1.5092544e-03  1.5733555e-03
  7.0993463e-04  5.5522070e-04 -6.7355135e-04 -3.1304108e-03 -4.6083527e-03
 -5.5521200e-03 -3.8078146e-03  2.1644803e-03  3.6702172e-03  1.0292005e-03
  2.1473258e-03  3.8690926e-04 -4.8206476e-03 -7.9182694e-03 -9.0062348e-03
 -7.7064089e-03 -4.7465726e-03 -1.9204823e-04  3.1908059e-03  7.7076547e-04
 -6.8617030e-04  6.4942654e-04  6.0211223e-05 -7.1003307e-03 -2.3266580e-02
 -4.4300776e-02 -5.7652693e-02 -3.9312679e-02  1.1475833e-02  1.6595474e-02
  6.9163082e-04  1.3792602e-03  3.4866724e-02  3.7962765e-02  3.6027141e-02
  4.0834427e-02  4.5848873e-02  4.5509402e-02  3.7428018e-02  2.3904551e-02
  1.5977191e-02  1.0980729e-02  9.2982939e-03  1.1807354e-02  1.4832840e-02
  1.1646349e-02  9.1501296e-04 -7.4828658e-03 -7.4025951e-03 -5.4509449e-03
 -4.5095091e-03 -4.8032906e-03 -4.7397111e-03 -2.2567234e-03
  3.5236157e-03  3.2221326e-03  5.6523108e-03  8.4234198e-04  1.3547549e-03
  1.4894799e-03  2.2594302e-03  5.6348089e-04 -3.0212593e-04  1.5080819e-03
  2.4085362e-03  6.0163168e-03  1.1376437e-02  7.9465415e-03  7.8064124e-03
  9.4142351e-03  4.5483345e-03  6.7154784e-04 -1.2655099e-03  3.8241290e-03
 -6.7865425e-03 -5.5877611e-02 -6.0039256e-02 -2.0349465e-02  1.5720960e-02
  1.2748283e-02 -7.6313343e-05 -3.5156249e-03 -2.7133634e-03 -5.7398053e-03
  1.1178142e-02  1.3255894e-02  1.2114931e-02  2.1622074e-03 -2.7778121e-03
 -8.4342184e-03 -1.2626885e-02 -1.5158268e-02 -3.6277291e-03  2.0677496e-03
 -8.1722569e-03 -7.5556966e-03 -5.2948911e-03  6.5145903e-04  9.3833711e-03
  1.7025854e-02  1.7407738e-02  1.5945775e-02  1.1788332e-02  6.6554011e-03
  1.3676850e-03  4.9824495e-04  3.2569337e-04  1.5269589e-04  1.3217635e-03
 -4.5996094e-03 -8.1582721e-03 -1.5684482e-02 -2.5899963e-02 -3.0777173e-02
 -2.9857637e-02 -1.3730457e-02  6.7923758e-03  2.1756124e-02  3.0794542e-02
  3.4728616e-02  2.3677709e-02  2.2637444e-02  5.8975676e-03 -6.5687171e-04
 -1.5656685e-04  8.0043741e-04  2.2636864e-03  3.8065258e-03  3.5012353e-03
  3.3793163e-03  6.7201536e-03  1.2208854e-02  1.9886803e-02  1.8855512e-02
 -4.9863146e-03 -1.8898940e-02 -9.3208337e-03 -2.2421309e-04  2.4284555e-04
  1.5811439e-04  7.0645445e-04 -4.9054931e-04 -5.2007805e-03 -8.9422641e-03
 -9.9051837e-03 -5.4048672e-03  3.0218093e-03  3.5329387e-03  6.2956655e-04
  9.2510297e-04 -9.2034746e-04 -6.9358801e-03 -1.4061297e-02 -2.0187909e-02
 -1.7662374e-02 -8.6736865e-03  3.7611282e-04  6.0107871e-03  4.8178541e-03
  1.8566709e-03 -8.6373510e-04 -6.6173291e-03 -1.5128011e-02 -3.2976698e-02
 -5.6151498e-02 -7.3305324e-02 -5.1834527e-02  1.9364497e-02  3.5090376e-02
  2.7681706e-02  3.7664842e-02  5.8804709e-02  4.7320675e-02  4.7188941e-02
  5.2511726e-02  5.3100187e-02  4.7156226e-02  3.5053901e-02  1.8850012e-02
  1.0972318e-02  7.5069410e-03  6.6373209e-03  7.9867421e-03  9.1215391e-03
  6.1354712e-03 -2.3740826e-03 -9.8029962e-03 -9.4189830e-03 -6.5126219e-03
 -4.8580691e-03 -4.5587425e-03 -3.5539290e-03 -2.1015809e-04
 -1.8167309e-02 -7.0329723e-03  2.7150423e-03 -4.1754832e-03 -2.0533893e-05
  2.8191705e-03  7.2151567e-03 -1.6941312e-03 -4.3062037e-03 -3.5592851e-03
 -3.8550067e-04 -5.6317972e-04  3.4938959e-04  8.1516558e-04 -4.5759839e-04
 -3.3385362e-03 -1.8938315e-03  8.8160305e-04 -8.4716553e-04  3.3333681e-03
 -6.7981235e-03 -6.0919553e-02 -6.8911344e-02 -2.3939295e-02  1.1918619e-02
  6.4575253e-03 -1.4710950e-03 -2.7037074e-03 -1.5514963e-03 -3.0648478e-03
  7.1312371e-03  1.0371769e-02  9.0006329e-03  1.4858174e-03 -2.2367171e-03
 -7.4593425e-03 -1.2606879e-02 -1.6462002e-02 -5.3030849e-03  7.3794619e-04
 -1.2747820e-02 -1.3921630e-02 -1.1924540e-02 -5.0865337e-03  4.1587194e-03
  1.3827288e-02  1.4816772e-02  1.3774726e-02  8.8867480e-03  3.9799660e-03
  3.2132873e-04  6.8732406e-05  7.5166830e-04  6.6947623e-04  3.1469137e-04
 -3.7122706e-03 -7.5482116e-03 -1.1776403e-02 -1.5092400e-02 -1.8794566e-02
 -2.1199511e-02 -1.3264783e-02 -2.8768583e-04  8.5129561e-03  1.1402885e-02
  1.1548229e-02  6.0965740e-03  6.8763527e-03  4.0085423e-03 -2.1786815e-03
 -3.6393390e-03 -3.1847979e-03 -2.5421088e-03 -2.5000554e-03  1.0589232e-03
  7.8914016e-03  5.2743643e-03  2.7109601e-04 -2.5503747e-03 -1.1883094e-02
 -2.5914297e-02 -2.9556673e-02 -1.9881301e-02 -1.1727300e-02 -1.0186400e-02
 -5.9858882e-03 -8.3988241e-04  4.9544661e-03  4.3353303e-03  8.7561714e-04
 -5.6019047e-04  2.7914050e-03  6.2460843e-03  1.6959262e-03 -2.8698808e-03
 -1.8292239e-03 -4.8940573e-03 -1.4474755e-02 -2.7952990e-02 -4.1401897e-02
 -3.4888580e-02 -1.5896121e-02 -7.8450196e-04  7.9859756e-03  8.7083559e-03
  4.0965145e-03 -3.2983213e-03 -1.6487336e-02 -3.1576838e-02 -5.6603596e-02
 -7.3638275e-02 -7.6292649e-02 -4.8900615e-02  2.3917437e-02  4.1262779e-02
  3.2076705e-02  3.9541692e-02  5.5632092e-02  4.4952206e-02  4.4459146e-02
  4.5748260e-02  4.3469977e-02  3.8828593e-02  2.7977891e-02  1.1785422e-02
  4.7909133e-03  3.4580959e-03  4.7257124e-03  7.1946140e-03  7.8669079e-03
  3.6699418e-03 -4.6639703e-03 -1.1227187e-02 -9.8400265e-03 -6.3068420e-03
 -4.9044657e-03 -4.5055132e-03 -1.5488617e-03  3.2611461e-03
 -6.3845068e-02 -1.8357094e-02  1.4047096e-02 -8.1396410e-03  3.7522978e-04
  2.8539135e-03  2.3951600e-03 -3.8777199e-03 -5.0069285e-03 -4.1646543e-03
  2.9947824e-04 -2.1523491e-03 -6.6387691e-03 -4.6092221e-03 -8.2850549e-03
 -1.2908492e-02 -4.4356366e-03  2.2709535e-03  1.1372733e-03  1.1611185e-03
 -1.2346467e-03 -1.0300402e-02 -9.5371529e-03 -1.8197709e-03  2.4893284e-03
  1.1832066e-03 -9.2822826e-04 -2.3833474e-03 -2.1304756e-03 -3.9671836e-03
  3.4572852e-03  8.8510057e-03  8.7446049e-03  7.6737360e-04 -3.1974646e-03
 -9.3791308e-03 -1.8088989e-02 -2.8359052e-02 -1.0599596e-02  7.9387822e-04
 -2.4876345e-02 -2.7261605e-02 -2.2816656e-02 -1.0538796e-02  5.9014186e-04
  8.1600668e-03  7.7290940e-03  6.8130912e-03  4.2503248e-03  1.8931368e-03
 -3.3440515e-03 -4.1391621e-03 -1.2305959e-02 -1.7778330e-02  5.3012753e-03
 -2.5066564e-02 -1.9267363e-02 -1.8529505e-02 -1.7726941e-02 -1.8149214e-02
 -1.9376224e-02 -1.3202637e-02 -3.8472186e-03  1.8666886e-03  2.5931234e-03
  2.8731525e-03  7.2934438e-04  3.4398991e-03  4.1542174e-03 -3.2609289e-03
 -6.9842604e-03 -6.8975748e-03 -6.2146131e-03 -5.2230451e-03  1.2196274e-03
  8.7785088e-03  4.9262522e-03 -3.1873893e-03 -1.2855741e-02 -2.6316300e-02
 -3.1039046e-02 -3.0566249e-02 -2.9201714e-02 -2.6382891e-02 -2.4140805e-02
 -1.5201986e-02 -4.9573327e-03  9.1957441e-03  1.5690560e-02  1.4368151e-02
  9.2731640e-03  6.6163596e-03  4.2974749e-03 -2.3438416e-03 -8.1049111e-03
 -6.1086901e-03 -1.1643468e-02 -2.7248286e-02 -4.4168610e-02 -6.0015216e-02
 -5.0479542e-02 -2.6348149e-02 -4.8837210e-03  1.1342014e-02  1.2424392e-02
  3.3962100e-03 -6.2948987e-03 -1.8753018e-02 -3.2430217e-02 -6.0840514e-02
 -9.0184085e-02 -1.0508801e-01 -7.0111416e-02  3.1230999e-02  5.7912245e-02
  5.3339481e-02  5.8686011e-02  6.7896552e-02  4.7999177e-02  4.2313181e-02
  3.9067019e-02  3.3358004e-02  2.6062097e-02  1.5520754e-02  1.7582901e-03
 -5.0003566e-03 -5.0554965e-03 -3.1303673e-05  7.5641503e-03  9.8389396e-03
  1.1404594e-03 -1.1662735e-02 -1.7333040e-02 -1.1754371e-02 -6.5210327e-03
 -5.5122953e-03 -5.4829814e-03 -1.1072524e-03  7.2098859e-03
 -3.0318998e-02 -7.8748707e-03  2.4919340e-03  1.1108178e-04  6.6964992e-04
 -7.8590331e-04 -5.6022080e-03 -4.7958354e-03 -2.7260012e-03 -2.3502689e-03
  7.4898009e-04 -7.9703412e-04 -5.2499706e-03 -3.6780778e-03 -6.1316201e-03
 -7.4735000e-03 -1.7493727e-03  8.1411033e-04  1.7183644e-04 -7.2234072e-04
 -3.4617295e-03 -5.4667825e-03 -7.6511386e-03 -4.2788293e-03  1.1487427e-03
  2.5817880e-04 -2.9529314e-03 -5.6536272e-03 -5.3809527e-03 -8.4078433e-03
  6.3043513e-04  7.0979125e-03  8.7364698e-03 -1.7347517e-04 -4.6577174e-03
 -1.1328781e-02 -1.9977134e-02 -3.0848969e-02 -1.1372370e-02  1.6078958e-03
 -3.0185379e-02 -3.2549359e-02 -2.6475975e-02 -1.2653175e-02 -3.0796714e-03
  5.8940216e-04  5.4639601e-04  7.5484003e-04  7.2995818e-04  4.0229323e-04
 -5.8397213e-03 -6.6472222e-03 -1.6448395e-02 -2.1609915e-02  5.3797509e-03
 -2.6024604e-02 -1.8462047e-02 -1.7183501e-02 -1.6772375e-02 -1.5366292e-02
 -1.4336867e-02 -9.2817619e-03 -3.2235368e-03  2.9990383e-04  7.3882058e-04
  1.6998348e-03  3.1743609e-04  3.9032851e-03  3.6625883e-03 -2.5036598e-03
 -6.7243665e-03 -6.7245839e-03 -6.2777437e-03 -2.4766179e-03  7.8506656e-03
  1.2462508e-02  9.8509416e-03  1.0062282e-03 -1.1065603e-02 -2.5335096e-02
 -3.3556040e-02 -3.7091587e-02 -3.7029479e-02 -3.4829520e-02 -3.1558167e-02
 -2.0983670e-02 -9.6827121e-03  8.9206658e-03  2.3329556e-02  2.6575863e-02
  1.6393097e-02  5.7368521e-03 -1.7739533e-03 -9.0796165e-03 -1.4389924e-02
 -1.0700976e-02 -1.6377607e-02 -3.3978891e-02 -4.6463534e-02 -5.4979064e-02
 -4.4183373e-02 -2.5555283e-02 -6.6524916e-03  1.4079334e-02  1.8582489e-02
  5.2641723e-03 -1.4589204e-02 -3.8623609e-02 -5.2410390e-02 -7.4948087e-02
 -9.4607323e-02 -1.0351227e-01 -7.0185401e-02  1.7675404e-02  4.6464834e-02
  5.8431804e-02  8.2051031e-02  1.0165135e-01  6.4112440e-02  5.1710460e-02
  4.7712255e-02  4.0111046e-02  2.7242497e-02  1.1906763e-02 -8.3018485e-03
 -2.0881180e-02 -2.0310234e-02 -9.1955271e-03  4.7081672e-03  7.8425584e-03
 -3.3406063e-03 -1.7165696e-02 -2.1731226e-02 -1.3927219e-02 -7.3918686e-03
 -6.2283082e-03 -6.4383149e-03 -1.6783230e-03  1.0466068e-02
  8.7590091e-04  1.8981890e-03  5.7740272e-03 -7.3947054e-03 -2.8566786e-03
  3.3635078e-03  2.5188453e-02  1.9001577e-02  7.8896359e-03  1.2213356e-03
 -1.9732197e-03 -6.1420148e-04  3.4645668e-03  1.1800970e-03  3.5145103e-03
  1.0568415e-02  1.8077411e-03 -5.3613079e-03 -6.5659820e-03 -2.2980098e-03
 -3.5600234e-03 -7.7055260e-03 -1.6720982e-02 -1.3038011e-02  2.3052911e-03
  6.7050557e-04 -5.5868486e-03 -6.7260172e-03 -6.3910210e-03 -1.0430716e-02
 -7.8893322e-03  2.4564815e-04  4.2780330e-03 -1.9639835e-03 -4.4761561e-03
 -9.2052845e-03 -1.4287142e-02 -1.8490419e-02 -4.5879418e-03  6.1195472e-04
 -8.2335491e-03 -8.3205067e-03 -7.6476354e-03 -4.2849383e-03 -2.0329631e-03
 -3.9214676e-04  5.6859973e-04  1.2034458e-03 -7.6618366e-04 -2.9532791e-03
 -8.5101463e-03 -7.4458071e-03 -1.0680751e-02 -1.0517096e-02 -3.2644760e-04
 -8.0455169e-03 -6.4552953e-03 -6.0867006e-03 -3.5413927e-03  5.1793846e-04
  2.4417448e-03  2.1472825e-03  1.1070627e-03  2.3120805e-04 -4.3969846e-04
 -8.0389297e-04 -1.9634769e-03  1.8421802e-03  3.4559534e-03 -4.5577441e-03
 -1.0031388e-02 -8.3272690e-03 -6.6945022e-03 -2.7522608e-03  9.8209186e-03
  2.3291482e-02  2.3101117e-02  4.0401150e-03 -1.3477365e-02 -2.5872748e-02
 -3.5188820e-02 -4.0839642e-02 -3.6360241e-02 -3.1313948e-02 -2.9387014e-02
 -2.0920843e-02 -1.0484177e-02  6.7348471e-03  1.9250715e-02  2.2549858e-02
  1.4319280e-02  3.2058179e-03 -8.2885874e-03 -1.8541811e-02 -2.2068089e-02
 -1.3979434e-02 -1.7893706e-02 -3.5235722e-02 -4.3133404e-02 -4.4419628e-02
 -3.0946545e-02 -1.8314533e-02 -7.1262866e-03  1.1326250e-02  1.8766917e-02
  6.3110250e-03 -1.4588481e-02 -3.7832044e-02 -5.0929900e-02 -7.1599722e-02
 -8.2150489e-02 -7.9461217e-02 -5.4488465e-02 -2.3263684e-03  1.7102867e-02
  3.0347949e-02  6.4206116e-02  1.0807288e-01  6.9936253e-02  5.4218486e-02
  5.2714542e-02  4.6001446e-02  2.9392948e-02  8.2450863e-03 -1.9151840e-02
 -3.2932397e-02 -2.8088780e-02 -1.4127875e-02 -6.1176653e-04  1.8144436e-03
 -1.0787283e-02 -2.7185023e-02 -3.0400064e-02 -1.7432347e-02 -7.9713399e-03
 -6.9910483e-03 -8.3518066e-03 -3.3909550e-03  8.9929597e-03
 -6.9652656e-03 -4.7768574e-04  2.1807374e-02 -2.4533257e-02 -8.6041996e-03
  8.7376134e-03  5.1233616e-02  3.2100152e-02  1.3934542e-02  7.9974125e-04
 -1.0065841e-02 -4.5022126e-03  1.2689177e-02  2.9682040e-03  7.9857437e-03
  2.5304990e-02  2.6726562e-03 -1.4995699e-02 -1.5648579e-02 -5.1035727e-03
 -3.6815957e-03  2.8422457e-04  1.9234935e-04 -2.7418381e-03  8.9647027e-04
  1.5935934e-03 -6.0467459e-03 -7.5949850e-03 -8.0685047e-03 -1.4741207e-02
 -2.1939829e-02 -1.0358132e-02 -1.5262207e-03 -7.1406760e-03 -5.7768063e-03
 -6.4467983e-03 -7.4737170e-03 -8.3677871e-03 -9.5128041e-04  9.6145424e-04
 -6.3345203e-04  5.4676511e-04 -7.6470707e-05 -1.9933272e-03 -3.9027066e-03
 -2.5010395e-03 -9.5018890e-04 -1.3056833e-04 -3.7441184e-03 -7.4386122e-03
 -1.5098915e-02 -1.2399927e-02 -1.6946089e-02 -1.8037748e-02 -2.0851069e-03
 -1.7087523e-02 -1.3032090e-02 -1.1495114e-02 -9.2138546e-03 -5.7323072e-03
 -3.7813659e-03 -2.7188063e-03 -1.9895055e-03 -1.7746772e-03 -3.0836232e-03
 -3.8651403e-03 -5.0983177e-03 -1.1250436e-04  1.4678811e-03 -7.6013259e-03
 -1.4146260e-02 -1.3986656e-02 -1.4241353e-02 -1.0324867e-02  5.3390577e-03
  2.4458557e-02  3.0064790e-02  8.2617486e-03 -1.5977481e-02 -3.1898648e-02
 -4.6911426e-02 -5.8075979e-02 -4.9956661e-02 -3.9237261e-02 -3.3983670e-02
 -2.1856589e-02 -9.6918335e-03  5.3952690e-03  1.3416509e-02  1.5395388e-02
  9.0958867e-03 -4.7213110e-04 -1.2124400e-02 -2.2461554e-02 -2.6062531e-02
 -1.7356202e-02 -2.0113936e-02 -3.7145868e-02 -4.2989224e-02 -4.2413358e-02
 -2.7601650e-02 -1.7653113e-02 -1.1356200e-02  5.2506514e-03  1.4071041e-02
  4.7540860e-03 -1.1667282e-02 -2.9230086e-02 -3.7874747e-02 -4.8511788e-02
 -4.4242579e-02 -3.0942779e-02 -1.2959348e-02  1.0853743e-03  3.7294535e-03
  1.3837683e-02  4.6676334e-02  9.8809212e-02  5.6763995e-02  3.8399950e-02
  4.2615302e-02  4.4795722e-02  2.9905265e-02  1.0296637e-03 -3.1217396e-02
 -3.8308170e-02 -2.8273351e-02 -1.5926380e-02 -4.7436338e-03 -2.9567098e-03
 -1.8619692e-02 -3.9819203e-02 -4.3741558e-02 -2.4332182e-02 -9.6450010e-03
 -7.5870669e-03 -9.3435915e-03 -4.2859367e-03  6.8414798e-03
 -8.8116882e-04 -5.1556871e-04  1.3250452e-02 -1.7621698e-02 -6.6337599e-03
  6.6512176e-03  3.8311645e-02  2.4780655e-02  1.1913596e-02 -2.4180179e-03
 -1.4787095e-02 -8.1542041e-03  1.3627921e-02  1.2123183e-03  5.7858545e-03
  2.6173420e-02  5.7397329e-04 -2.1839652e-02 -2.3129202e-02 -1.1495302e-02
 -1.5345156e-02 -9.2566311e-03 -6.0903342e-03 -5.4066046e-03  2.1206173e-03
  7.3887128e-03 -9.3679829e-03 -1.1519421e-02 -1.0614740e-02 -1.6695650e-02
 -2.8004672e-02 -1.7517611e-02 -7.4520321e-03 -1.3292911e-02 -9.6187415e-03
 -8.5728886e-03 -9.5099816e-03 -1.4387275e-02 -3.3263615e-03  4.9951454e-03
 -2.3750670e-02 -2.6120292e-02 -2.1809543e-02 -1.6175371e-02 -1.3615096e-02
 -8.0688810e-03 -4.7007408e-03 -3.3066596e-03 -7.9725841e-03 -9.0943966e-03
 -1.2895913e-02 -9.6809454e-03 -1.2407583e-02 -1.3501963e-02 -2.3073612e-03
 -1.6210547e-02 -1.8434396e-02 -2.0506244e-02 -1.9166607e-02 -1.7068703e-02
 -1.5236004e-02 -1.1674071e-02 -7.5896722e-03 -5.2081635e-03 -7.0590293e-03
 -7.7143270e-03 -8.3759520e-03 -3.3354964e-03 -2.1849787e-03 -1.5619047e-02
 -2.4834219e-02 -2.4863461e-02 -2.4581028e-02 -1.9384621e-02 -1.7001965e-03
  1.6873706e-02  1.9244924e-02  5.3821108e-03 -9.7719003e-03 -2.5184834e-02
 -5.1082771e-02 -8.1957363e-02 -7.6880097e-02 -5.6034241e-02 -4.0954147e-02
 -2.2197075e-02 -8.6220065e-03  4.8581413e-03  1.0516488e-02  1.1483389e-02
  4.8302892e-03 -2.9230381e-03 -1.1194804e-02 -2.1338051e-02 -3.1166004e-02
 -2.5458725e-02 -2.4105046e-02 -3.1088267e-02 -2.8506419e-02 -2.5970895e-02
 -1.7043659e-02 -1.4037337e-02 -1.4534630e-02 -2.1895966e-03  7.0666005e-03
  7.0284703e-04 -1.5876725e-02 -3.2347556e-02 -2.8235858e-02 -1.2941556e-02
  1.1614139e-02  2.8465020e-02  3.4487586e-02  1.3357518e-02 -1.5340234e-03
  6.0530431e-03  4.0796641e-02  9.1555431e-02  4.0245384e-02  1.8885912e-02
  2.4472458e-02  3.3375956e-02  2.3073468e-02 -7.1869562e-03 -3.8491871e-02
 -3.7820317e-02 -2.4075663e-02 -1.4016348e-02 -4.6338597e-03 -4.3797866e-03
 -1.7772106e-02 -3.1240700e-02 -3.3103220e-02 -1.9745370e-02 -8.2393391e-03
 -5.6439866e-03 -6.6341655e-03 -2.7031575e-03  7.0634298e-03
 -3.7816993e-03 -1.2505777e-03  9.5292917e-03 -1.7428437e-02 -5.4950546e-03
  4.2145839e-03  3.0836662e-02  2.4630971e-02  9.8713236e-03 -6.7114104e-03
 -1.5048971e-02 -9.0321619e-03  1.0669546e-02 -6.5816881e-04  3.0802793e-03
  2.3106908e-02 -2.4555407e-03 -2.2343863e-02 -2.2764109e-02 -1.5776405e-02
 -2.0552134e-02 -1.1054225e-02 -8.1504835e-03 -8.1478497e-03  2.5908505e-03
  1.0725497e-02 -9.9954000e-03 -1.4619026e-02 -1.6494572e-02 -2.3977945e-02
 -3.2987412e-02 -2.0603811e-02 -1.2958783e-02 -2.0797506e-02 -1.7530207e-02
 -1.6717220e-02 -1.8435700e-02 -2.2719236e-02 -5.2135494e-03  4.2301454e-03
 -2.3545539e-02 -2.4124593e-02 -1.9225959e-02 -1.8120695e-02 -2.3446089e-02
 -1.9185573e-02 -1.3828215e-02 -1.0944827e-02 -1.6461568e-02 -1.2934579e-02
 -1.1952479e-02 -6.2619215e-03 -4.4067125e-03 -3.4959079e-03 -9.7715820e-04
 -8.8176383e-03 -1.9570205e-02 -2.3801915e-02 -1.9175725e-02 -1.5890189e-02
 -1.4291775e-02 -1.1367737e-02 -7.9626394e-03 -5.9023020e-03 -7.9142163e-03
 -8.6071100e-03 -8.7631494e-03 -4.8736166e-03 -3.7668899e-03 -1.5146108e-02
 -2.1910008e-02 -1.9509116e-02 -1.5431869e-02 -1.3218431e-02 -9.7461902e-03
  4.0915785e-03  1.2433062e-02  2.1084715e-03 -5.7783704e-03 -1.3582814e-02
 -3.8632005e-02 -7.6494016e-02 -7.0919774e-02 -4.5686595e-02 -3.1931363e-02
 -1.8289924e-02 -7.2829342e-03  2.6401854e-03  3.0491261e-03  1.5212552e-03
 -1.6949130e-03 -4.7870628e-03 -1.0576217e-02 -2.1575172e-02 -3.3631172e-02
 -2.9166102e-02 -2.5799498e-02 -2.4912970e-02 -1.5431869e-02 -1.0886155e-02
 -6.5553267e-03 -4.7694454e-03 -1.6436089e-03  1.8691493e-03  2.4197407e-03
 -4.8550579e-04 -6.7756125e-03 -2.5230725e-03  2.2683620e-02  5.7657465e-02
  6.7058221e-02  5.4732963e-02  4.3046694e-02  1.2836631e-02  2.4064806e-04
  1.4314199e-02  4.9190287e-02  8.0330804e-02  2.2617754e-02  4.0548663e-03
  5.9819072e-03  1.3152780e-02  7.2374498e-03 -1.3797163e-02 -3.1822361e-02
 -2.3978380e-02 -1.1113086e-02 -5.9928368e-03 -2.3235746e-03 -4.4783419e-03
 -1.4830523e-02 -2.1739045e-02 -2.1396391e-02 -1.3951928e-02 -6.3964059e-03
 -3.5753252e-03 -3.6898761e-03 -7.5885718e-04  7.9187322e-03
 -2.5705257e-03 -1.2107622e-03  7.8157773e-03 -1.7571175e-02 -5.5452869e-03
  3.9082654e-03  4.2034511e-02  3.5560571e-02  1.0172098e-02 -1.4703278e-02
 -2.2557823e-02 -1.3610000e-02  1.0305670e-02 -1.8426434e-03  1.1579584e-03
  1.7478237e-02 -3.4027384e-03 -1.5303030e-02 -1.3648520e-02 -1.1924758e-02
 -7.7148634e-03  2.6121887e-03 -5.1560631e-04 -2.2438827e-03  5.0588400e-04
  7.1295728e-03 -6.8982993e-03 -1.4451001e-02 -2.2230223e-02 -3.6412064e-02
 -4.7734845e-02 -2.8993977e-02 -1.9120283e-02 -2.9396277e-02 -2.5795011e-02
 -2.4114313e-02 -2.4356935e-02 -2.4950173e-02 -7.2391587e-03  2.6964987e-04
 -1.2164644e-02 -8.2388613e-03 -3.5917989e-03 -6.9334768e-03 -1.6739657e-02
 -1.7033815e-02 -1.3773928e-02 -1.1412513e-02 -1.7263988e-02 -1.5862251e-02
 -1.7235035e-02 -1.1005252e-02 -1.1241114e-02 -1.1236553e-02 -3.9026914e-03
 -1.6031912e-02 -2.1173164e-02 -2.1439238e-02 -1.7635018e-02 -1.6169582e-02
 -1.5268286e-02 -1.2622036e-02 -9.3536507e-03 -6.9627045e-03 -8.3599547e-03
 -7.9612201e-03 -6.9756750e-03 -3.9149388e-03 -2.7904203e-03 -5.2909679e-03
 -6.7037670e-03 -5.5511361e-03 -3.4191837e-03 -2.4201749e-03 -9.7657915e-04
  2.0914329e-03  9.0073505e-03  2.0844552e-03 -5.9170676e-03 -6.8064327e-03
 -2.3152217e-02 -5.4139726e-02 -5.1766202e-02 -3.2636795e-02 -2.1409275e-02
 -1.1105124e-02 -4.2131357e-03  9.2368864e-04  8.7426939e-05 -2.5133588e-03
 -5.5281762e-03 -6.5641725e-03 -1.0342831e-02 -1.9418061e-02 -2.7239744e-02
 -2.2892373e-02 -2.3286559e-02 -2.6289519e-02 -1.7317696e-02 -1.0987562e-02
 -4.4557443e-03 -6.4531242e-04  5.1637068e-03  3.4349919e-03 -3.8872747e-04
 -8.2442904e-04  5.1389956e-03  3.1659067e-02  5.2113771e-02  5.9908096e-02
  4.2548418e-02  2.3542933e-02  1.4369570e-02  2.3455062e-04  3.5203150e-03
  2.6199045e-02  6.9768474e-02  1.0210229e-01  1.9210616e-02 -7.4608773e-03
 -9.7934557e-03 -5.7805707e-03 -8.8854888e-03 -2.2797693e-02 -2.9261502e-02
 -1.4793463e-02 -4.3883710e-03 -3.2915752e-03 -2.7430106e-03 -4.5339158e-03
 -1.2191541e-02 -1.8478984e-02 -1.9214379e-02 -1.2734603e-02 -5.4749474e-03
 -2.4631694e-03 -2.2789154e-03 -1.5019583e-05  6.8540596e-03
 -1.4785791e-03 -6.6447037e-04  3.4367144e-03 -9.4457939e-03 -3.6073900e-03
  1.4868596e-03  3.8317148e-02  3.2273870e-02  5.8488119e-03 -2.1429252e-02
 -3.0671636e-02 -2.2986177e-02  7.1935430e-03 -6.6101053e-03 -3.0801923e-03
  1.8992746e-02 -9.9678086e-03 -2.4064081e-02 -1.7083760e-02 -1.4915355e-02
 -1.6422916e-02 -8.8949705e-04  9.0026163e-04  1.1427092e-03  3.3414460e-04
  2.8406680e-03 -4.7284188e-03 -1.1207151e-02 -2.2053612e-02 -4.3892980e-02
 -6.0705595e-02 -3.7536442e-02 -2.4620693e-02 -3.5914660e-02 -2.9399460e-02
 -2.5672685e-02 -2.5946142e-02 -2.8681872e-02 -1.1928594e-02 -2.7629444e-03
 -1.6448105e-02 -1.2389345e-02 -7.5525115e-03 -4.4954815e-03 -3.4176344e-03
 -3.1675424e-03 -3.5332423e-03 -3.7278039e-03 -8.0743823e-03 -1.0871375e-02
 -1.4562712e-02 -1.1847106e-02 -1.6057534e-02 -1.8153558e-02 -6.8305363e-03
 -2.0835288e-02 -1.7568570e-02 -1.5247731e-02 -1.7009497e-02 -1.9260993e-02
 -1.8442068e-02 -1.5330246e-02 -1.1658625e-02 -8.7663634e-03 -9.9064000e-03
 -8.5683558e-03 -6.5324828e-03 -3.9820215e-03 -2.7581963e-03 -3.3612349e-03
 -3.1281379e-03 -2.5706994e-03 -1.4218509e-03  3.7892850e-03  1.0089048e-02
  4.5381286e-03  2.8269009e-05  6.4424990e-04 -5.0389353e-04  3.0912377e-04
 -1.2024238e-02 -3.2092344e-02 -3.1486653e-02 -2.1250613e-02 -1.3863855e-02
 -6.4580180e-03 -1.9517076e-03 -2.0335714e-05 -7.5040305e-05 -1.7399777e-03
 -4.8491512e-03 -5.0520799e-03 -6.7201247e-03 -1.4269074e-02 -2.2706205e-02
 -2.1904798e-02 -2.5637798e-02 -2.9949706e-02 -2.0018823e-02 -1.3120570e-02
 -5.7115760e-03 -3.8316133e-03 -3.9610891e-03 -3.6776725e-03 -2.8782191e-03
 -2.7405499e-03  5.0154841e-04  1.3373485e-02  1.3793225e-02  1.2054362e-04
 -1.3069469e-02 -1.4534630e-02 -1.0429081e-02 -3.8707864e-03  1.3503106e-03
  1.0011802e-02  4.8995581e-02  9.8873064e-02  1.8372294e-02 -1.4809389e-02
 -2.0706305e-02 -1.9778520e-02 -2.1534203e-02 -3.1245336e-02 -3.3272017e-02
 -1.5651764e-02 -5.3146365e-03 -5.8089155e-03 -5.6997351e-03 -5.5350671e-03
 -1.0593112e-02 -1.6245291e-02 -1.7028894e-02 -1.1140547e-02 -4.6314136e-03
 -1.9783152e-03 -2.3634136e-03 -5.2189623e-04  4.9061733e-03
 -3.6941463e-05 -6.6442543e-04  2.6813706e-03 -1.0108344e-02 -4.0247273e-03
  2.6691094e-04  2.9129336e-02  2.3522666e-02  1.1235439e-03 -2.5223196e-02
 -3.3576015e-02 -2.8685344e-02 -2.1993682e-04 -1.1971572e-02 -7.8410245e-03
  1.8683968e-02 -1.6407138e-02 -3.4588199e-02 -2.3885153e-02 -2.0674745e-02
 -3.7789050e-02 -1.7400354e-02 -5.5711130e-03 -2.0277083e-03 -1.1506305e-03
 -6.6595274e-04 -3.8122439e-03 -7.3186038e-03 -1.5780022e-02 -3.4562722e-02
 -4.9591132e-02 -3.0553075e-02 -2.0258987e-02 -2.9381655e-02 -2.4301637e-02
 -2.2468070e-02 -2.4577845e-02 -2.8422749e-02 -1.4298013e-02 -4.8846183e-03
 -1.6008168e-02 -1.2932147e-02 -9.7444104e-03 -5.8411970e-03 -2.0785057e-03
 -7.4698526e-04 -1.2543489e-03 -1.7173946e-03 -4.7568073e-03 -7.0675989e-03
 -9.4417389e-03 -8.3775595e-03 -1.1959498e-02 -1.3682888e-02 -5.9700939e-03
 -1.4913908e-02 -1.2332901e-02 -1.0759966e-02 -1.3161800e-02 -1.5129460e-02
 -1.3846918e-02 -1.1505408e-02 -9.2316456e-03 -7.4686939e-03 -8.7868171e-03
 -7.6806704e-03 -5.9105535e-03 -4.2369207e-03 -2.7568934e-03 -2.5209875e-03
 -2.0688497e-03 -2.0544315e-03 -1.3941476e-03  1.6043928e-03  7.3451677e-04
 -2.8036376e-03  1.2488303e-03  5.1125041e-03  8.0507277e-03  8.4677022e-03
 -7.9905940e-03 -2.1274209e-02 -1.6452013e-02 -1.1381113e-02 -1.1224682e-02
 -9.1808056e-03 -4.4248807e-03 -6.7907688e-04  3.7961898e-05  7.3400728e-04
 -6.2336057e-04 -1.5666095e-03 -2.5895331e-03 -9.3659991e-03 -2.0511018e-02
 -2.3211427e-02 -2.7008701e-02 -2.8658565e-02 -1.8666016e-02 -1.5408272e-02
 -1.1724073e-02 -1.3209848e-02 -1.3364019e-02 -3.2129399e-03 -2.7295335e-05
 -4.0666357e-04 -3.1336967e-03 -1.0785400e-02 -1.4812863e-02 -1.5465311e-02
 -1.1495317e-02 -1.0638364e-02 -1.8553682e-02 -1.5739055e-02  5.6385291e-03
  9.7961491e-03  3.8542103e-02  8.0721818e-02  1.1780414e-02 -1.8704379e-02
 -2.7193129e-02 -2.8268721e-02 -2.7926063e-02 -3.2738421e-02 -3.1706981e-02
 -1.5057367e-02 -5.7181343e-03 -6.8806522e-03 -7.4626571e-03 -6.5577305e-03
 -1.1610911e-02 -1.8035864e-02 -1.7653545e-02 -1.0098674e-02 -3.5585177e-03
 -1.4910867e-03 -2.5469149e-03 -1.6242540e-03  3.0137605e-03
  8.6386676e-04 -7.9781580e-04  1.3491221e-03 -7.5413506e-03 -2.5762005e-03
 -4.4973777e-04  1.5868621e-02  1.5609059e-02 -1.3072264e-03 -2.9865308e-02
 -4.2351253e-02 -3.8852479e-02 -8.3311480e-03 -1.5233546e-02 -1.0670980e-02
  8.2654543e-03 -1.6300447e-02 -2.9559279e-02 -2.0072823e-02 -1.9028792e-02
 -4.5504916e-02 -2.5405310e-02 -8.8307969e-03 -3.2906774e-03 -3.8852331e-03
 -3.1920220e-03 -6.2996754e-03 -5.7488964e-03 -8.9146430e-03 -1.7864030e-02
 -2.5893014e-02 -1.6495297e-02 -1.1434676e-02 -1.6642809e-02 -1.5862830e-02
 -1.8738398e-02 -2.4663398e-02 -2.9938124e-02 -1.5824609e-02 -5.6678434e-03
 -1.0735775e-02 -7.4766413e-03 -5.5376301e-03 -4.5915465e-03 -4.4537750e-03
 -3.8123452e-03 -3.5690281e-03 -2.6787939e-03 -4.5203515e-03 -5.0989692e-03
 -5.9717591e-03 -5.3357724e-03 -7.3394640e-03 -8.0669411e-03 -3.8834384e-03
 -8.1773959e-03 -7.5289588e-03 -6.1186063e-03 -5.9669232e-03 -5.9392457e-03
 -4.7780294e-03 -3.5941149e-03 -2.9633255e-03 -2.6168786e-03 -2.9590693e-03
 -2.2364708e-03 -1.5583001e-03 -1.2769216e-03 -1.2249518e-03 -1.2396944e-03
 -1.2056677e-03 -1.4350376e-03 -2.0991054e-03 -4.4594933e-03 -9.2624221e-03
 -8.5332794e-03  1.1739677e-03  6.4490424e-03  1.1425903e-02  1.2038497e-02
 -9.5428852e-03 -3.0269198e-02 -3.0892689e-02 -2.7759012e-02 -2.3674957e-02
 -1.4807220e-02 -6.7299828e-03 -1.7475199e-03 -1.3365350e-03 -1.0829422e-03
 -8.8793074e-04 -2.0078615e-04 -3.4584143e-04 -5.9181964e-03 -1.4584863e-02
 -1.4639147e-02 -1.4856436e-02 -1.5635986e-02 -1.2526245e-02 -1.5207053e-02
 -1.4626554e-02 -1.7873149e-02 -1.7708121e-02 -2.5349429e-03  1.5395388e-03
  9.6374884e-04  6.1959389e-04 -2.8213712e-03 -4.8222691e-03 -3.7920205e-03
 -1.8543692e-03 -5.2118837e-03 -2.0382760e-02 -2.5845677e-02  9.3522323e-03
  3.1986807e-02  7.3342375e-02  1.0368019e-01  1.1470274e-02 -2.7070953e-02
 -3.8095947e-02 -3.5207059e-02 -2.8193297e-02 -2.6671402e-02 -2.3647454e-02
 -1.1585866e-02 -4.5833816e-03 -5.8637657e-03 -6.8377303e-03 -5.0662379e-03
 -7.8909965e-03 -1.2768636e-02 -1.2738193e-02 -6.7979060e-03 -1.6823621e-03
 -5.2510708e-04 -2.0282730e-03 -2.4175257e-03  6.0865853e-04
  1.4063672e-03 -1.4428750e-03 -3.5177675e-04 -7.4570263e-03 -3.2626225e-03
 -1.7977235e-03  7.5198379e-03  6.9155991e-03 -5.3253924e-03 -3.1591315e-02
 -4.5114636e-02 -4.3114156e-02 -1.1876362e-02 -1.6931180e-02 -1.2485017e-02
  4.0745540e-03 -1.7954217e-02 -2.9107330e-02 -1.7962614e-02 -1.6891947e-02
 -5.0059006e-02 -3.2956865e-02 -1.3298760e-02 -5.4593994e-03 -7.6130950e-03
 -6.5979743e-03 -8.7838797e-03 -5.2362764e-03 -7.0079574e-03 -1.4225878e-02
 -1.9587142e-02 -1.2018881e-02 -8.6633787e-03 -1.2295770e-02 -1.2350735e-02
 -1.5845744e-02 -2.1564895e-02 -2.5511421e-02 -1.3663561e-02 -4.9546403e-03
 -7.6221279e-03 -5.0048581e-03 -3.5772792e-03 -3.6153372e-03 -5.0987373e-03
 -5.1452927e-03 -4.6360460e-03 -2.6437035e-03 -2.5494630e-03 -1.3486964e-03
 -8.7938254e-04 -1.3914565e-04  1.1891910e-03  2.6852794e-03  2.4088111e-03
  2.9204611e-03  5.8936304e-04 -1.6582590e-04  2.0379575e-03  4.5643160e-03
  5.1260833e-03  4.8686080e-03  4.0806634e-03  2.8107888e-03  2.7674465e-03
  2.3845923e-03  1.5868618e-03  7.7154994e-04 -3.9978299e-04 -8.2971866e-04
 -9.0628373e-04 -1.1470504e-03 -2.3034380e-03 -7.7715372e-03 -1.5237452e-02
 -1.3536706e-02 -1.6423062e-03  4.1844440e-03  8.8415537e-03  8.4584523e-03
 -9.4337920e-03 -3.4715153e-02 -4.8052594e-02 -4.8618767e-02 -3.8846686e-02
 -2.1983113e-02 -1.0299069e-02 -4.1392921e-03 -4.0406799e-03 -4.2867186e-03
 -2.5868837e-03  1.2245087e-03  1.9505207e-03 -2.8684621e-03 -1.0028203e-02
 -1.0078060e-02 -1.0035282e-02 -1.1347617e-02 -1.0007126e-02 -1.0754392e-02
 -7.3303445e-03 -7.5822165e-03 -7.8987414e-03 -2.1317785e-03  2.1447636e-04
  7.8724377e-04  8.8765851e-04 -2.1928542e-03 -4.2381654e-03 -8.1496295e-03
 -1.4426593e-02 -2.2657709e-02 -3.0100405e-02 -2.6684001e-02 -1.8442067e-04
  2.7228599e-02  7.5142510e-02  9.9136390e-02  1.0615362e-02 -2.3184210e-02
 -3.0730411e-02 -2.5891135e-02 -1.8304689e-02 -1.5676228e-02 -1.4272493e-02
 -8.0797225e-03 -3.5404370e-03 -5.2120867e-03 -6.5261284e-03 -3.7759808e-03
 -4.1023055e-03 -6.6764355e-03 -7.3299245e-03 -4.2477194e-03 -3.1372727e-04
  7.1391411e-04 -1.0215902e-03 -1.9799655e-03 -4.9749506e-04
  2.9196069e-03 -2.6110304e-03 -1.7569726e-03 -1.5871804e-02 -9.8191220e-03
 -7.1912995e-03  5.5460110e-03  1.4287836e-03 -7.7977837e-03 -2.3529327e-02
 -2.8584447e-02 -2.7573133e-02 -9.6056703e-03 -1.4025366e-02 -1.1516381e-02
  1.3907907e-03 -1.6525265e-02 -2.5311502e-02 -1.4842685e-02 -1.3185395e-02
 -4.6309937e-02 -3.2283138e-02 -1.4559093e-02 -7.1918783e-03 -1.1402683e-02
 -9.2480322e-03 -9.5299436e-03 -4.6957606e-03 -5.8445847e-03 -1.2098558e-02
 -1.6096910e-02 -9.2827175e-03 -6.9256886e-03 -9.8304860e-03 -1.0309666e-02
 -1.2952153e-02 -1.5470377e-02 -1.5578079e-02 -8.4720748e-03 -3.6825798e-03
 -6.2233135e-03 -4.6125222e-03 -3.5885416e-03 -3.5772941e-03 -4.6508266e-03
 -4.7039688e-03 -4.1915663e-03 -2.1405222e-03 -1.5038982e-03  1.2238558e-05
  7.6533825e-04  1.2031273e-03  2.7336155e-03  4.2618196e-03  3.2127374e-03
  4.5583667e-03  2.1148846e-03  1.1716429e-03  4.0280418e-03  7.5325924e-03
  7.6628942e-03  6.6696610e-03  5.5109784e-03  3.8896920e-03  3.6150482e-03
  2.9525841e-03  1.8037313e-03  3.8259529e-04 -1.2834229e-03 -1.4402953e-03
 -1.0468544e-03 -1.1252781e-03 -1.9096107e-03 -5.7684542e-03 -1.1460965e-02
 -1.0605141e-02 -2.0940388e-03  2.5091316e-03  7.2511588e-03  7.0492732e-03
 -1.1199234e-02 -3.4872368e-02 -4.4977397e-02 -4.2889915e-02 -3.2520115e-02
 -1.8935999e-02 -1.0652682e-02 -6.1233542e-03 -7.0141531e-03 -6.8289577e-03
 -3.0121971e-03  2.8693890e-03  4.0640011e-03 -8.1534951e-04 -8.9911791e-03
 -1.0310173e-02 -1.0736311e-02 -1.1431145e-02 -8.8011064e-03 -7.1927616e-03
 -2.7340644e-03 -1.5567946e-03 -3.0401943e-03 -2.7578056e-03  4.5543423e-04
  3.3768259e-03  1.8698445e-03 -3.5644535e-03 -4.2703315e-03 -1.0971216e-02
 -2.4246918e-02 -3.9632753e-02 -4.5081627e-02 -2.8752226e-02 -5.4910015e-03
  9.8522156e-03  4.0762480e-02  6.0152311e-02  7.4808551e-03 -9.3152467e-03
 -1.0936794e-02 -8.4125921e-03 -5.8197435e-03 -6.0906522e-03 -7.7709872e-03
 -5.6370236e-03 -2.5343061e-03 -3.9229295e-03 -4.9580131e-03 -2.5542977e-03
 -2.0163155e-03 -3.6284816e-03 -4.6358285e-03 -2.7966453e-03  8.9615613e-04
  2.0439073e-03  1.0633052e-04 -1.1842198e-03 -1.1357055e-03
  4.1575907e-03 -2.8947657e-03 -3.7347525e-03 -2.1831403e-02 -1.5243533e-02
 -1.3655294e-02  9.2578481e-04 -5.6766160e-03 -1.2759589e-02 -2.0562699e-02
 -2.0687196e-02 -2.1321982e-02 -9.5253978e-03 -1.1974222e-02 -9.7661531e-03
 -2.9960126e-04 -1.3212364e-02 -1.8886058e-02 -9.6318424e-03 -7.1648369e-03
 -3.3978172e-02 -2.2515986e-02 -8.1194183e-03 -3.6800173e-03 -1.0301124e-02
 -1.0126974e-02 -9.8292837e-03 -4.7500329e-03 -4.9470691e-03 -8.1829401e-03
 -1.0628752e-02 -6.5950355e-03 -6.1406973e-03 -9.6794991e-03 -9.9330368e-03
 -1.1473255e-02 -1.2269567e-02 -1.1462355e-02 -6.8359501e-03 -3.5603421e-03
 -7.0183659e-03 -6.0661295e-03 -5.6087081e-03 -4.3194932e-03 -1.6591999e-03
 -5.0233305e-04 -1.2210505e-03 -1.2407250e-03 -1.7880677e-03 -9.7654870e-04
 -4.9140776e-04 -1.0705809e-03 -2.9878623e-03 -4.2869071e-03 -2.9736469e-03
 -3.8350879e-03 -3.7416718e-03 -2.7834431e-03 -2.2013080e-03 -1.3169486e-03
 -6.0120178e-04 -5.9988874e-04 -8.6898991e-04 -1.1068368e-03 -1.3364931e-03
 -9.5607346e-04 -6.1974738e-04 -1.1264767e-03 -1.7684959e-03 -1.6275545e-03
 -9.7354490e-04 -8.9785998e-04 -7.3644647e-04  1.5098335e-04  2.1041576e-04
 -3.2475675e-04 -7.1625924e-04  5.2454980e-04  4.9042776e-03  6.2576658e-03
 -1.1797640e-02 -3.3553138e-02 -3.4356870e-02 -2.6832525e-02 -1.8747229e-02
 -1.2118232e-02 -8.4624756e-03 -6.8550147e-03 -9.2931557e-03 -9.0773413e-03
 -4.2003389e-03  2.9136427e-03  6.2676687e-03  6.8943325e-04 -1.1025285e-02
 -1.2633312e-02 -1.2787008e-02 -1.2143883e-02 -7.4168397e-03 -3.4353535e-03
  4.5386929e-04  1.8916166e-03  1.9264322e-04 -2.5681227e-03  6.2074332e-04
  5.5239783e-03  4.6916497e-03 -4.7162591e-04  2.4786303e-04 -7.4280011e-03
 -1.8925142e-02 -2.5012134e-02 -2.1609627e-02 -8.9448709e-03 -8.5856701e-04
  1.2735473e-03  2.1192707e-02  5.3988889e-02  1.2885026e-02 -6.4919353e-03
 -9.2745973e-03 -5.4546222e-03 -2.2020610e-03 -2.2211694e-03 -4.1186782e-03
 -3.6886889e-03 -1.7569293e-03 -2.6270703e-03 -3.0180309e-03 -1.4606866e-03
 -7.0583337e-04 -1.2500797e-03 -2.1584004e-03 -1.4938082e-03  1.1918199e-03
  2.1492369e-03  3.7317557e-04 -1.2435075e-03 -1.9495363e-03
  4.0093386e-03 -1.6798431e-03 -3.9523747e-03 -1.7787596e-02 -1.4261940e-02
 -1.6462434e-02 -4.5965114e-03 -1.1975018e-02 -1.8969296e-02 -2.5205536e-02
 -2.3417570e-02 -2.3828408e-02 -1.0875181e-02 -1.1205415e-02 -8.8565210e-03
 -1.1753704e-03 -1.1227172e-02 -1.3917809e-02 -4.6552564e-03 -9.8811090e-04
 -1.8566273e-02 -1.0235953e-02 -4.1713426e-04  8.7199378e-04 -7.6426403e-03
 -1.0246289e-02 -1.0127395e-02 -5.0211730e-03 -4.8102252e-03 -5.7480284e-03
 -6.4270813e-03 -3.8900394e-03 -4.3457095e-03 -7.9091638e-03 -8.5145477e-03
 -1.0552607e-02 -1.1964669e-02 -1.1330258e-02 -6.1970535e-03 -2.7404919e-03
 -5.0556124e-03 -4.3879948e-03 -4.2549432e-03 -3.4795208e-03 -1.6123835e-03
 -9.9035189e-04 -1.5850959e-03 -1.3052893e-03 -2.0177627e-03 -7.4055925e-04
  3.1232738e-04 -1.1626488e-03 -5.4645822e-03 -9.0099266e-03 -6.9991555e-03
 -8.6394204e-03 -7.7758660e-03 -5.3932862e-03 -5.2230018e-03 -5.1850015e-03
 -4.0027229e-03 -3.3448914e-03 -3.1451185e-03 -2.8430277e-03 -3.0963335e-03
 -2.5605948e-03 -1.8066554e-03 -1.7094616e-03 -1.4120939e-03 -1.0681794e-03
 -6.5155467e-04 -4.4868828e-04 -2.0225692e-04  2.5018211e-04 -4.1903785e-04
 -2.1668253e-03 -2.1744256e-03  6.5368268e-04  4.5675440e-03  4.1895681e-03
 -7.9621328e-03 -2.2793641e-02 -2.1389876e-02 -1.4518271e-02 -1.0645501e-02
 -8.9792088e-03 -7.2846422e-03 -6.6983243e-03 -1.0094910e-02 -1.0925834e-02
 -6.0700378e-03  2.3697107e-03  7.5410753e-03  1.6082434e-03 -1.3679746e-02
 -1.7993014e-02 -1.9539952e-02 -1.7367348e-02 -9.7087249e-03 -3.8281532e-03
  6.6864677e-04  2.1950977e-03  8.6498150e-04 -2.5268216e-03 -2.8399291e-04
  5.1295860e-03  5.3002476e-03  1.6059995e-03  3.3471349e-03 -5.4343846e-03
 -1.6518025e-02 -1.5499184e-02 -4.2093578e-03  6.5623773e-03  2.1695469e-03
  2.0757697e-03  2.6797637e-02  6.3162804e-02  1.8753162e-02 -4.0071388e-03
 -9.4323307e-03 -6.0106847e-03 -1.6444487e-03 -2.3076506e-03 -4.4732313e-03
 -2.9197806e-03 -1.1783019e-03 -1.8451768e-03 -2.3723308e-03 -1.3792950e-03
 -7.1097980e-04 -6.2578253e-04 -8.5453392e-04 -5.5639615e-04  9.6989970e-04
  1.5178968e-03  1.5264958e-04 -1.3298759e-03 -2.2586486e-03
  6.1598779e-03 -6.3264139e-05 -3.0415989e-03 -1.1825246e-02 -1.0651363e-02
 -1.4005869e-02 -7.0667453e-03 -1.3289045e-02 -1.9597132e-02 -2.3881970e-02
 -1.9512299e-02 -1.8982323e-02 -9.7898813e-03 -1.0492964e-02 -9.3417950e-03
 -2.8483691e-03 -1.0554721e-02 -1.0728567e-02 -1.3323268e-03  3.0767906e-03
 -9.2009995e-03 -2.0706740e-03  4.8386995e-03  3.8382581e-03 -5.9822542e-03
 -9.4947089e-03 -8.8994876e-03 -4.3130079e-03 -4.0507698e-03 -3.8645901e-03
 -3.3342659e-03 -1.2468328e-03 -1.5926523e-03 -3.7019055e-03 -4.6205129e-03
 -6.8137869e-03 -8.1065763e-03 -7.2853803e-03 -3.5543488e-03 -1.3199885e-03
 -2.4499816e-03 -2.2126865e-03 -2.3288731e-03 -2.9130061e-03 -3.9782291e-03
 -4.4638794e-03 -3.8176724e-03 -1.5419277e-03 -1.4131711e-03 -2.8674491e-04
  3.8710900e-04 -5.0595065e-04 -2.8330241e-03 -4.7675632e-03 -3.7503866e-03
 -4.8218928e-03 -5.2701076e-03 -4.3703918e-03 -4.2829840e-03 -4.3874015e-03
 -3.4968343e-03 -3.0218093e-03 -2.7608599e-03 -2.2671027e-03 -2.0658968e-03
 -1.4779133e-03 -8.5432839e-04 -1.0436754e-03 -1.7306404e-03 -1.6402649e-03
 -9.4324024e-04 -4.7982825e-04 -5.6373567e-04 -1.1996659e-03 -2.7415631e-03
 -3.9677913e-03 -2.4683375e-03  4.1115846e-04  2.6512600e-03  1.8028916e-03
 -4.0586162e-03 -1.1905257e-02 -1.2439115e-02 -1.0087600e-02 -9.2169372e-03
 -9.4717490e-03 -8.0675352e-03 -8.3353603e-03 -1.3754952e-02 -1.5900901e-02
 -8.7840101e-03  2.2870945e-03  6.5647950e-03  1.4887273e-03 -1.0353919e-02
 -1.5299268e-02 -1.7186541e-02 -1.4399086e-02 -8.2912222e-03 -4.9065789e-03
 -2.3174225e-03 -3.3692406e-03 -7.8181801e-03 -5.7927887e-03 -3.8335094e-04
  5.3605265e-03  5.5345609e-03  3.5874420e-03  5.8074240e-03 -3.8378229e-03
 -1.8918918e-02 -2.0718465e-02 -6.8366593e-03  9.9233370e-03  1.9581062e-03
 -2.9868204e-03  1.9779678e-02  5.1077269e-02  1.9960774e-02  2.0708619e-03
 -4.2209094e-03 -3.2621305e-03 -1.1002818e-04 -1.0498654e-03 -3.9415318e-03
 -2.8315189e-03 -7.8259403e-04 -1.0770112e-03 -1.6034372e-03 -1.2021516e-03
 -8.7582844e-04 -6.2436523e-04 -5.0535996e-04 -1.1061608e-04  1.1199985e-03
  1.3747481e-03  6.5821660e-05 -1.4253644e-03 -2.5521554e-03
  7.3621920e-03  6.0851808e-04 -1.6753408e-03 -6.0081813e-03 -5.5335616e-03
 -8.2495743e-03 -7.1457862e-03 -1.2542128e-02 -1.7815679e-02 -1.9508539e-02
 -1.3686029e-02 -1.3351569e-02 -8.3462903e-03 -9.8377671e-03 -9.3887560e-03
 -3.7476071e-03 -8.6163590e-03 -7.2777085e-03  6.8910758e-04  4.8187221e-03
 -3.0957400e-03  3.0906587e-03  8.6124651e-03  5.6338967e-03 -5.2166465e-03
 -8.1067802e-03 -6.5056728e-03 -2.6810232e-03 -2.4037298e-03 -2.1503658e-03
 -1.7346358e-03 -2.0626829e-04 -4.3175387e-04 -1.3320748e-03 -1.7391669e-03
 -2.7993524e-03 -2.9244567e-03 -2.0655640e-03 -8.7301130e-04 -3.1630255e-04
 -8.6555042e-04 -1.0083879e-03 -1.2321798e-03 -2.0309656e-03 -3.6183340e-03
 -4.4439603e-03 -3.7164397e-03 -1.1213984e-03 -5.4683606e-04  6.6290551e-05
  3.5458364e-05  2.7102800e-05  4.4196256e-04  9.2758558e-04  8.7490783e-04
  4.6500735e-04 -1.5847917e-03 -3.1519514e-03 -4.1129021e-03 -4.8487899e-03
 -3.9854669e-03 -3.7491855e-03 -3.7511976e-03 -3.2701360e-03 -3.1832634e-03
 -2.5385767e-03 -1.5738042e-03 -1.0909258e-03 -4.7727456e-04 -9.8935016e-05
 -6.8661184e-06 -3.2549939e-05 -1.9524459e-05 -2.5174842e-04 -8.8557688e-04
 -1.0587843e-03 -4.3169453e-04  7.1987397e-06  2.1568946e-04  1.6471845e-04
 -1.7886760e-03 -7.3902034e-03 -1.2043781e-02 -1.4074892e-02 -1.4393948e-02
 -1.4695316e-02 -1.1297124e-02 -9.9732373e-03 -1.3762739e-02 -1.4689090e-02
 -8.3263703e-03  1.2865658e-03  4.5453957e-03  7.7944400e-04 -7.1226815e-03
 -1.1639168e-02 -1.4471469e-02 -1.2809316e-02 -8.5458895e-03 -6.9230543e-03
 -5.6802933e-03 -8.4205670e-03 -1.3555989e-02 -6.9794534e-03  2.0649991e-04
  5.4314896e-03  5.7447418e-03  4.7763069e-03  6.0926504e-03 -4.3853889e-03
 -1.9993927e-02 -1.9285168e-02 -5.1515759e-05  1.7160194e-02  1.4528260e-03
  9.5675676e-04  2.1831114e-02  3.7179742e-02  1.3106658e-02  1.8896334e-03
 -1.0131404e-03 -7.5788877e-04  3.3779407e-04  3.3597586e-05 -2.2662920e-03
 -2.4475206e-03 -4.3421632e-04 -3.3143465e-04 -6.7499309e-04 -7.4531464e-04
 -8.1386423e-04 -6.0351507e-04 -3.0433212e-04  1.0443904e-04  1.0842610e-03
  1.1091603e-03 -1.0033183e-04 -1.6946378e-03 -3.0587239e-03
  5.1051211e-03  5.4454879e-04 -3.2250129e-04 -1.0895536e-03 -2.1178813e-03
 -5.0349403e-03 -6.1963000e-03 -9.3404641e-03 -1.2283522e-02 -1.2408887e-02
 -7.9791564e-03 -8.3121555e-03 -5.7418318e-03 -6.6170101e-03 -6.2888330e-03
 -2.6354084e-03 -4.1308524e-03 -2.4363741e-03  2.4226361e-03  5.5185645e-03
  1.7070585e-03  5.8574686e-03  8.8101253e-03  5.1111146e-03 -4.7903350e-03
 -7.1282843e-03 -4.6745534e-03 -1.3435921e-03 -9.7592769e-04 -7.5755577e-04
 -4.5026472e-04  3.4234975e-04  1.1048435e-04 -2.8089501e-04 -5.8111013e-04
 -1.1810481e-03 -1.0793116e-03 -5.1338854e-04 -1.6057823e-04 -5.3289110e-05
 -3.1229988e-04 -4.9008318e-04 -6.1564619e-04 -1.2348362e-03 -2.5848427e-03
 -3.3117409e-03 -2.7505674e-03 -7.9016801e-04 -4.4654284e-04  6.8774098e-04
  1.4938372e-03  5.3756253e-04 -1.2379080e-03 -2.7334564e-03 -2.5657339e-03
 -2.5425139e-03 -3.7035993e-03 -3.2793137e-03 -3.1286012e-03 -3.0998948e-03
 -2.4047433e-03 -2.4135592e-03 -2.7036786e-03 -2.5792115e-03 -2.7092809e-03
 -2.3717952e-03 -1.6059995e-03 -8.4157469e-04  7.6090411e-04  1.4210665e-03
  9.6640817e-04  4.5295726e-04  7.1363623e-04  1.0253657e-03  8.0810848e-04
  4.8170428e-04  2.6633189e-04  2.4987667e-05  5.2249561e-05 -8.0915652e-06
 -1.9142576e-03 -5.5830558e-03 -8.1462711e-03 -1.0087194e-02 -1.1597157e-02
 -1.3641254e-02 -1.0775281e-02 -9.0418616e-03 -1.1417652e-02 -1.2720590e-02
 -9.3706902e-03 -9.1118115e-04  3.2869282e-03  2.6449340e-04 -6.2304493e-03
 -9.4752526e-03 -1.1665067e-02 -1.0859170e-02 -9.0040788e-03 -9.0198424e-03
 -7.8340033e-03 -9.9067334e-03 -1.2767537e-02 -5.3795055e-03  1.0996464e-03
  5.2054711e-03  5.4318951e-03  4.5873476e-03  4.1639456e-03 -5.3760307e-03
 -1.6758911e-02 -1.2823213e-02  5.8773728e-03  1.5330825e-02 -2.7875541e-05
  2.0111619e-02  4.7756266e-02  4.2920314e-02  1.3465641e-02  3.7395731e-03
  2.8686359e-04 -3.1487521e-04  3.6099233e-04  1.4294047e-04 -1.8525596e-03
 -2.2942312e-03 -5.1630411e-04 -1.7035262e-04 -2.9602708e-04 -4.1448078e-04
 -6.5699342e-04 -4.6620602e-04 -1.1080428e-04  1.4785213e-04  8.8039006e-04
  7.3054020e-04 -4.8075611e-04 -1.9474517e-03 -3.0538021e-03
  4.7246697e-03  8.5441081e-04 -8.4415154e-04 -1.0873721e-03 -2.0487134e-03
 -3.9634490e-03 -4.6395059e-03 -5.3501329e-03 -6.2021781e-03 -6.0328492e-03
 -3.8114481e-03 -4.7577629e-03 -4.2146128e-03 -4.6081217e-03 -4.0104385e-03
 -1.3101361e-03 -9.7434549e-04  8.2830142e-04  3.8878247e-03  5.9240740e-03
  4.4014719e-03  6.3196388e-03  6.5837302e-03  3.1504317e-03 -3.9550527e-03
 -5.8754627e-03 -3.6362412e-03 -7.2269834e-04 -2.8935930e-04 -1.0689379e-04
  1.2139975e-04  5.8785029e-04  2.6962959e-04  6.4942222e-05 -1.6694781e-04
 -5.6365889e-04 -5.8641424e-04 -3.1996940e-04 -1.1808338e-04 -3.1696996e-05
 -2.9182463e-04 -4.6236691e-04 -5.1551661e-04 -6.7529141e-04 -1.0264791e-03
 -1.2947666e-03 -1.1143616e-03 -3.2473358e-04 -1.8801802e-04  7.0831907e-04
  1.5555063e-03  6.0550991e-04 -1.3697813e-03 -3.1532834e-03 -3.0181906e-03
 -2.7510449e-03 -3.0493869e-03 -2.0386379e-03 -1.6973304e-03 -1.4216600e-03
 -1.0372218e-03 -1.1454510e-03 -1.4731797e-03 -1.5946790e-03 -1.8794710e-03
 -1.8108245e-03 -1.3068137e-03 -1.0220449e-03 -1.3558406e-04  3.7788035e-04
  2.1978626e-04  1.1382590e-04  2.2967644e-04  2.5263298e-04 -1.2725107e-04
 -6.2072009e-04 -7.7076547e-04 -4.4745777e-04 -2.5563679e-06 -1.1267331e-04
 -1.3378828e-03 -2.6268964e-03 -2.7742360e-03 -3.2658507e-03 -4.6855691e-03
 -7.4350946e-03 -7.2190356e-03 -7.4276975e-03 -1.0995582e-02 -1.3531073e-02
 -1.0818087e-02 -2.1301715e-03  2.7390444e-03  3.3348013e-04 -4.2933780e-03
 -5.2045295e-03 -5.8986540e-03 -5.9134918e-03 -6.1782780e-03 -6.9170021e-03
 -6.4251707e-03 -7.4439398e-03 -8.4249824e-03 -2.5898947e-03  2.4779644e-03
  5.2679507e-03  4.6927640e-03  3.4383067e-03  2.1041287e-03 -6.4784288e-03
 -1.6314777e-02 -1.4312766e-02 -5.0353743e-03 -2.6732639e-03 -6.5646059e-04
  2.6947903e-02  5.0312486e-02  4.3047711e-02  1.5957791e-02  5.3810827e-03
  5.1358977e-04 -2.6051819e-04  4.9299293e-04  1.3337613e-04 -1.7589271e-03
 -2.0544026e-03 -6.1076047e-04 -1.9264467e-04 -1.1800115e-04 -7.4014082e-05
 -2.4317270e-04 -8.8091118e-05  1.6510207e-04  2.2171596e-04  7.8505499e-04
  6.7579228e-04 -4.9101835e-04 -1.7238654e-03 -2.5300644e-03
  4.1585602e-03  8.1204460e-04 -7.1676745e-04 -5.9182692e-04 -8.7088777e-04
 -1.8114905e-03 -2.7663899e-03 -3.2119555e-03 -3.4842545e-03 -3.2925017e-03
 -2.0999017e-03 -3.5728351e-03 -3.8993333e-03 -3.9583528e-03 -3.1258939e-03
 -7.4457924e-04  5.6536717e-04  2.5296737e-03  4.1277986e-03  4.9577672e-03
  4.7470503e-03  5.4392340e-03  4.8775105e-03  1.8943672e-03 -3.4301132e-03
 -5.1245051e-03 -3.2376656e-03 -5.1473192e-04 -5.9260139e-05  1.3497085e-04
  3.3736270e-04  6.0260302e-04  2.7415776e-04  1.3121322e-04 -2.6480460e-05
 -1.8982755e-04 -2.0326447e-04 -1.3674189e-04 -5.2421685e-05  1.9286325e-07
 -1.8365198e-04 -3.6972444e-04 -4.3092584e-04 -4.8609788e-04 -5.4314162e-04
 -6.0906820e-04 -5.0769071e-04 -1.4082128e-04 -2.9548568e-05  2.0781292e-04
  3.8844952e-04  2.0762907e-04 -1.4099963e-04 -4.8380767e-04 -5.2966713e-04
 -4.2565650e-04 -6.9945096e-04 -6.4694107e-04 -7.0962630e-04 -6.3673372e-04
 -3.5554494e-04 -4.1907845e-04 -7.1075693e-04 -8.9990842e-04 -1.1093990e-03
 -1.0799993e-03 -7.5265119e-04 -7.9330354e-04 -6.4198580e-04 -5.3563569e-04
 -4.8613551e-04 -1.1780862e-04 -1.4161546e-04 -4.8412906e-04 -1.0727756e-03
 -1.8839733e-03 -2.1226292e-03 -1.3188651e-03 -4.4303524e-04 -3.9312098e-04
 -8.8667561e-04 -1.2800224e-03 -1.1832963e-03 -1.3548663e-03 -2.2528870e-03
 -4.6933433e-03 -5.1661967e-03 -5.5324179e-03 -7.4541164e-03 -8.1327651e-03
 -6.2238923e-03 -1.6787573e-03  1.5931156e-03  7.2247820e-04 -2.4862883e-03
 -3.2115793e-03 -4.0364526e-03 -4.2727636e-03 -4.4399211e-03 -4.5276624e-03
 -4.3407441e-03 -5.1849438e-03 -5.8014598e-03 -1.0898807e-03  3.0352580e-03
  4.7158105e-03  3.4373226e-03  1.9576284e-03  3.6337800e-04 -6.7830971e-03
 -1.4806638e-02 -1.3074566e-02 -1.1099000e-02 -1.4403242e-02 -1.9754632e-03
  1.9823251e-02  3.2421242e-02  2.4253864e-02  7.0988098e-03  2.1321259e-03
  3.1228398e-04 -1.0567329e-04  3.5488480e-04  1.1212553e-04 -1.3853693e-03
 -1.9204103e-03 -5.1260972e-04 -8.7487890e-05  4.6964124e-05  1.2515794e-04
  6.4300344e-05  1.2416646e-04  2.3610103e-04  2.1056776e-04  5.4130610e-04
  5.2384625e-04 -1.8002569e-04 -1.0810168e-03 -2.0046043e-03
  3.7416141e-03  6.7402906e-04 -1.0119230e-03 -3.3227573e-04 -7.6063490e-04
 -1.3393767e-03 -1.9939062e-03 -1.9105952e-03 -2.1948661e-03 -2.2557534e-03
 -1.0688321e-03 -1.9002735e-03 -2.4935987e-03 -2.6991765e-03 -2.3660625e-03
 -8.5060211e-04  1.0233577e-03  3.5234562e-03  4.5669652e-03  4.3168007e-03
  4.0733814e-03  3.9259843e-03  3.1885910e-03  9.8492915e-04 -2.8128731e-03
 -4.3012677e-03 -2.7641028e-03 -3.5854298e-04  6.6634937e-07  1.6717653e-04
  2.4657461e-04  3.0046407e-04  1.4666941e-04  9.5777730e-05  3.1493746e-05
 -6.3855783e-05 -1.1147683e-04 -3.3755230e-05  1.2957510e-05  4.1451844e-05
 -9.7039199e-05 -3.1988256e-04 -3.8655745e-04 -4.3959275e-04 -4.6772024e-04
 -5.3794327e-04 -4.7477451e-04 -1.8247509e-04 -2.3622553e-05  1.7097799e-04
  2.7411143e-04  1.4678379e-04 -6.2082581e-05 -2.6870018e-04 -3.3045025e-04
 -2.7216584e-04 -5.7762273e-04 -5.5782788e-04 -6.3928170e-04 -6.7288394e-04
 -3.1487664e-04 -3.1693227e-04 -5.9023889e-04 -7.0910080e-04 -7.0844067e-04
 -5.5663212e-04 -2.9970406e-04 -2.9062599e-04 -1.2175369e-04 -7.3968768e-05
 -1.0639204e-04 -4.7146088e-05 -2.1952857e-05 -5.7318874e-05 -4.3871551e-04
 -1.4532023e-03 -2.0897971e-03 -1.6218801e-03 -8.0197345e-04 -4.7398551e-04
 -7.5923215e-04 -1.1445157e-03 -1.3099610e-03 -1.7358083e-03 -2.3550026e-03
 -4.2378614e-03 -3.7936424e-03 -3.3635944e-03 -3.7457540e-03 -3.3250009e-03
 -2.1212976e-03 -7.4441422e-04  8.6913904e-04  1.0477996e-03 -1.4549972e-03
 -2.9473291e-03 -4.0360331e-03 -3.4954739e-03 -3.3690238e-03 -3.3082957e-03
 -3.3388401e-03 -4.1608908e-03 -4.6413587e-03 -9.9624379e-04  2.0515507e-03
  3.2243184e-03  2.1418827e-03  1.0239644e-03 -2.3458537e-04 -4.5010252e-03
 -8.6724404e-03 -6.5443534e-03 -6.5203817e-03 -1.0932016e-02 -2.1885834e-03
  1.0257682e-02  1.7537158e-02  1.3764749e-02  3.9787502e-03  9.8185870e-04
  9.4376577e-05 -3.2665892e-05  2.8056063e-04  2.3670177e-04 -1.0112035e-03
 -1.7723610e-03 -4.4709438e-04 -5.7215508e-05  2.4962332e-05  5.3640448e-05
  1.2624860e-05  4.0830808e-05  1.2686904e-04  6.7972258e-05  2.8100939e-04
  2.4123433e-04 -1.3724013e-04 -7.4167678e-04 -1.6059127e-03
  4.7371341e-03  1.1142514e-03 -1.9108412e-03 -5.1566714e-04 -1.4410929e-03
 -1.9984082e-03 -2.5823528e-03 -2.2650182e-03 -2.2353416e-03 -1.8216384e-03
 -3.2899395e-04 -8.9987222e-04 -1.7168156e-03 -1.9443249e-03 -1.8785300e-03
 -9.8714256e-04  6.3595496e-04  2.8244546e-03  3.6355462e-03  3.0723317e-03
  2.6604817e-03  2.3545974e-03  1.9245358e-03  5.1062368e-04 -1.8829597e-03
 -2.8604569e-03 -2.0718612e-03 -3.6304648e-04 -1.2135473e-04  9.7818163e-05
  1.2472350e-04  1.2926414e-04  7.6576383e-05  8.2383835e-05  5.0715797e-05
 -9.6380965e-05 -1.9731908e-04 -1.3258182e-05  6.0066326e-05  7.2203969e-05
 -5.8224796e-06 -1.9270401e-04 -2.2912491e-04 -2.8048243e-04 -3.5091108e-04
 -4.7206751e-04 -4.3847525e-04 -1.8628665e-04 -1.1066920e-05  1.1682857e-04
  1.2788006e-04  6.7997738e-05  9.7383017e-06 -4.3322034e-05 -9.0966103e-05
 -8.8787419e-05 -3.8442799e-04 -4.1756275e-04 -3.8518509e-04 -3.3736558e-04
 -8.2226194e-05 -7.3866133e-05 -2.6929952e-04 -3.8917185e-04 -3.6351263e-04
 -2.7608313e-04 -1.3586387e-04 -1.9071497e-04 -5.3314870e-05 -8.8913221e-06
 -1.0318511e-04  3.1454081e-06  6.3223168e-05  1.3430942e-04 -1.5288554e-04
 -9.4689120e-04 -1.4549829e-03 -1.1792791e-03 -5.8227981e-04 -1.0363055e-04
  2.9427256e-05 -1.2400867e-04 -3.7170915e-04 -8.0998021e-04 -1.3127578e-03
 -2.9017143e-03 -2.4028902e-03 -2.0743941e-03 -2.9398159e-03 -3.3672864e-03
 -2.4477814e-03 -8.9201162e-04  6.1727478e-04  9.6909911e-04 -4.0181255e-04
 -1.6564493e-03 -2.6767817e-03 -2.4257051e-03 -2.9086629e-03 -2.9314775e-03
 -2.8541740e-03 -3.5328662e-03 -3.9598295e-03 -1.4573714e-03  4.6471204e-04
  1.3313048e-03  8.5581793e-04  5.1739556e-04 -1.9584539e-07 -1.7665125e-03
 -3.6073027e-03 -2.5808041e-03 -2.5990151e-03 -5.1068729e-03 -9.9377998e-04
  4.5015900e-03  7.8487983e-03  6.0410714e-03  1.6837951e-03  2.9036106e-04
  2.4671648e-05  4.7385092e-05  2.5507368e-04  3.0951321e-04 -6.7833433e-04
 -1.3713432e-03 -3.7373431e-04 -5.1509098e-05  4.1146391e-06 -6.8951576e-06
 -7.3331234e-05 -6.2871972e-05 -4.3976074e-06 -8.8300447e-05  4.8686223e-05
 -5.8935143e-06 -2.1603257e-04 -4.6454268e-04 -8.0705900e-04
  3.1218987e-03  8.1109349e-04 -1.0047226e-03  8.0386548e-05 -5.1604788e-04
 -1.0253455e-03 -1.6233423e-03 -1.6150037e-03 -1.6686819e-03 -1.3397603e-03
 -6.4704960e-05 -4.9784244e-04 -1.0731056e-03 -1.0506602e-03 -9.3710661e-04
 -4.9453176e-04  1.1014646e-04  7.7661528e-04  1.1565513e-03  1.1003674e-03
  1.0242249e-03  9.4770611e-04  8.2599244e-04  2.3185516e-04 -8.1001932e-04
 -1.0383857e-03 -7.3900440e-04 -1.6567679e-04 -9.0080299e-05  3.6052912e-05
  5.8279220e-05  6.4891989e-05  3.8067574e-05  4.0039678e-05  2.5220157e-05
 -3.0483445e-05 -7.3713993e-05  2.4540786e-05  5.0964209e-05  4.8226892e-05
  3.1922533e-05 -6.0725724e-05 -7.4253810e-05 -8.5679079e-05 -9.0999267e-05
 -1.2231436e-04 -1.2224821e-04 -5.6409317e-05 -9.4234417e-07  6.8368623e-05
  1.0667780e-04  7.3232935e-05  1.3766748e-05 -5.4875272e-05 -1.0404630e-04
 -6.3276297e-05 -2.3041766e-04 -2.0830800e-04 -1.6440288e-04 -1.0957089e-04
  2.8663487e-06  2.7026797e-06 -1.0648092e-04 -1.9481755e-04 -1.7160339e-04
 -1.3692124e-04 -6.7169538e-05 -2.4156296e-04 -5.2875077e-04 -6.6799822e-04
 -6.2890071e-04 -3.3406934e-05  6.6974113e-05  9.5653675e-05 -2.8028557e-04
 -8.2978531e-04 -9.5688278e-04 -6.3703494e-04 -2.2862984e-04  1.1377900e-04
  2.8370487e-04  1.9181227e-04 -6.4940054e-05 -4.3540046e-04 -8.5062964e-04
 -2.4579868e-03 -1.9175728e-03 -1.6506443e-03 -2.8015382e-03 -3.6302188e-03
 -2.9519468e-03 -1.1408605e-03  2.9849674e-04  4.1929842e-04  1.1607406e-04
 -3.2743774e-04 -8.6908689e-04 -9.3421136e-04 -1.6975476e-03 -1.5770179e-03
 -1.4950098e-03 -2.0778684e-03 -2.5603054e-03 -1.3520941e-03 -4.3612428e-04
  1.5302596e-04  1.7512546e-04  3.0797868e-04  1.6451579e-04 -6.9277873e-04
 -2.0966588e-03 -2.3643833e-03 -2.1589794e-03 -2.2797547e-03 -1.2038685e-05
  1.9360444e-03  2.9016272e-03  1.9244200e-03  6.1950844e-04  1.3350193e-04
  2.5773006e-05  2.9307968e-05  1.1355926e-04  1.6763397e-04 -3.6631961e-04
 -8.1168691e-04 -2.3902816e-04 -8.3571476e-06  2.7382332e-05 -4.8972703e-05
 -1.6037411e-04 -1.6255860e-04 -1.3207326e-04 -1.9863495e-04 -1.1382865e-04
 -1.2549119e-04 -2.4952492e-04 -5.1957433e-04 -1.1724737e-03
  9.9222362e-04  2.4888941e-04 -1.1586387e-04  2.4322771e-04  2.0463538e-05
 -2.7262617e-04 -5.5967213e-04 -6.3097227e-04 -6.6654920e-04 -4.8269745e-04
  1.1332474e-04 -7.5676398e-05 -3.0575515e-04 -2.8070103e-04 -2.4550772e-04
 -1.3566962e-04 -8.7854141e-06  1.5081253e-04  3.2141851e-04  3.5358916e-04
  3.0656293e-04  2.4217383e-04  1.8880412e-04  5.2519976e-05 -5.4613105e-05
  7.1726827e-05  8.0857746e-05  2.2032911e-05 -1.2222968e-05  5.4094710e-07
  1.0322970e-05  1.3657873e-05  6.1746587e-06  6.0408106e-06  5.3947915e-06
  1.2791800e-05 -1.0723775e-05  1.0319207e-04  9.1310656e-05  5.6922367e-05
  6.0600789e-05 -7.2706443e-06 -2.1614549e-05 -3.0537587e-05 -2.7052280e-05
 -4.5462060e-05 -4.7679252e-05 -2.5213065e-05 -3.3830654e-06  2.1466745e-05
  3.8127069e-05  2.6462079e-05 -1.1710537e-06 -3.1715230e-05 -5.3146512e-05
 -1.9297908e-05 -1.3754617e-04 -1.3980751e-04 -1.0664913e-04 -3.9529677e-05
  4.8606023e-05  2.9632816e-05 -7.9357138e-05 -1.7529629e-04 -7.3587173e-05
 -5.2724816e-05 -8.6604832e-06 -1.4065104e-04 -3.3709055e-04 -4.0648115e-04
 -3.9656778e-04 -1.0640232e-04 -7.6482000e-05 -5.4177508e-05 -1.8618100e-04
 -3.8162252e-04 -3.9015914e-04 -2.3254711e-04 -6.8366739e-05  7.7283119e-05
  1.8925867e-04  1.8691784e-04  5.7093759e-05 -1.7344477e-04 -4.8025377e-04
 -1.7250092e-03 -9.0233469e-04 -3.6737206e-04 -7.8592636e-04 -1.2860504e-03
 -1.2537943e-03 -5.7787466e-04  4.8210968e-05 -5.0203336e-05  4.8005259e-05
  2.6628268e-05 -1.8755047e-04 -2.7174456e-04 -8.2097354e-04 -6.3525140e-04
 -5.4512784e-04 -9.1891584e-04 -1.3202722e-03 -8.5024314e-04 -5.1349722e-04
 -1.9182096e-04 -3.3550103e-05  1.9369855e-04  1.3386298e-04 -1.8261405e-04
 -8.7947940e-04 -1.5332561e-03 -1.7234024e-03 -1.2636323e-03  2.5284721e-04
  1.3071871e-03  1.6416258e-03  1.0133794e-03  3.9045155e-04  1.4399782e-04
  2.1271459e-05 -1.5212988e-06  1.4259406e-06  1.9606108e-05 -4.7183585e-05
 -5.8791396e-05 -1.9696439e-05 -6.5975546e-06  7.1674858e-06 -1.0617578e-05
 -5.2359723e-05 -6.1345301e-05 -5.3162436e-05 -8.3623585e-05 -7.8275181e-05
 -8.8439265e-05 -1.8233755e-04 -4.7103383e-04 -1.1677661e-03
  3.9806901e-04  9.0325244e-05 -1.8075529e-05  1.3921702e-04  6.8899462e-05
 -9.3749899e-05 -2.1957056e-04 -2.3513693e-04 -2.3076942e-04 -1.5464007e-04
  1.0627551e-04  1.8159637e-05 -1.1526021e-04 -7.9913894e-05 -9.5129770e-05
 -9.2637965e-05 -1.3370735e-05  1.1862539e-04  1.8717696e-04  1.4598180e-04
  7.4127718e-05  2.0983236e-05  4.6128116e-06 -9.2239434e-06 -1.4170767e-05
  3.6231543e-07 -4.0451818e-05 -7.2866256e-05 -8.4489991e-05 -1.8512858e-06
  7.8843514e-06  1.0494080e-05  5.4583575e-06  7.9464262e-06  6.6018247e-06
  3.9656057e-05  9.7651264e-06  1.6387594e-04  1.1418275e-04  5.4415210e-05
  4.6844256e-05 -1.4630461e-06 -1.0826961e-05 -2.1279855e-05 -2.8372078e-05
 -6.7249173e-05 -7.9755810e-05 -5.2546908e-05 -1.1126157e-05  3.0623287e-05
  3.6850121e-05  8.1375711e-06 -1.6281194e-05 -2.8722838e-05 -3.5737179e-05
 -3.8702360e-06 -1.6064191e-04 -1.8036153e-04 -1.4224098e-04 -3.3428209e-05
  1.2977589e-04  6.2184212e-05 -1.3469766e-04 -2.7414181e-04 -6.5976696e-05
 -4.5431661e-05 -1.3200059e-06 -8.0929116e-05 -1.5340089e-04 -1.8434397e-04
 -2.1270447e-04 -1.7431621e-04 -1.5942738e-04 -1.1693845e-04 -9.0464215e-05
 -8.5676038e-05 -7.7390243e-05 -5.5939858e-05 -2.7453270e-05  1.9386649e-05
  8.2280472e-05  1.0767203e-04  3.3361623e-05 -1.0392918e-04 -1.9378250e-04
 -7.2687480e-04 -3.0086507e-04 -3.1921230e-05 -1.6794811e-04 -3.4798394e-04
 -3.3527374e-04 -1.1279809e-04  4.6230030e-05 -1.4199734e-04 -1.2706737e-04
 -5.2383606e-05 -4.0013041e-05 -5.7064372e-05 -4.6284171e-04 -1.5066777e-04
 -5.6733017e-05 -2.3927860e-04 -4.7019421e-04 -3.8469728e-04 -3.3781724e-04
 -1.9291682e-04 -7.2405768e-05  9.5382100e-05  5.3334123e-05 -7.0314672e-05
 -3.5251066e-04 -6.7065464e-04 -7.3063420e-04 -4.3005293e-04  2.0472513e-04
  6.5956003e-04  6.8852562e-04  3.4233817e-04  1.3149364e-04  3.7730137e-05
 -1.2917582e-05 -9.1663569e-06 -2.8909437e-05 -3.6444493e-05 -1.1612604e-05
  7.9017816e-05  2.4583345e-05 -2.9721559e-05 -1.8502145e-05  4.3479537e-05
  8.2629347e-05  7.2549083e-05  6.0078048e-05  6.4139371e-05  7.5313037e-06
 -1.4318252e-05 -2.9011497e-05 -7.4503667e-05 -1.6688555e-04
  9.3450952e-05  1.0941368e-05  1.4522614e-06  3.7874172e-05  3.1687439e-05
 -8.9482864e-06 -2.4988391e-05 -1.9771427e-05 -1.7879231e-05 -1.8062934e-05
  4.1155945e-05  2.0539104e-05 -5.1877814e-05 -2.2711414e-05 -2.0030118e-05
 -1.7900655e-05 -3.7038310e-06  2.8145671e-05  6.1566789e-05  6.0017534e-05
  2.7229902e-05 -2.9969390e-06 -1.0656069e-05 -1.1419853e-05 -3.3730623e-05
 -5.6830002e-05 -7.2050665e-05 -7.0473769e-05 -5.9992490e-05 -2.3350690e-06
  1.0818768e-06  2.2306658e-06  1.1294011e-06  2.3328830e-06  1.9882316e-06
  2.6856700e-05  1.4438130e-05  6.8198817e-05  3.1891992e-05  7.1575837e-06
 -1.1820340e-06 -2.1504093e-06 -4.2682038e-07 -1.2588408e-06 -4.4597537e-06
 -1.8518793e-05 -2.7868160e-05 -2.3373852e-05 -7.8426310e-06  1.1251898e-05
  1.2267772e-05 -2.2443894e-06 -1.1085493e-05 -1.4011137e-05 -1.5938831e-05
  1.0905235e-06 -7.5257311e-05 -7.5470976e-05 -5.7131685e-05 -4.3777022e-06
  8.7868764e-05  3.7783691e-05 -7.5323609e-05 -1.4166367e-04 -2.1485999e-05
 -1.4016176e-05 -1.6475465e-06 -1.6490811e-05 -5.4998029e-05 -9.3806069e-05
 -1.1725839e-04 -1.1451743e-04 -1.1580264e-04 -9.9620607e-05 -8.0590944e-05
 -6.3586813e-05 -4.4416007e-05 -2.7457756e-05 -1.3697233e-05  6.7205883e-07
  1.1347354e-05  1.0320320e-05 -4.1115704e-06 -2.1080372e-05 -2.7514792e-05
 -1.2997435e-04 -5.4221528e-05 -8.8397865e-06 -2.9688263e-05 -5.6820740e-05
 -3.8259965e-05  8.2333454e-06  3.8019803e-05 -4.7865273e-05 -6.6730485e-05
 -3.7815105e-05 -1.3672755e-05 -1.5297239e-05 -2.8447647e-04 -3.6372694e-05
  2.9600971e-05 -3.3196884e-05 -9.4164934e-05 -9.3912757e-05 -1.0562855e-04
 -7.4923766e-05 -4.1319669e-05  1.3197526e-05  3.5123244e-06 -1.7067836e-05
 -5.3675769e-05 -7.3900446e-05 -7.7727971e-05 -5.9255934e-05  4.0308649e-05
  1.6251806e-04  2.3326080e-04  2.2193888e-04  1.4546209e-04  3.0065950e-05
 -5.9301392e-06 -3.7507484e-06 -1.5155661e-05 -2.2230372e-05 -8.9225914e-06
  2.6783306e-05  6.7782912e-06 -9.8461351e-06 -4.1316634e-06  1.9450923e-05
  3.3794317e-05  2.8066486e-05  2.1653777e-05  2.5148933e-05  1.6341270e-05
  8.6667660e-06  7.7806144e-06  1.5009162e-05  3.4311266e-05
  2.6085116e-05  8.8659890e-06  3.1946854e-06  3.6590849e-05  2.3439428e-05
  4.7440972e-06 -1.0545629e-07  1.2710977e-07  2.1714868e-07  2.6710924e-07
  1.0679811e-05  5.6612134e-06 -2.3109226e-06  1.2276502e-08  5.1609710e-08
  1.6606911e-08  1.2918307e-08 -1.1570797e-07 -2.8040137e-07 -1.6423060e-07
  1.7989106e-07  4.0364674e-07  3.4086597e-07  2.3371101e-08 -2.5629258e-06
 -2.7751773e-06 -1.5626719e-06 -2.1156950e-07 -1.9644180e-08  5.1886492e-08
  3.5406831e-08  6.2350246e-08  1.0471699e-07  1.3858602e-07  8.0061263e-08
  1.5514530e-06  4.5510558e-07 -1.3698391e-06 -1.2258465e-06 -6.1171880e-07
 -9.4470244e-07 -7.5650627e-07 -4.3442910e-07  3.8753609e-09  1.3758599e-08
  2.8477613e-08  4.1167525e-08  1.5940566e-08  4.0220776e-08  6.8327502e-08
  4.1843567e-08  5.7130528e-08  5.4181420e-08  4.1033619e-08  1.8468560e-08
  5.3986863e-08 -6.2593301e-07 -7.4757298e-07 -2.7083544e-07  4.8998908e-07
  1.2464751e-06  5.0514143e-07 -3.5339951e-07 -1.1042889e-06 -1.3277261e-07
 -9.9689082e-08 -9.3666223e-08 -3.2338150e-07 -8.3052220e-07 -1.1536445e-06
 -1.1623288e-06 -2.8644956e-07 -4.0286355e-07 -5.0837252e-07 -5.4543909e-07
 -4.8515545e-07 -5.7183075e-07 -2.5294420e-07 -1.6585341e-07 -4.1294047e-07
 -6.1769890e-07 -8.1528003e-07 -4.7771033e-07 -3.1499826e-07 -3.2757382e-07
 -2.2223709e-05 -1.1746120e-05 -5.1312218e-06 -9.5007026e-06 -1.1918199e-05
 -6.1396113e-06  7.3235828e-06  1.8948451e-05  2.0743219e-07 -1.2399622e-06
 -2.0183859e-06 -2.1444741e-06 -1.6755728e-06 -1.6359800e-05  5.9681402e-06
  1.5154792e-05 -3.6336789e-06 -2.7063566e-05 -2.8767572e-05 -2.7434739e-05
 -1.8527913e-05 -1.2169610e-05 -1.6690149e-07 -1.9420958e-07 -2.4469563e-07
 -9.9404346e-08 -2.3662363e-07 -8.6116978e-07 -2.0368864e-06 -3.1604057e-07
  6.5016633e-07  6.1862102e-07  7.2453099e-07  2.0743219e-07 -5.0603898e-08
 -2.3453905e-08 -3.0483445e-08 -4.5922842e-08 -3.3810675e-08  5.2776346e-07
  2.2959541e-06  7.6606062e-07 -1.3922080e-07  2.6999146e-07  1.6479372e-06
  2.6662140e-06  2.3912658e-06  1.9282561e-06  2.2577799e-06  1.8503592e-06
  1.3533072e-06  9.5996336e-07  1.0909374e-06  2.3575071e-06
  0.0000000e+00  0.0000000e+00  0.0000000e+00  0.0000000e+00  0.0000000e+00
  0.0000000e+00  0.0000000e+00  0.0000000e+00  0.0000000e+00  0.0000000e+00
  0.0000000e+00  0.0000000e+00  0.0000000e+00  0.0000000e+00  0.0000000e+00
  0.0000000e+00  0.0000000e+00  0.0000000e+00  0.0000000e+00  0.0000000e+00
  0.0000000e+00  0.0000000e+00  0.0000000e+00  0.0000000e+00  0.0000000e+00
  0.0000000e+00  0.0000000e+00  0.0000000e+00  0.0000000e+00  0.0000000e+00
  0.0000000e+00  0.0000000e+00  0.0000000e+00  0.0000000e+00  0.0000000e+00
  0.0000000e+00  0.0000000e+00  0.0000000e+00  0.0000000e+00  0.0000000e+00
  0.0000000e+00  0.0000000e+00  0.0000000e+00  0.0000000e+00  0.0000000e+00
  0.0000000e+00  0.0000000e+00  0.0000000e+00  0.0000000e+00  0.0000000e+00
  0.0000000e+00  0.0000000e+00  0.0000000e+00  0.0000000e+00  0.0000000e+00
  0.0000000e+00  0.0000000e+00  0.0000000e+00  0.0000000e+00  0.0000000e+00
  0.0000000e+00  0.0000000e+00  0.0000000e+00  0.0000000e+00  0.0000000e+00
  0.0000000e+00  0.0000000e+00  0.0000000e+00  0.0000000e+00  0.0000000e+00
  0.0000000e+00  0.0000000e+00  0.0000000e+00  0.0000000e+00  0.0000000e+00
  0.0000000e+00  0.0000000e+00  0.0000000e+00  0.0000000e+00  0.0000000e+00
  0.0000000e+00  0.0000000e+00  0.0000000e+00  0.0000000e+00  0.0000000e+00
  0.0000000e+00  0.0000000e+00  0.0000000e+00  0.0000000e+00  0.0000000e+00
  0.0000000e+00  0.0000000e+00  0.0000000e+00  0.0000000e+00  0.0000000e+00
  0.0000000e+00  0.0000000e+00  0.0000000e+00  0.0000000e+00  0.0000000e+00
  0.0000000e+00  0.0000000e+00  0.0000000e+00  0.0000000e+00  0.0000000e+00
  0.0000000e+00  0.0000000e+00  0.0000000e+00  0.0000000e+00  0.0000000e+00
  0.0000000e+00  0.0000000e+00  0.0000000e+00  0.0000000e+00  0.0000000e+00
  0.0000000e+00  0.0000000e+00  0.0000000e+00  0.0000000e+00  0.0000000e+00
  0.0000000e+00  0.0000000e+00  0.0000000e+00  0.0000000e+00  0.0000000e+00
  0.0000000e+00  0.0000000e+00  0.0000000e+00  0.0000000e+00  0.0000000e+00
  0.0000000e+00  0.0000000e+00  0.0000000e+00  0.0000000e+00  0.0000000e+00
  0.0000000e+00  0.0000000e+00  0.0000000e+00  0.0000000e+00
  0.0000000e+00  0.0000000e+00  0.0000000e+00  0.0000000e+00  0.0000000e+00
  0.0000000e+00  0.0000000e+00  0.0000000e+00  0.0000000e+00  0.0000000e+00
  0.0000000e+00  0.0000000e+00  0.0000000e+00  0.0000000e+00  0.0000000e+00
  0.0000000e+00  0.0000000e+00  0.0000000e+00  0.0000000e+00  0.0000000e+00
  0.0000000e+00  0.0000000e+00  0.0000000e+00  0.0000000e+00  0.0000000e+00
  0.0000000e+00  0.0000000e+00  0.0000000e+00  0.0000000e+00  0.0000000e+00
  0.0000000e+00  0.0000000e+00  0.0000000e+00  0.0000000e+00  0.0000000e+00
  0.0000000e+00  0.0000000e+00  0.0000000e+00  0.0000000e+00  0.0000000e+00
  0.0000000e+00  0.0000000e+00  0.0000000e+00  0.0000000e+00  0.0000000e+00
  0.0000000e+00  0.0000000e+00  0.0000000e+00  0.0000000e+00  0.0000000e+00
  0.0000000e+00  0.0000000e+00  0.0000000e+00  0.0000000e+00  0.0000000e+00
  0.0000000e+00  0.0000000e+00  0.0000000e+00  0.0000000e+00  0.0000000e+00
  0.0000000e+00  0.0000000e+00  0.0000000e+00  0.0000000e+00  0.0000000e+00
  0.0000000e+00  0.0000000e+00  0.0000000e+00  0.0000000e+00  0.0000000e+00
  0.0000000e+00  0.0000000e+00  0.0000000e+00  0.0000000e+00  0.0000000e+00
  0.0000000e+00  0.0000000e+00  0.0000000e+00  0.0000000e+00  0.0000000e+00
  0.0000000e+00  0.0000000e+00  0.0000000e+00  0.0000000e+00  0.0000000e+00
  0.0000000e+00  0.0000000e+00  0.0000000e+00  0.0000000e+00  0.0000000e+00
  0.0000000e+00  0.0000000e+00  0.0000000e+00  0.0000000e+00  0.0000000e+00
  0.0000000e+00  0.0000000e+00  0.0000000e+00  0.0000000e+00  0.0000000e+00
  0.0000000e+00  0.0000000e+00  0.0000000e+00  0.0000000e+00  0.0000000e+00
  0.0000000e+00  0.0000000e+00  0.0000000e+00  0.0000000e+00  0.0000000e+00
  0.0000000e+00  0.0000000e+00  0.0000000e+00  0.0000000e+00  0.0000000e+00
  0.0000000e+00  0.0000000e+00  0.0000000e+00  0.0000000e+00  0.0000000e+00
  0.0000000e+00  0.0000000e+00  0.0000000e+00  0.0000000e+00  0.0000000e+00
  0.0000000e+00  0.0000000e+00  0.0000000e+00  0.0000000e+00  0.0000000e+00
  0.0000000e+00  0.0000000e+00  0.0000000e+00  0.0000000e+00  0.0000000e+00
  0.0000000e+00  0.0000000e+00  0.0000000e+00  0.0000000e+00
  0.0000000e+00  0.0000000e+00  0.0000000e+00  0.0000000e+00  0.0000000e+00
  0.0000000e+00  0.0000000e+00  0.0000000e+00  0.0000000e+00  0.0000000e+00
  0.0000000e+00  0.0000000e+00  0.0000000e+00  0.0000000e+00  0.0000000e+00
  0.0000000e+00  0.0000000e+00  0.0000000e+00  0.0000000e+00  0.0000000e+00
  0.0000000e+00  0.0000000e+00  0.0000000e+00  0.0000000e+00  0.0000000e+00
  0.0000000e+00  0.0000000e+00  0.0000000e+00  0.0000000e+00  0.0000000e+00
  0.0000000e+00  0.0000000e+00  0.0000000e+00  0.0000000e+00  0.0000000e+00
  0.0000000e+00  0.0000000e+00  0.0000000e+00  0.0000000e+00  0.0000000e+00
  0.0000000e+00  0.0000000e+00  0.0000000e+00  0.0000000e+00  0.0000000e+00
  0.0000000e+00  0.0000000e+00  0.0000000e+00  0.0000000e+00  0.0000000e+00
  0.0000000e+00  0.0000000e+00  0.0000000e+00  0.0000000e+00  0.0000000e+00
  0.0000000e+00  0.0000000e+00  0.0000000e+00  0.0000000e+00  0.0000000e+00
  0.0000000e+00  0.0000000e+00  0.0000000e+00  0.0000000e+00  0.0000000e+00
  0.0000000e+00  0.0000000e+00  0.0000000e+00  0.0000000e+00  0.0000000e+00
  0.0000000e+00  0.0000000e+00  0.0000000e+00  0.0000000e+00  0.0000000e+00
  0.0000000e+00  0.0000000e+00  0.0000000e+00  0.0000000e+00  0.0000000e+00
  0.0000000e+00  0.0000000e+00  0.0000000e+00  0.0000000e+00  0.0000000e+00
  0.0000000e+00  0.0000000e+00  0.0000000e+00  0.0000000e+00  0.0000000e+00
  0.0000000e+00  0.0000000e+00  0.0000000e+00  0.0000000e+00  0.0000000e+00
  0.0000000e+00  0.0000000e+00  0.0000000e+00  0.0000000e+00  0.0000000e+00
  0.0000000e+00  0.0000000e+00  0.0000000e+00  0.0000000e+00  0.0000000e+00
  0.0000000e+00  0.0000000e+00  0.0000000e+00  0.0000000e+00  0.0000000e+00
  0.0000000e+00  0.0000000e+00  0.0000000e+00  0.0000000e+00  0.0000000e+00
  0.0000000e+00  0.0000000e+00  0.0000000e+00  0.0000000e+00  0.0000000e+00
  0.0000000e+00  0.0000000e+00  0.0000000e+00  0.0000000e+00  0.0000000e+00
  0.0000000e+00  0.0000000e+00  0.0000000e+00  0.0000000e+00  0.0000000e+00
  0.0000000e+00  0.0000000e+00  0.0000000e+00  0.0000000e+00  0.0000000e+00
  0.0000000e+00  0.0000000e+00  0.0000000e+00  0.0000000e+00
  0.0000000e+00  0.0000000e+00  0.0000000e+00  0.0000000e+00  0.0000000e+00
  0.0000000e+00  0.0000000e+00  0.0000000e+00  0.0000000e+00  0.0000000e+00
  0.0000000e+00  0.0000000e+00  0.0000000e+00  0.0000000e+00  0.0000000e+00
  0.0000000e+00  0.0000000e+00  0.0000000e+00  0.0000000e+00  0.0000000e+00
  0.0000000e+00  0.0000000e+00  0.0000000e+00  0.0000000e+00  0.0000000e+00
  0.0000000e+00  0.0000000e+00  0.0000000e+00  0.0000000e+00  0.0000000e+00
  0.0000000e+00  0.0000000e+00  0.0000000e+00  0.0000000e+00  0.0000000e+00
  0.0000000e+00  0.0000000e+00  0.0000000e+00  0.0000000e+00  0.0000000e+00
  0.0000000e+00  0.0000000e+00  0.0000000e+00  0.0000000e+00  0.0000000e+00
  0.0000000e+00  0.0000000e+00  0.0000000e+00  0.0000000e+00  0.0000000e+00
  0.0000000e+00  0.0000000e+00  0.0000000e+00  0.0000000e+00  0.0000000e+00
  0.0000000e+00  0.0000000e+00  0.0000000e+00  0.0000000e+00  0.0000000e+00
  0.0000000e+00  0.0000000e+00  0.0000000e+00  0.0000000e+00  0.0000000e+00
  0.0000000e+00  0.0000000e+00  0.0000000e+00  0.0000000e+00  0.0000000e+00
  0.0000000e+00  0.0000000e+00  0.0000000e+00  0.0000000e+00  0.0000000e+00
  0.0000000e+00  0.0000000e+00  0.0000000e+00  0.0000000e+00  0.0000000e+00
  0.0000000e+00  0.0000000e+00  0.0000000e+00  0.0000000e+00  0.0000000e+00
  0.0000000e+00  0.0000000e+00  0.0000000e+00  0.0000000e+00  0.0000000e+00
  0.0000000e+00  0.0000000e+00  0.0000000e+00  0.0000000e+00  0.0000000e+00
  0.0000000e+00  0.0000000e+00  0.0000000e+00  0.0000000e+00  0.0000000e+00
  0.0000000e+00  0.0000000e+00  0.0000000e+00  0.0000000e+00  0.0000000e+00
  0.0000000e+00  0.0000000e+00  0.0000000e+00  0.0000000e+00  0.0000000e+00
  0.0000000e+00  0.0000000e+00  0.0000000e+00  0.0000000e+00  0.0000000e+00
  0.0000000e+00  0.0000000e+00  0.0000000e+00  0.0000000e+00  0.0000000e+00
  0.0000000e+00  0.0000000e+00  0.0000000e+00  0.0000000e+00  0.0000000e+00
  0.0000000e+00  0.0000000e+00  0.0000000e+00  0.0000000e+00  0.0000000e+00
  0.0000000e+00  0.0000000e+00  0.0000000e+00  0.0000000e+00  0.0000000e+00
  0.0000000e+00  0.0000000e+00  0.0000000e+00  0.0000000e+00
  0.0000000e+00  0.0000000e+00  0.0000000e+00  0.0000000e+00  0.0000000e+00
  0.0000000e+00  0.0000000e+00  0.0000000e+00  0.0000000e+00  0.0000000e+00
  0.0000000e+00  0.0000000e+00  0.0000000e+00  0.0000000e+00  0.0000000e+00
  0.0000000e+00  0.0000000e+00  0.0000000e+00  0.0000000e+00  0.0000000e+00
  0.0000000e+00  0.0000000e+00  0.0000000e+00  0.0000000e+00  0.0000000e+00
  0.0000000e+00  0.0000000e+00  0.0000000e+00  0.0000000e+00  0.0000000e+00
  0.0000000e+00  0.0000000e+00  0.0000000e+00  0.0000000e+00  0.0000000e+00
  0.0000000e+00  0.0000000e+00  0.0000000e+00  0.0000000e+00  0.0000000e+00
  0.0000000e+00  0.0000000e+00  0.0000000e+00  0.0000000e+00  0.0000000e+00
  0.0000000e+00  0.0000000e+00  0.0000000e+00  0.0000000e+00  0.0000000e+00
  0.0000000e+00  0.0000000e+00  0.0000000e+00  0.0000000e+00  0.0000000e+00
  0.0000000e+00  0.0000000e+00  0.0000000e+00  0.0000000e+00  0.0000000e+00
  0.0000000e+00  0.0000000e+00  0.0000000e+00  0.0000000e+00  0.0000000e+00
  0.0000000e+00  0.0000000e+00  0.0000000e+00  0.0000000e+00  0.0000000e+00
  0.0000000e+00  0.0000000e+00  0.0000000e+00  0.0000000e+00  0.0000000e+00
  0.0000000e+00  0.0000000e+00  0.0000000e+00  0.0000000e+00  0.0000000e+00
  0.0000000e+00  0.0000000e+00  0.0000000e+00  0.0000000e+00  0.0000000e+00
  0.0000000e+00  0.0000000e+00  0.0000000e+00  0.0000000e+00  0.0000000e+00
  0.0000000e+00  0.0000000e+00  0.0000000e+00  0.0000000e+00  0.0000000e+00
  0.0000000e+00  0.0000000e+00  0.0000000e+00  0.0000000e+00  0.0000000e+00
  0.0000000e+00  0.0000000e+00  0.0000000e+00  0.0000000e+00  0.0000000e+00
  0.0000000e+00  0.0000000e+00  0.0000000e+00  0.0000000e+00  0.0000000e+00
  0.0000000e+00  0.0000000e+00  0.0000000e+00  0.0000000e+00  0.0000000e+00
  0.0000000e+00  0.0000000e+00  0.0000000e+00  0.0000000e+00  0.0000000e+00
  0.0000000e+00  0.0000000e+00  0.0000000e+00  0.0000000e+00  0.0000000e+00
  0.0000000e+00  0.0000000e+00  0.0000000e+00  0.0000000e+00  0.0000000e+00
  0.0000000e+00  0.0000000e+00  0.0000000e+00  0.0000000e+00  0.0000000e+00
  0.0000000e+00  0.0000000e+00  0.0000000e+00  0.0000000e+00
