   0.0000000000000000     
   2.0000000000000000     
   4.0000000000000000     
   6.0000000000000000     
   8.0000000000000000     
   10.000000000000000     
   12.000000000000000     
   14.000000000000000     
   16.000000000000000     
   18.000000000000000     
   20.000000000000000     
   22.000000000000000     
   24.000000000000000     
   26.000000000000000     
   28.000000000000000     
   30.000000000000000     
   32.000000000000000     
   34.000000000000000     
   36.000000000000000     
   38.000000000000000     
   40.000000000000000     
   42.000000000000000     
   44.000000000000000     
   46.000000000000000     
   48.000000000000000     
   50.000000000000000     
   52.000000000000000     
   54.000000000000000     
   56.000000000000000     
   58.000000000000000     
   60.000000000000000     
   62.000000000000000     
   64.000000000000000     
   66.000000000000000     
   68.000000000000000     
   70.000000000000000     
   72.000000000000000     
   74.000000000000000     
   76.000000000000000     
   78.000000000000000     
   80.000000000000000     
   82.000000000000000     
   84.000000000000000     
   86.000000000000000     
   88.000000000000000     
   90.000000000000000     
   92.000000000000000     
   94.000000000000000     
   96.000000000000000     
   98.000000000000000     
   100.00000000000000     
   102.00000000000000     
   104.00000000000000     
   106.00000000000000     
   108.00000000000000     
   110.00000000000000     
   112.00000000000000     
   114.00000000000000     
   116.00000000000000     
   118.00000000000000     
   120.00000000000000     
   122.00000000000000     
   124.00000000000000     
   126.00000000000000     
   128.00000000000000     
   130.00000000000000     
   132.00000000000000     
   134.00000000000000     
   136.00000000000000     
   138.00000000000000     
   140.00000000000000     
   142.00000000000000     
   144.00000000000000     
   146.00000000000000     
   148.00000000000000     
   150.00000000000000     
   152.00000000000000     
   154.00000000000000     
   156.00000000000000     
   158.00000000000000     
   160.00000000000000     
   162.00000000000000     
   164.00000000000000     
   166.00000000000000     
   168.00000000000000     
   170.00000000000000     
   172.00000000000000     
   174.00000000000000     
   176.00000000000000     
   178.00000000000000     
   180.00000000000000     
   182.00000000000000     
   184.00000000000000     
   186.00000000000000     
   188.00000000000000     
   190.00000000000000     
   192.00000000000000     
   194.00000000000000     
   196.00000000000000     
   198.00000000000000     
   200.00000000000000     
   202.00000000000000     
   204.00000000000000     
   206.00000000000000     
   208.00000000000000     
   210.00000000000000     
   212.00000000000000     
   214.00000000000000     
   216.00000000000000     
   218.00000000000000     
   220.00000000000000     
   222.00000000000000     
   224.00000000000000     
   226.00000000000000     
   228.00000000000000     
   230.00000000000000     
   232.00000000000000     
   234.00000000000000     
   236.00000000000000     
   238.00000000000000     
   240.00000000000000     
   242.00000000000000     
   244.00000000000000     
   246.00000000000000     
   248.00000000000000     
   250.00000000000000     
   252.00000000000000     
   254.00000000000000     
   256.00000000000000     
   258.00000000000000     
   260.00000000000000     
   262.00000000000000     
   264.00000000000000     
   266.00000000000000     
   268.00000000000000     
   270.00000000000000     
   272.00000000000000     
   274.00000000000000     
   276.00000000000000     
   278.00000000000000     
   280.00000000000000     
   282.00000000000000     
   284.00000000000000     
   286.00000000000000     
   288.00000000000000     
   290.00000000000000     
   292.00000000000000     
   294.00000000000000     
   296.00000000000000     
   298.00000000000000     
   300.00000000000000     
   302.00000000000000     
   304.00000000000000     
   306.00000000000000     
   308.00000000000000     
   310.00000000000000     
   312.00000000000000     
   314.00000000000000     
   316.00000000000000     
   318.00000000000000     
   320.00000000000000     
   322.00000000000000     
   324.00000000000000     
   326.00000000000000     
   328.00000000000000     
   330.00000000000000     
   332.00000000000000     
   334.00000000000000     
   336.00000000000000     
   338.00000000000000     
   340.00000000000000     
   342.00000000000000     
   344.00000000000000     
   346.00000000000000     
   348.00000000000000     
   350.00000000000000     
   352.00000000000000     
   354.00000000000000     
   356.00000000000000     
   358.00000000000000     
   360.00000000000000     
   362.00000000000000     
   364.00000000000000     
   366.00000000000000     
   368.00000000000000     
   370.00000000000000     
   372.00000000000000     
   374.00000000000000     
   376.00000000000000     
   378.00000000000000     
   380.00000000000000     
   382.00000000000000     
   384.00000000000000     
   386.00000000000000     
   388.00000000000000     
   390.00000000000000     
   392.00000000000000     
   394.00000000000000     
   396.00000000000000     
   398.00000000000000     
   400.00000000000000     
   402.00000000000000     
   404.00000000000000     
   406.00000000000000     
   408.00000000000000     
   410.00000000000000     
   412.00000000000000     
   414.00000000000000     
   416.00000000000000     
   418.00000000000000     
   420.00000000000000     
   422.00000000000000     
   424.00000000000000     
   426.00000000000000     
   428.00000000000000     
   430.00000000000000     
   432.00000000000000     
   434.00000000000000     
   436.00000000000000     
   438.00000000000000     
   440.00000000000000     
   442.00000000000000     
   444.00000000000000     
   446.00000000000000     
   448.00000000000000     
   450.00000000000000     
   452.00000000000000     
   454.00000000000000     
   456.00000000000000     
   458.00000000000000     
   460.00000000000000     
   462.00000000000000     
   464.00000000000000     
   466.00000000000000     
   468.00000000000000     
   470.00000000000000     
   472.00000000000000     
   474.00000000000000     
   476.00000000000000     
   478.00000000000000     
   480.00000000000000     
   482.00000000000000     
   484.00000000000000     
   486.00000000000000     
   488.00000000000000     
   490.00000000000000     
   492.00000000000000     
   494.00000000000000     
   496.00000000000000     
   498.00000000000000     
   500.00000000000000     
   502.00000000000000     
   504.00000000000000     
   506.00000000000000     
   508.00000000000000     
   510.00000000000000     
   512.00000000000000     
   514.00000000000000     
   516.00000000000000     
   518.00000000000000     
   520.00000000000000     
   522.00000000000000     
   524.00000000000000     
   526.00000000000000     
   528.00000000000000     
   530.00000000000000     
   532.00000000000000     
   534.00000000000000     
   536.00000000000000     
   538.00000000000000     
   540.00000000000000     
   542.00000000000000     
   544.00000000000000     
   546.00000000000000     
   548.00000000000000     
   550.00000000000000     
   552.00000000000000     
   554.00000000000000     
   556.00000000000000     
   558.00000000000000     
   560.00000000000000     
   562.00000000000000     
   564.00000000000000     
   566.00000000000000     
   568.00000000000000     
   570.00000000000000     
   572.00000000000000     
   574.00000000000000     
   576.00000000000000     
   578.00000000000000     
   580.00000000000000     
   582.00000000000000     
   584.00000000000000     
   586.00000000000000     
   588.00000000000000     
   590.00000000000000     
   592.00000000000000     
   594.00000000000000     
   596.00000000000000     
   598.00000000000000     
   600.00000000000000     
   602.00000000000000     
   604.00000000000000     
   606.00000000000000     
   608.00000000000000     
   610.00000000000000     
   612.00000000000000     
   614.00000000000000     
   616.00000000000000     
   618.00000000000000     
   620.00000000000000     
   622.00000000000000     
   624.00000000000000     
   626.00000000000000     
   628.00000000000000     
   630.00000000000000     
   632.00000000000000     
   634.00000000000000     
   636.00000000000000     
   638.00000000000000     
   640.00000000000000     
   642.00000000000000     
   644.00000000000000     
   646.00000000000000     
   648.00000000000000     
   650.00000000000000     
   652.00000000000000     
   654.00000000000000     
   656.00000000000000     
   658.00000000000000     
   660.00000000000000     
   662.00000000000000     
   664.00000000000000     
   666.00000000000000     
   668.00000000000000     
   670.00000000000000     
   672.00000000000000     
   674.00000000000000     
   676.00000000000000     
   678.00000000000000     
   680.00000000000000     
   682.00000000000000     
   684.00000000000000     
   686.00000000000000     
   688.00000000000000     
   690.00000000000000     
   692.00000000000000     
   694.00000000000000     
   696.00000000000000     
   698.00000000000000     
   700.00000000000000     
   702.00000000000000     
   704.00000000000000     
   706.00000000000000     
   708.00000000000000     
   710.00000000000000     
   712.00000000000000     
   714.00000000000000     
   716.00000000000000     
   718.00000000000000     
   720.00000000000000     
   722.00000000000000     
   724.00000000000000     
   726.00000000000000     
   728.00000000000000     
   730.00000000000000     
   732.00000000000000     
   734.00000000000000     
   736.00000000000000     
   738.00000000000000     
   740.00000000000000     
   742.00000000000000     
   744.00000000000000     
   746.00000000000000     
   748.00000000000000     
   750.00000000000000     
   752.00000000000000     
   754.00000000000000     
   756.00000000000000     
   758.00000000000000     
   760.00000000000000     
   762.00000000000000     
   764.00000000000000     
   766.00000000000000     
   768.00000000000000     
   770.00000000000000     
   772.00000000000000     
   774.00000000000000     
   776.00000000000000     
   778.00000000000000     
   780.00000000000000     
   782.00000000000000     
   784.00000000000000     
   786.00000000000000     
   788.00000000000000     
   790.00000000000000     
   792.00000000000000     
   794.00000000000000     
   796.00000000000000     
   798.00000000000000     
   800.00000000000000     
   802.00000000000000     
   804.00000000000000     
   806.00000000000000     
   808.00000000000000     
   810.00000000000000     
   812.00000000000000     
   814.00000000000000     
   816.00000000000000     
   818.00000000000000     
   820.00000000000000     
   822.00000000000000     
   824.00000000000000     
   826.00000000000000     
   828.00000000000000     
   830.00000000000000     
   832.00000000000000     
   834.00000000000000     
   836.00000000000000     
   838.00000000000000     
   840.00000000000000     
   842.00000000000000     
   844.00000000000000     
   846.00000000000000     
   848.00000000000000     
   850.00000000000000     
   852.00000000000000     
   854.00000000000000     
   856.00000000000000     
   858.00000000000000     
   860.00000000000000     
   862.00000000000000     
   864.00000000000000     
   866.00000000000000     
   868.00000000000000     
   870.00000000000000     
   872.00000000000000     
   874.00000000000000     
   876.00000000000000     
   878.00000000000000     
   880.00000000000000     
   882.00000000000000     
   884.00000000000000     
   886.00000000000000     
   888.00000000000000     
   890.00000000000000     
   892.00000000000000     
   894.00000000000000     
   896.00000000000000     
   898.00000000000000     
   900.00000000000000     
   902.00000000000000     
   904.00000000000000     
   906.00000000000000     
   908.00000000000000     
   910.00000000000000     
   912.00000000000000     
   914.00000000000000     
   916.00000000000000     
   918.00000000000000     
   920.00000000000000     
   922.00000000000000     
   924.00000000000000     
   926.00000000000000     
   928.00000000000000     
   930.00000000000000     
   932.00000000000000     
   934.00000000000000     
   936.00000000000000     
   938.00000000000000     
   940.00000000000000     
   942.00000000000000     
   944.00000000000000     
   946.00000000000000     
   948.00000000000000     
   950.00000000000000     
   952.00000000000000     
   954.00000000000000     
   956.00000000000000     
   958.00000000000000     
   960.00000000000000     
   962.00000000000000     
   964.00000000000000     
   966.00000000000000     
   968.00000000000000     
   970.00000000000000     
   972.00000000000000     
   974.00000000000000     
   976.00000000000000     
   978.00000000000000     
   980.00000000000000     
   982.00000000000000     
   984.00000000000000     
   986.00000000000000     
   988.00000000000000     
   990.00000000000000     
   992.00000000000000     
   994.00000000000000     
   996.00000000000000     
   998.00000000000000     
   1000.0000000000000     
   1002.0000000000000     
   1004.0000000000000     
   1006.0000000000000     
   1008.0000000000000     
   1010.0000000000000     
   1012.0000000000000     
   1014.0000000000000     
   1016.0000000000000     
   1018.0000000000000     
   1020.0000000000000     
   1022.0000000000000     
   1024.0000000000000     
   1026.0000000000000     
   1028.0000000000000     
   1030.0000000000000     
   1032.0000000000000     
   1034.0000000000000     
   1036.0000000000000     
   1038.0000000000000     
   1040.0000000000000     
   1042.0000000000000     
   1044.0000000000000     
   1046.0000000000000     
   1048.0000000000000     
   1050.0000000000000     
   1052.0000000000000     
   1054.0000000000000     
   1056.0000000000000     
   1058.0000000000000     
   1060.0000000000000     
   1062.0000000000000     
   1064.0000000000000     
   1066.0000000000000     
   1068.0000000000000     
   1070.0000000000000     
   1072.0000000000000     
   1074.0000000000000     
   1076.0000000000000     
   1078.0000000000000     
   1080.0000000000000     
   1082.0000000000000     
   1084.0000000000000     
   1086.0000000000000     
   1088.0000000000000     
   1090.0000000000000     
   1092.0000000000000     
   1094.0000000000000     
   1096.0000000000000     
   1098.0000000000000     
   1100.0000000000000     
   1102.0000000000000     
   1104.0000000000000     
   1106.0000000000000     
   1108.0000000000000     
   1110.0000000000000     
   1112.0000000000000     
   1114.0000000000000     
   1116.0000000000000     
   1118.0000000000000     
   1120.0000000000000     
   1122.0000000000000     
   1124.0000000000000     
   1126.0000000000000     
   1128.0000000000000     
   1130.0000000000000     
   1132.0000000000000     
   1134.0000000000000     
   1136.0000000000000     
   1138.0000000000000     
   1140.0000000000000     
   1142.0000000000000     
   1144.0000000000000     
   1146.0000000000000     
   1148.0000000000000     
   1150.0000000000000     
   1152.0000000000000     
   1154.0000000000000     
   1156.0000000000000     
   1158.0000000000000     
   1160.0000000000000     
   1162.0000000000000     
   1164.0000000000000     
   1166.0000000000000     
   1168.0000000000000     
   1170.0000000000000     
   1172.0000000000000     
   1174.0000000000000     
   1176.0000000000000     
   1178.0000000000000     
   1180.0000000000000     
   1182.0000000000000     
   1184.0000000000000     
   1186.0000000000000     
   1188.0000000000000     
   1190.0000000000000     
   1192.0000000000000     
   1194.0000000000000     
   1196.0000000000000     
   1198.0000000000000     
   1200.0000000000000     
   1202.0000000000000     
   1204.0000000000000     
   1206.0000000000000     
   1208.0000000000000     
   1210.0000000000000     
   1212.0000000000000     
   1214.0000000000000     
   1216.0000000000000     
   1218.0000000000000     
   1220.0000000000000     
   1222.0000000000000     
   1224.0000000000000     
   1226.0000000000000     
   1228.0000000000000     
   1230.0000000000000     
   1232.0000000000000     
   1234.0000000000000     
   1236.0000000000000     
   1238.0000000000000     
   1240.0000000000000     
   1242.0000000000000     
   1244.0000000000000     
   1246.0000000000000     
   1248.0000000000000     
   1250.0000000000000     
   1252.0000000000000     
   1254.0000000000000     
   1256.0000000000000     
   1258.0000000000000     
   1260.0000000000000     
   1262.0000000000000     
   1264.0000000000000     
   1266.0000000000000     
   1268.0000000000000     
   1270.0000000000000     
   1272.0000000000000     
   1274.0000000000000     
   1276.0000000000000     
   1278.0000000000000     
   1280.0000000000000     
   1282.0000000000000     
   1284.0000000000000     
   1286.0000000000000     
   1288.0000000000000     
   1290.0000000000000     
   1292.0000000000000     
   1294.0000000000000     
   1296.0000000000000     
   1298.0000000000000     
   1300.0000000000000     
   1302.0000000000000     
   1304.0000000000000     
   1306.0000000000000     
   1308.0000000000000     
   1310.0000000000000     
   1312.0000000000000     
   1314.0000000000000     
   1316.0000000000000     
   1318.0000000000000     
   1320.0000000000000     
   1322.0000000000000     
   1324.0000000000000     
   1326.0000000000000     
   1328.0000000000000     
   1330.0000000000000     
   1332.0000000000000     
   1334.0000000000000     
   1336.0000000000000     
   1338.0000000000000     
   1340.0000000000000     
   1342.0000000000000     
   1344.0000000000000     
   1346.0000000000000     
   1348.0000000000000     
   1350.0000000000000     
   1352.0000000000000     
   1354.0000000000000     
   1356.0000000000000     
   1358.0000000000000     
   1360.0000000000000     
   1362.0000000000000     
   1364.0000000000000     
   1366.0000000000000     
   1368.0000000000000     
   1370.0000000000000     
   1372.0000000000000     
   1374.0000000000000     
   1376.0000000000000     
   1378.0000000000000     
   1380.0000000000000     
   1382.0000000000000     
   1384.0000000000000     
   1386.0000000000000     
   1388.0000000000000     
   1390.0000000000000     
   1392.0000000000000     
   1394.0000000000000     
   1396.0000000000000     
   1398.0000000000000     
   1400.0000000000000     
   1402.0000000000000     
   1404.0000000000000     
   1406.0000000000000     
   1408.0000000000000     
   1410.0000000000000     
   1412.0000000000000     
   1414.0000000000000     
   1416.0000000000000     
   1418.0000000000000     
   1420.0000000000000     
   1422.0000000000000     
   1424.0000000000000     
   1426.0000000000000     
   1428.0000000000000     
   1430.0000000000000     
   1432.0000000000000     
   1434.0000000000000     
   1436.0000000000000     
   1438.0000000000000     
   1440.0000000000000     
   1442.0000000000000     
   1444.0000000000000     
   1446.0000000000000     
   1448.0000000000000     
   1450.0000000000000     
   1452.0000000000000     
   1454.0000000000000     
   1456.0000000000000     
   1458.0000000000000     
   1460.0000000000000     
   1462.0000000000000     
   1464.0000000000000     
   1466.0000000000000     
   1468.0000000000000     
   1470.0000000000000     
   1472.0000000000000     
   1474.0000000000000     
   1476.0000000000000     
   1478.0000000000000     
   1480.0000000000000     
   1482.0000000000000     
   1484.0000000000000     
   1486.0000000000000     
   1488.0000000000000     
   1490.0000000000000     
   1492.0000000000000     
   1494.0000000000000     
   1496.0000000000000     
   1498.0000000000000     
   1500.0000000000000     
   1502.0000000000000     
   1504.0000000000000     
   1506.0000000000000     
   1508.0000000000000     
   1510.0000000000000     
   1512.0000000000000     
   1514.0000000000000     
   1516.0000000000000     
   1518.0000000000000     
   1520.0000000000000     
   1522.0000000000000     
   1524.0000000000000     
   1526.0000000000000     
   1528.0000000000000     
   1530.0000000000000     
   1532.0000000000000     
   1534.0000000000000     
   1536.0000000000000     
   1538.0000000000000     
   1540.0000000000000     
   1542.0000000000000     
   1544.0000000000000     
   1546.0000000000000     
   1548.0000000000000     
   1550.0000000000000     
   1552.0000000000000     
   1554.0000000000000     
   1556.0000000000000     
   1558.0000000000000     
   1560.0000000000000     
   1562.0000000000000     
   1564.0000000000000     
   1566.0000000000000     
   1568.0000000000000     
   1570.0000000000000     
   1572.0000000000000     
   1574.0000000000000     
   1576.0000000000000     
   1578.0000000000000     
   1580.0000000000000     
   1582.0000000000000     
   1584.0000000000000     
   1586.0000000000000     
   1588.0000000000000     
   1590.0000000000000     
   1592.0000000000000     
   1594.0000000000000     
   1596.0000000000000     
   1598.0000000000000     
   1600.0000000000000     
   1602.0000000000000     
   1604.0000000000000     
   1606.0000000000000     
   1608.0000000000000     
   1610.0000000000000     
   1612.0000000000000     
   1614.0000000000000     
   1616.0000000000000     
   1618.0000000000000     
   1620.0000000000000     
   1622.0000000000000     
   1624.0000000000000     
   1626.0000000000000     
   1628.0000000000000     
   1630.0000000000000     
   1632.0000000000000     
   1634.0000000000000     
   1636.0000000000000     
   1638.0000000000000     
   1640.0000000000000     
   1642.0000000000000     
   1644.0000000000000     
   1646.0000000000000     
   1648.0000000000000     
   1650.0000000000000     
   1652.0000000000000     
   1654.0000000000000     
   1656.0000000000000     
   1658.0000000000000     
   1660.0000000000000     
   1662.0000000000000     
   1664.0000000000000     
   1666.0000000000000     
   1668.0000000000000     
   1670.0000000000000     
   1672.0000000000000     
   1674.0000000000000     
   1676.0000000000000     
   1678.0000000000000     
   1680.0000000000000     
   1682.0000000000000     
   1684.0000000000000     
   1686.0000000000000     
   1688.0000000000000     
   1690.0000000000000     
   1692.0000000000000     
   1694.0000000000000     
   1696.0000000000000     
   1698.0000000000000     
   1700.0000000000000     
   1702.0000000000000     
   1704.0000000000000     
   1706.0000000000000     
   1708.0000000000000     
   1710.0000000000000     
   1712.0000000000000     
   1714.0000000000000     
   1716.0000000000000     
   1718.0000000000000     
   1720.0000000000000     
   1722.0000000000000     
   1724.0000000000000     
   1726.0000000000000     
   1728.0000000000000     
   1730.0000000000000     
   1732.0000000000000     
   1734.0000000000000     
   1736.0000000000000     
   1738.0000000000000     
   1740.0000000000000     
   1742.0000000000000     
   1744.0000000000000     
   1746.0000000000000     
   1748.0000000000000     
   1750.0000000000000     
   1752.0000000000000     
   1754.0000000000000     
   1756.0000000000000     
   1758.0000000000000     
   1760.0000000000000     
   1762.0000000000000     
   1764.0000000000000     
   1766.0000000000000     
   1768.0000000000000     
   1770.0000000000000     
   1772.0000000000000     
   1774.0000000000000     
   1776.0000000000000     
   1778.0000000000000     
   1780.0000000000000     
   1782.0000000000000     
   1784.0000000000000     
   1786.0000000000000     
   1788.0000000000000     
   1790.0000000000000     
   1792.0000000000000     
   1794.0000000000000     
   1796.0000000000000     
   1798.0000000000000     
   1800.0000000000000     
   1802.0000000000000     
   1804.0000000000000     
   1806.0000000000000     
   1808.0000000000000     
   1810.0000000000000     
   1812.0000000000000     
   1814.0000000000000     
   1816.0000000000000     
   1818.0000000000000     
   1820.0000000000000     
   1822.0000000000000     
   1824.0000000000000     
   1826.0000000000000     
   1828.0000000000000     
   1830.0000000000000     
   1832.0000000000000     
   1834.0000000000000     
   1836.0000000000000     
   1838.0000000000000     
   1840.0000000000000     
   1842.0000000000000     
   1844.0000000000000     
   1846.0000000000000     
   1848.0000000000000     
   1850.0000000000000     
   1852.0000000000000     
   1854.0000000000000     
   1856.0000000000000     
   1858.0000000000000     
   1860.0000000000000     
   1862.0000000000000     
   1864.0000000000000     
   1866.0000000000000     
   1868.0000000000000     
   1870.0000000000000     
   1872.0000000000000     
   1874.0000000000000     
   1876.0000000000000     
   1878.0000000000000     
   1880.0000000000000     
   1882.0000000000000     
   1884.0000000000000     
   1886.0000000000000     
   1888.0000000000000     
   1890.0000000000000     
   1892.0000000000000     
   1894.0000000000000     
   1896.0000000000000     
   1898.0000000000000     
   1900.0000000000000     
   1902.0000000000000     
   1904.0000000000000     
   1906.0000000000000     
   1908.0000000000000     
   1910.0000000000000     
   1912.0000000000000     
   1914.0000000000000     
   1916.0000000000000     
   1918.0000000000000     
   1920.0000000000000     
   1922.0000000000000     
   1924.0000000000000     
   1926.0000000000000     
   1928.0000000000000     
   1930.0000000000000     
   1932.0000000000000     
   1934.0000000000000     
   1936.0000000000000     
   1938.0000000000000     
   1940.0000000000000     
   1942.0000000000000     
   1944.0000000000000     
   1946.0000000000000     
   1948.0000000000000     
   1950.0000000000000     
   1952.0000000000000     
   1954.0000000000000     
   1956.0000000000000     
   1958.0000000000000     
   1960.0000000000000     
   1962.0000000000000     
   1964.0000000000000     
   1966.0000000000000     
   1968.0000000000000     
   1970.0000000000000     
   1972.0000000000000     
   1974.0000000000000     
   1976.0000000000000     
   1978.0000000000000     
   1980.0000000000000     
   1982.0000000000000     
   1984.0000000000000     
   1986.0000000000000     
   1988.0000000000000     
   1990.0000000000000     
   1992.0000000000000     
   1994.0000000000000     
   1996.0000000000000     
   1998.0000000000000     
   2000.0000000000000     
   2002.0000000000000     
   2004.0000000000000     
   2006.0000000000000     
   2008.0000000000000     
   2010.0000000000000     
   2012.0000000000000     
   2014.0000000000000     
   2016.0000000000000     
   2018.0000000000000     
   2020.0000000000000     
   2022.0000000000000     
   2024.0000000000000     
   2026.0000000000000     
   2028.0000000000000     
   2030.0000000000000     
   2032.0000000000000     
   2034.0000000000000     
   2036.0000000000000     
   2038.0000000000000     
   2040.0000000000000     
   2042.0000000000000     
   2044.0000000000000     
   2046.0000000000000     
   2048.0000000000000     
   2050.0000000000000     
   2052.0000000000000     
   2054.0000000000000     
   2056.0000000000000     
   2058.0000000000000     
   2060.0000000000000     
   2062.0000000000000     
   2064.0000000000000     
   2066.0000000000000     
   2068.0000000000000     
   2070.0000000000000     
   2072.0000000000000     
   2074.0000000000000     
   2076.0000000000000     
   2078.0000000000000     
   2080.0000000000000     
   2082.0000000000000     
   2084.0000000000000     
   2086.0000000000000     
   2088.0000000000000     
   2090.0000000000000     
   2092.0000000000000     
   2094.0000000000000     
   2096.0000000000000     
   2098.0000000000000     
   2100.0000000000000     
   2102.0000000000000     
   2104.0000000000000     
   2106.0000000000000     
   2108.0000000000000     
   2110.0000000000000     
   2112.0000000000000     
   2114.0000000000000     
   2116.0000000000000     
   2118.0000000000000     
   2120.0000000000000     
   2122.0000000000000     
   2124.0000000000000     
   2126.0000000000000     
   2128.0000000000000     
   2130.0000000000000     
   2132.0000000000000     
   2134.0000000000000     
   2136.0000000000000     
   2138.0000000000000     
   2140.0000000000000     
   2142.0000000000000     
   2144.0000000000000     
   2146.0000000000000     
   2148.0000000000000     
   2150.0000000000000     
   2152.0000000000000     
   2154.0000000000000     
   2156.0000000000000     
   2158.0000000000000     
   2160.0000000000000     
   2162.0000000000000     
   2164.0000000000000     
   2166.0000000000000     
   2168.0000000000000     
   2170.0000000000000     
   2172.0000000000000     
   2174.0000000000000     
   2176.0000000000000     
   2178.0000000000000     
   2180.0000000000000     
   2182.0000000000000     
   2184.0000000000000     
   2186.0000000000000     
   2188.0000000000000     
   2190.0000000000000     
   2192.0000000000000     
   2194.0000000000000     
   2196.0000000000000     
   2198.0000000000000     
   2200.0000000000000     
   2202.0000000000000     
   2204.0000000000000     
   2206.0000000000000     
   2208.0000000000000     
   2210.0000000000000     
   2212.0000000000000     
   2214.0000000000000     
   2216.0000000000000     
   2218.0000000000000     
   2220.0000000000000     
   2222.0000000000000     
   2224.0000000000000     
   2226.0000000000000     
   2228.0000000000000     
   2230.0000000000000     
   2232.0000000000000     
   2234.0000000000000     
   2236.0000000000000     
   2238.0000000000000     
   2240.0000000000000     
   2242.0000000000000     
   2244.0000000000000     
   2246.0000000000000     
   2248.0000000000000     
   2250.0000000000000     
   2252.0000000000000     
   2254.0000000000000     
   2256.0000000000000     
   2258.0000000000000     
   2260.0000000000000     
   2262.0000000000000     
   2264.0000000000000     
   2266.0000000000000     
   2268.0000000000000     
   2270.0000000000000     
   2272.0000000000000     
   2274.0000000000000     
   2276.0000000000000     
   2278.0000000000000     
   2280.0000000000000     
   2282.0000000000000     
   2284.0000000000000     
   2286.0000000000000     
   2288.0000000000000     
   2290.0000000000000     
   2292.0000000000000     
   2294.0000000000000     
   2296.0000000000000     
   2298.0000000000000     
   2300.0000000000000     
   2302.0000000000000     
   2304.0000000000000     
   2306.0000000000000     
   2308.0000000000000     
   2310.0000000000000     
   2312.0000000000000     
   2314.0000000000000     
   2316.0000000000000     
   2318.0000000000000     
   2320.0000000000000     
   2322.0000000000000     
   2324.0000000000000     
   2326.0000000000000     
   2328.0000000000000     
   2330.0000000000000     
   2332.0000000000000     
   2334.0000000000000     
   2336.0000000000000     
   2338.0000000000000     
   2340.0000000000000     
   2342.0000000000000     
   2344.0000000000000     
   2346.0000000000000     
   2348.0000000000000     
   2350.0000000000000     
   2352.0000000000000     
   2354.0000000000000     
   2356.0000000000000     
   2358.0000000000000     
   2360.0000000000000     
   2362.0000000000000     
   2364.0000000000000     
   2366.0000000000000     
   2368.0000000000000     
   2370.0000000000000     
   2372.0000000000000     
   2374.0000000000000     
   2376.0000000000000     
   2378.0000000000000     
   2380.0000000000000     
   2382.0000000000000     
   2384.0000000000000     
   2386.0000000000000     
   2388.0000000000000     
   2390.0000000000000     
   2392.0000000000000     
   2394.0000000000000     
   2396.0000000000000     
   2398.0000000000000     
   2400.0000000000000     
   2402.0000000000000     
   2404.0000000000000     
   2406.0000000000000     
   2408.0000000000000     
   2410.0000000000000     
   2412.0000000000000     
   2414.0000000000000     
   2416.0000000000000     
   2418.0000000000000     
   2420.0000000000000     
   2422.0000000000000     
   2424.0000000000000     
   2426.0000000000000     
   2428.0000000000000     
   2430.0000000000000     
   2432.0000000000000     
   2434.0000000000000     
   2436.0000000000000     
   2438.0000000000000     
   2440.0000000000000     
   2442.0000000000000     
   2444.0000000000000     
   2446.0000000000000     
   2448.0000000000000     
   2450.0000000000000     
   2452.0000000000000     
   2454.0000000000000     
   2456.0000000000000     
   2458.0000000000000     
   2460.0000000000000     
   2462.0000000000000     
   2464.0000000000000     
   2466.0000000000000     
   2468.0000000000000     
   2470.0000000000000     
   2472.0000000000000     
   2474.0000000000000     
   2476.0000000000000     
   2478.0000000000000     
   2480.0000000000000     
   2482.0000000000000     
   2484.0000000000000     
   2486.0000000000000     
   2488.0000000000000     
   2490.0000000000000     
   2492.0000000000000     
   2494.0000000000000     
   2496.0000000000000     
   2498.0000000000000     
   2500.0000000000000     
   2502.0000000000000     
   2504.0000000000000     
   2506.0000000000000     
   2508.0000000000000     
   2510.0000000000000     
   2512.0000000000000     
   2514.0000000000000     
   2516.0000000000000     
   2518.0000000000000     
   2520.0000000000000     
   2522.0000000000000     
   2524.0000000000000     
   2526.0000000000000     
   2528.0000000000000     
   2530.0000000000000     
   2532.0000000000000     
   2534.0000000000000     
   2536.0000000000000     
   2538.0000000000000     
   2540.0000000000000     
   2542.0000000000000     
   2544.0000000000000     
   2546.0000000000000     
   2548.0000000000000     
   2550.0000000000000     
   2552.0000000000000     
   2554.0000000000000     
   2556.0000000000000     
   2558.0000000000000     
   2560.0000000000000     
   2562.0000000000000     
   2564.0000000000000     
   2566.0000000000000     
   2568.0000000000000     
   2570.0000000000000     
   2572.0000000000000     
   2574.0000000000000     
   2576.0000000000000     
   2578.0000000000000     
   2580.0000000000000     
   2582.0000000000000     
   2584.0000000000000     
   2586.0000000000000     
   2588.0000000000000     
   2590.0000000000000     
   2592.0000000000000     
   2594.0000000000000     
   2596.0000000000000     
   2598.0000000000000     
   2600.0000000000000     
   2602.0000000000000     
   2604.0000000000000     
   2606.0000000000000     
   2608.0000000000000     
   2610.0000000000000     
   2612.0000000000000     
   2614.0000000000000     
   2616.0000000000000     
   2618.0000000000000     
   2620.0000000000000     
   2622.0000000000000     
   2624.0000000000000     
   2626.0000000000000     
   2628.0000000000000     
   2630.0000000000000     
   2632.0000000000000     
   2634.0000000000000     
   2636.0000000000000     
   2638.0000000000000     
   2640.0000000000000     
   2642.0000000000000     
   2644.0000000000000     
   2646.0000000000000     
   2648.0000000000000     
   2650.0000000000000     
   2652.0000000000000     
   2654.0000000000000     
   2656.0000000000000     
   2658.0000000000000     
   2660.0000000000000     
   2662.0000000000000     
   2664.0000000000000     
   2666.0000000000000     
   2668.0000000000000     
   2670.0000000000000     
   2672.0000000000000     
   2674.0000000000000     
   2676.0000000000000     
   2678.0000000000000     
   2680.0000000000000     
   2682.0000000000000     
   2684.0000000000000     
   2686.0000000000000     
   2688.0000000000000     
   2690.0000000000000     
   2692.0000000000000     
   2694.0000000000000     
   2696.0000000000000     
   2698.0000000000000     
   2700.0000000000000     
   2702.0000000000000     
   2704.0000000000000     
   2706.0000000000000     
   2708.0000000000000     
   2710.0000000000000     
   2712.0000000000000     
   2714.0000000000000     
   2716.0000000000000     
   2718.0000000000000     
   2720.0000000000000     
   2722.0000000000000     
   2724.0000000000000     
   2726.0000000000000     
   2728.0000000000000     
   2730.0000000000000     
   2732.0000000000000     
   2734.0000000000000     
   2736.0000000000000     
   2738.0000000000000     
   2740.0000000000000     
   2742.0000000000000     
   2744.0000000000000     
   2746.0000000000000     
   2748.0000000000000     
   2750.0000000000000     
   2752.0000000000000     
   2754.0000000000000     
   2756.0000000000000     
   2758.0000000000000     
   2760.0000000000000     
   2762.0000000000000     
   2764.0000000000000     
   2766.0000000000000     
   2768.0000000000000     
   2770.0000000000000     
   2772.0000000000000     
   2774.0000000000000     
   2776.0000000000000     
   2778.0000000000000     
   2780.0000000000000     
   2782.0000000000000     
   2784.0000000000000     
   2786.0000000000000     
   2788.0000000000000     
   2790.0000000000000     
   2792.0000000000000     
   2794.0000000000000     
   2796.0000000000000     
   2798.0000000000000     
   2800.0000000000000     
   2802.0000000000000     
   2804.0000000000000     
   2806.0000000000000     
   2808.0000000000000     
   2810.0000000000000     
   2812.0000000000000     
   2814.0000000000000     
   2816.0000000000000     
   2818.0000000000000     
   2820.0000000000000     
   2822.0000000000000     
   2824.0000000000000     
   2826.0000000000000     
   2828.0000000000000     
   2830.0000000000000     
   2832.0000000000000     
   2834.0000000000000     
   2836.0000000000000     
   2838.0000000000000     
   2840.0000000000000     
   2842.0000000000000     
   2844.0000000000000     
   2846.0000000000000     
   2848.0000000000000     
   2850.0000000000000     
   2852.0000000000000     
   2854.0000000000000     
   2856.0000000000000     
   2858.0000000000000     
   2860.0000000000000     
   2862.0000000000000     
   2864.0000000000000     
   2866.0000000000000     
   2868.0000000000000     
   2870.0000000000000     
   2872.0000000000000     
   2874.0000000000000     
   2876.0000000000000     
   2878.0000000000000     
   2880.0000000000000     
   2882.0000000000000     
   2884.0000000000000     
   2886.0000000000000     
   2888.0000000000000     
   2890.0000000000000     
   2892.0000000000000     
   2894.0000000000000     
   2896.0000000000000     
   2898.0000000000000     
   2900.0000000000000     
   2902.0000000000000     
   2904.0000000000000     
   2906.0000000000000     
   2908.0000000000000     
   2910.0000000000000     
   2912.0000000000000     
   2914.0000000000000     
   2916.0000000000000     
   2918.0000000000000     
   2920.0000000000000     
   2922.0000000000000     
   2924.0000000000000     
   2926.0000000000000     
   2928.0000000000000     
   2930.0000000000000     
   2932.0000000000000     
   2934.0000000000000     
   2936.0000000000000     
   2938.0000000000000     
   2940.0000000000000     
   2942.0000000000000     
   2944.0000000000000     
   2946.0000000000000     
   2948.0000000000000     
   2950.0000000000000     
   2952.0000000000000     
   2954.0000000000000     
   2956.0000000000000     
   2958.0000000000000     
   2960.0000000000000     
   2962.0000000000000     
   2964.0000000000000     
   2966.0000000000000     
   2968.0000000000000     
   2970.0000000000000     
   2972.0000000000000     
   2974.0000000000000     
   2976.0000000000000     
   2978.0000000000000     
   2980.0000000000000     
   2982.0000000000000     
   2984.0000000000000     
   2986.0000000000000     
   2988.0000000000000     
   2990.0000000000000     
   2992.0000000000000     
   2994.0000000000000     
   2996.0000000000000     
   2998.0000000000000     
   3000.0000000000000     
   3002.0000000000000     
   3004.0000000000000     
   3006.0000000000000     
   3008.0000000000000     
   3010.0000000000000     
   3012.0000000000000     
   3014.0000000000000     
   3016.0000000000000     
   3018.0000000000000     
   3020.0000000000000     
   3022.0000000000000     
   3024.0000000000000     
   3026.0000000000000     
   3028.0000000000000     
   3030.0000000000000     
   3032.0000000000000     
   3034.0000000000000     
   3036.0000000000000     
   3038.0000000000000     
   3040.0000000000000     
   3042.0000000000000     
   3044.0000000000000     
   3046.0000000000000     
   3048.0000000000000     
   3050.0000000000000     
   3052.0000000000000     
   3054.0000000000000     
   3056.0000000000000     
   3058.0000000000000     
   3060.0000000000000     
   3062.0000000000000     
   3064.0000000000000     
   3066.0000000000000     
   3068.0000000000000     
   3070.0000000000000     
   3072.0000000000000     
   3074.0000000000000     
   3076.0000000000000     
   3078.0000000000000     
   3080.0000000000000     
   3082.0000000000000     
   3084.0000000000000     
   3086.0000000000000     
   3088.0000000000000     
   3090.0000000000000     
   3092.0000000000000     
   3094.0000000000000     
   3096.0000000000000     
   3098.0000000000000     
   3100.0000000000000     
   3102.0000000000000     
   3104.0000000000000     
   3106.0000000000000     
   3108.0000000000000     
   3110.0000000000000     
   3112.0000000000000     
   3114.0000000000000     
   3116.0000000000000     
   3118.0000000000000     
   3120.0000000000000     
   3122.0000000000000     
   3124.0000000000000     
   3126.0000000000000     
   3128.0000000000000     
   3130.0000000000000     
   3132.0000000000000     
   3134.0000000000000     
   3136.0000000000000     
   3138.0000000000000     
   3140.0000000000000     
   3142.0000000000000     
   3144.0000000000000     
   3146.0000000000000     
   3148.0000000000000     
   3150.0000000000000     
   3152.0000000000000     
   3154.0000000000000     
   3156.0000000000000     
   3158.0000000000000     
   3160.0000000000000     
   3162.0000000000000     
   3164.0000000000000     
   3166.0000000000000     
   3168.0000000000000     
   3170.0000000000000     
   3172.0000000000000     
   3174.0000000000000     
   3176.0000000000000     
   3178.0000000000000     
   3180.0000000000000     
   3182.0000000000000     
   3184.0000000000000     
   3186.0000000000000     
   3188.0000000000000     
   3190.0000000000000     
   3192.0000000000000     
   3194.0000000000000     
   3196.0000000000000     
   3198.0000000000000     
   3200.0000000000000     
   3202.0000000000000     
   3204.0000000000000     
   3206.0000000000000     
   3208.0000000000000     
   3210.0000000000000     
   3212.0000000000000     
   3214.0000000000000     
   3216.0000000000000     
   3218.0000000000000     
   3220.0000000000000     
   3222.0000000000000     
   3224.0000000000000     
   3226.0000000000000     
   3228.0000000000000     
   3230.0000000000000     
   3232.0000000000000     
   3234.0000000000000     
   3236.0000000000000     
   3238.0000000000000     
   3240.0000000000000     
   3242.0000000000000     
   3244.0000000000000     
   3246.0000000000000     
   3248.0000000000000     
   3250.0000000000000     
   3252.0000000000000     
   3254.0000000000000     
   3256.0000000000000     
   3258.0000000000000     
   3260.0000000000000     
   3262.0000000000000     
   3264.0000000000000     
   3266.0000000000000     
   3268.0000000000000     
   3270.0000000000000     
   3272.0000000000000     
   3274.0000000000000     
   3276.0000000000000     
   3278.0000000000000     
   3280.0000000000000     
   3282.0000000000000     
   3284.0000000000000     
   3286.0000000000000     
   3288.0000000000000     
   3290.0000000000000     
   3292.0000000000000     
   3294.0000000000000     
   3296.0000000000000     
   3298.0000000000000     
   3300.0000000000000     
   3302.0000000000000     
   3304.0000000000000     
   3306.0000000000000     
   3308.0000000000000     
   3310.0000000000000     
   3312.0000000000000     
   3314.0000000000000     
   3316.0000000000000     
   3318.0000000000000     
   3320.0000000000000     
   3322.0000000000000     
   3324.0000000000000     
   3326.0000000000000     
   3328.0000000000000     
   3330.0000000000000     
   3332.0000000000000     
   3334.0000000000000     
   3336.0000000000000     
   3338.0000000000000     
   3340.0000000000000     
   3342.0000000000000     
   3344.0000000000000     
   3346.0000000000000     
   3348.0000000000000     
   3350.0000000000000     
   3352.0000000000000     
   3354.0000000000000     
   3356.0000000000000     
   3358.0000000000000     
   3360.0000000000000     
   3362.0000000000000     
   3364.0000000000000     
   3366.0000000000000     
   3368.0000000000000     
   3370.0000000000000     
   3372.0000000000000     
   3374.0000000000000     
   3376.0000000000000     
   3378.0000000000000     
   3380.0000000000000     
   3382.0000000000000     
   3384.0000000000000     
   3386.0000000000000     
   3388.0000000000000     
   3390.0000000000000     
   3392.0000000000000     
   3394.0000000000000     
   3396.0000000000000     
   3398.0000000000000     
   3400.0000000000000     
   3402.0000000000000     
   3404.0000000000000     
   3406.0000000000000     
   3408.0000000000000     
   3410.0000000000000     
   3412.0000000000000     
   3414.0000000000000     
   3416.0000000000000     
   3418.0000000000000     
   3420.0000000000000     
   3422.0000000000000     
   3424.0000000000000     
   3426.0000000000000     
   3428.0000000000000     
   3430.0000000000000     
   3432.0000000000000     
   3434.0000000000000     
   3436.0000000000000     
   3438.0000000000000     
   3440.0000000000000     
   3442.0000000000000     
   3444.0000000000000     
   3446.0000000000000     
   3448.0000000000000     
   3450.0000000000000     
   3452.0000000000000     
   3454.0000000000000     
   3456.0000000000000     
   3458.0000000000000     
   3460.0000000000000     
   3462.0000000000000     
   3464.0000000000000     
   3466.0000000000000     
   3468.0000000000000     
   3470.0000000000000     
   3472.0000000000000     
   3474.0000000000000     
   3476.0000000000000     
   3478.0000000000000     
   3480.0000000000000     
   3482.0000000000000     
   3484.0000000000000     
   3486.0000000000000     
   3488.0000000000000     
   3490.0000000000000     
   3492.0000000000000     
   3494.0000000000000     
   3496.0000000000000     
   3498.0000000000000     
   3500.0000000000000     
   3502.0000000000000     
   3504.0000000000000     
   3506.0000000000000     
   3508.0000000000000     
   3510.0000000000000     
   3512.0000000000000     
   3514.0000000000000     
   3516.0000000000000     
   3518.0000000000000     
   3520.0000000000000     
   3522.0000000000000     
   3524.0000000000000     
   3526.0000000000000     
   3528.0000000000000     
   3530.0000000000000     
   3532.0000000000000     
   3534.0000000000000     
   3536.0000000000000     
   3538.0000000000000     
   3540.0000000000000     
   3542.0000000000000     
   3544.0000000000000     
   3546.0000000000000     
   3548.0000000000000     
   3550.0000000000000     
   3552.0000000000000     
   3554.0000000000000     
   3556.0000000000000     
   3558.0000000000000     
   3560.0000000000000     
   3562.0000000000000     
   3564.0000000000000     
   3566.0000000000000     
   3568.0000000000000     
   3570.0000000000000     
   3572.0000000000000     
   3574.0000000000000     
   3576.0000000000000     
   3578.0000000000000     
   3580.0000000000000     
   3582.0000000000000     
   3584.0000000000000     
   3586.0000000000000     
   3588.0000000000000     
   3590.0000000000000     
   3592.0000000000000     
   3594.0000000000000     
   3596.0000000000000     
   3598.0000000000000     
   3600.0000000000000     
   3602.0000000000000     
   3604.0000000000000     
   3606.0000000000000     
   3608.0000000000000     
   3610.0000000000000     
   3612.0000000000000     
   3614.0000000000000     
   3616.0000000000000     
   3618.0000000000000     
   3620.0000000000000     
   3622.0000000000000     
   3624.0000000000000     
   3626.0000000000000     
   3628.0000000000000     
   3630.0000000000000     
   3632.0000000000000     
   3634.0000000000000     
   3636.0000000000000     
   3638.0000000000000     
   3640.0000000000000     
   3642.0000000000000     
   3644.0000000000000     
   3646.0000000000000     
   3648.0000000000000     
   3650.0000000000000     
   3652.0000000000000     
   3654.0000000000000     
   3656.0000000000000     
   3658.0000000000000     
   3660.0000000000000     
   3662.0000000000000     
   3664.0000000000000     
   3666.0000000000000     
   3668.0000000000000     
   3670.0000000000000     
   3672.0000000000000     
   3674.0000000000000     
   3676.0000000000000     
   3678.0000000000000     
   3680.0000000000000     
   3682.0000000000000     
   3684.0000000000000     
   3686.0000000000000     
   3688.0000000000000     
   3690.0000000000000     
   3692.0000000000000     
   3694.0000000000000     
   3696.0000000000000     
   3698.0000000000000     
   3700.0000000000000     
   3702.0000000000000     
   3704.0000000000000     
   3706.0000000000000     
   3708.0000000000000     
   3710.0000000000000     
   3712.0000000000000     
   3714.0000000000000     
   3716.0000000000000     
   3718.0000000000000     
   3720.0000000000000     
   3722.0000000000000     
   3724.0000000000000     
   3726.0000000000000     
   3728.0000000000000     
   3730.0000000000000     
   3732.0000000000000     
   3734.0000000000000     
   3736.0000000000000     
   3738.0000000000000     
   3740.0000000000000     
   3742.0000000000000     
   3744.0000000000000     
   3746.0000000000000     
   3748.0000000000000     
   3750.0000000000000     
   3752.0000000000000     
   3754.0000000000000     
   3756.0000000000000     
   3758.0000000000000     
   3760.0000000000000     
   3762.0000000000000     
   3764.0000000000000     
   3766.0000000000000     
   3768.0000000000000     
   3770.0000000000000     
   3772.0000000000000     
   3774.0000000000000     
   3776.0000000000000     
   3778.0000000000000     
   3780.0000000000000     
   3782.0000000000000     
   3784.0000000000000     
   3786.0000000000000     
   3788.0000000000000     
   3790.0000000000000     
   3792.0000000000000     
   3794.0000000000000     
   3796.0000000000000     
   3798.0000000000000     
   3800.0000000000000     
   3802.0000000000000     
   3804.0000000000000     
   3806.0000000000000     
   3808.0000000000000     
   3810.0000000000000     
   3812.0000000000000     
   3814.0000000000000     
   3816.0000000000000     
   3818.0000000000000     
   3820.0000000000000     
   3822.0000000000000     
   3824.0000000000000     
   3826.0000000000000     
   3828.0000000000000     
   3830.0000000000000     
   3832.0000000000000     
   3834.0000000000000     
   3836.0000000000000     
   3838.0000000000000     
   3840.0000000000000     
   3842.0000000000000     
   3844.0000000000000     
   3846.0000000000000     
   3848.0000000000000     
   3850.0000000000000     
   3852.0000000000000     
   3854.0000000000000     
   3856.0000000000000     
   3858.0000000000000     
   3860.0000000000000     
   3862.0000000000000     
   3864.0000000000000     
   3866.0000000000000     
   3868.0000000000000     
   3870.0000000000000     
   3872.0000000000000     
   3874.0000000000000     
   3876.0000000000000     
   3878.0000000000000     
   3880.0000000000000     
   3882.0000000000000     
   3884.0000000000000     
   3886.0000000000000     
   3888.0000000000000     
   3890.0000000000000     
   3892.0000000000000     
   3894.0000000000000     
   3896.0000000000000     
   3898.0000000000000     
   3900.0000000000000     
   3902.0000000000000     
   3904.0000000000000     
   3906.0000000000000     
   3908.0000000000000     
   3910.0000000000000     
   3912.0000000000000     
   3914.0000000000000     
   3916.0000000000000     
   3918.0000000000000     
   3920.0000000000000     
   3922.0000000000000     
   3924.0000000000000     
   3926.0000000000000     
   3928.0000000000000     
   3930.0000000000000     
   3932.0000000000000     
   3934.0000000000000     
   3936.0000000000000     
   3938.0000000000000     
   3940.0000000000000     
   3942.0000000000000     
   3944.0000000000000     
   3946.0000000000000     
   3948.0000000000000     
   3950.0000000000000     
   3952.0000000000000     
   3954.0000000000000     
   3956.0000000000000     
   3958.0000000000000     
   3960.0000000000000     
   3962.0000000000000     
   3964.0000000000000     
   3966.0000000000000     
   3968.0000000000000     
   3970.0000000000000     
   3972.0000000000000     
   3974.0000000000000     
   3976.0000000000000     
   3978.0000000000000     
   3980.0000000000000     
   3982.0000000000000     
   3984.0000000000000     
   3986.0000000000000     
   3988.0000000000000     
   3990.0000000000000     
   3992.0000000000000     
   3994.0000000000000     
   3996.0000000000000     
   3998.0000000000000     
   4000.0000000000000     
