-4.926770 -5.443350 -5.749030 -5.809010 -5.854750
-5.901820 -5.981440 -6.048710 -5.992340 -6.035370
-6.274330 -6.405230 -6.050130 -5.703270 -6.093890
-6.701930 -6.815070 -6.606030 -5.856890 -4.971790
-4.655480 -4.670910 -4.949390 -5.092380 -4.430610
-3.448040 -2.718270 -2.164110 -1.676180 -1.455390
-1.432090 -0.978821 0.248905 1.650430 2.785260
3.582500 3.788110 3.546200 3.143840 2.538640
1.945520 1.438540 0.969035 0.966133 1.669130
2.356080 2.788450 2.631930 1.667720 0.813359
0.878154 1.399090 2.089170 2.628410 2.650230
2.445080 1.711390 0.729195 0.557932 0.452912
-0.588334 -1.453910 -1.301050 -1.174040 -1.832800
-2.354380 -2.191530 -2.132810 -2.557260 -3.149250
-3.912380 -4.467380 -4.200790 -3.472780 -2.826370
-2.238160 -1.705860 -1.257730 -0.841478 -0.623526
-0.819817 -1.239450 -1.578110 -1.575230 -1.162240
-0.613960 -0.194218 -0.152302 -0.514348 -0.883688
-1.250730 -1.680080 -1.791640 -1.618420 -1.456810
-1.297810 -0.959780 -0.727145 -0.862769 -1.310040
-2.084880 -2.665360 -2.407170 -1.956380 -2.108470
-2.494540 -2.712320 -2.857450 -2.898170 -2.834770
-2.808670 -2.720320 -2.315400 -1.793380 -1.625930
-1.699040 -1.777690 -1.793980 -1.677890 -1.593130
-1.768050 -1.953900 -1.883930 -1.659960 -1.297110
-0.692937 0.165076 0.796169 0.756352 0.285720
-0.409758 -1.041950 -1.158400 -0.828553 -0.370838
-0.011285 0.088491 0.100425 0.317945 0.567312
0.545070 0.563827 0.838951 0.893713 0.515650
-0.071838 -0.783165 -1.247670 -1.097660 -0.698364
-0.463039 -0.462897 -0.711438 -0.964031 -0.863909
-0.455447 -0.167691 -0.027324 0.060238 0.020676
-0.213880 -0.351414 0.147094 0.642439 0.503378
0.422172 0.746288 0.675236 -0.044311 -0.649554
-1.126200 -1.487520 -1.331420 -0.847544 -0.532565
-0.668846 -1.208440 -1.637390 -1.657170 -1.297040
-0.649069 -0.060782 0.081979 0.017303 0.019762
0.138445 0.420255 0.856656 1.446370 1.647640
0.921905 0.110503 0.079862 0.328281 0.320020
0.223125 0.089659 0.435752 1.280890 1.604560
0.781864 -0.177797 -0.366807 0.023800 0.746819
1.559950 2.067450 2.177150 1.981320 1.323460
0.219239 -0.545748 -0.709007 -0.671783 -0.449843
-4.926770 -5.443350 -5.749030 -5.809010 -5.854750
-5.901820 -5.981440 -6.048710 -5.992340 -6.035370
-6.274330 -6.405230 -6.050130 -5.703270 -6.093890
-6.701930 -6.815070 -6.606030 -5.856890 -4.971790
-4.655480 -4.670910 -4.949390 -5.092380 -4.430610
-3.448040 -2.718270 -2.164110 -1.676180 -1.455390
-1.432090 -0.978821 0.248905 1.650430 2.785260
3.582500 3.788110 3.546200 3.143840 2.538640
1.945520 1.438540 0.969035 0.966133 1.669130
2.356080 2.788450 2.631930 1.667720 0.813359
0.878154 1.399090 2.089170 2.628410 2.650230
2.445080 1.711390 0.729195 0.557932 0.452912
-0.588334 -1.453910 -1.301050 -1.174040 -1.832800
-2.354380 -2.191530 -2.132810 -2.557260 -3.149250
-3.912380 -4.467380 -4.200790 -3.472780 -2.826370
-2.238160 -1.705860 -1.257730 -0.841478 -0.623526
-0.819817 -1.239450 -1.578110 -1.575230 -1.162240
-0.613960 -0.194218 -0.152302 -0.514348 -0.883688
-1.250730 -1.680080 -1.791640 -1.618420 -1.456810
-1.297810 -0.959780 -0.727145 -0.862769 -1.310040
-2.084880 -2.665360 -2.407170 -1.956380 -2.108470
-2.494540 -2.712320 -2.857450 -2.898170 -2.834770
-2.808670 -2.720320 -2.315400 -1.793380 -1.625930
-1.699040 -1.777690 -1.793980 -1.677890 -1.593130
-1.768050 -1.953900 -1.883930 -1.659960 -1.297110
-0.692937 0.165076 0.796169 0.756352 0.285720
-0.409758 -1.041950 -1.158400 -0.828553 -0.370838
-0.011285 0.088491 0.100425 0.317945 0.567312
0.545070 0.563827 0.838951 0.893713 0.515650
-0.071838 -0.783165 -1.247670 -1.097660 -0.698364
-0.463039 -0.462897 -0.711438 -0.964031 -0.863909
-0.455447 -0.167691 -0.027324 0.060238 0.020676
-0.213880 -0.351414 0.147094 0.642439 0.503378
0.422172 0.746288 0.675236 -0.044311 -0.649554
-1.126200 -1.487520 -1.331420 -0.847544 -0.532565
-0.668846 -1.208440 -1.637390 -1.657170 -1.297040
-0.649069 -0.060782 0.081979 0.017303 0.019762
0.138445 0.420255 0.856656 1.446370 1.647640
0.921905 0.110503 0.079862 0.328281 0.320020
0.223125 0.089659 0.435752 1.280890 1.604560
0.781864 -0.177797 -0.366807 0.023800 0.746819
1.559950 2.067450 2.177150 1.981320 1.323460
0.219239 -0.545748 -0.709007 -0.671783 -0.449843
-4.746140 -5.152050 -5.692080 -5.893000 -5.992800
-6.027200 -5.997810 -5.950390 -5.879260 -6.020260
-6.465080 -6.757960 -6.365360 -5.883860 -6.447650
-7.210060 -6.861140 -6.314830 -5.642270 -4.789430
-4.450440 -4.421090 -4.918320 -5.223100 -4.091770
-2.761550 -2.364890 -1.989680 -1.337410 -1.294870
-1.325930 -0.433685 1.405140 3.224950 4.398710
5.245510 5.709360 5.669660 5.089440 4.109940
3.269810 2.600440 1.941590 1.731160 2.299610
3.135530 3.963900 3.965360 2.697800 1.463500
1.408390 2.141450 3.184280 3.622250 3.037310
2.470820 1.993390 1.580120 1.684730 1.082170
-0.868842 -2.246610 -1.920820 -1.555100 -2.562210
-3.820110 -4.279560 -4.374910 -4.485130 -4.701710
-5.212850 -5.639010 -5.386270 -4.770080 -4.333380
-3.923530 -3.336280 -2.618970 -1.853540 -1.258300
-1.082080 -1.268880 -1.572120 -1.633350 -1.276950
-0.642266 0.000987 0.098563 -0.534633 -1.249470
-1.723370 -1.967150 -1.790170 -1.430310 -1.253350
-1.165360 -0.909027 -0.849390 -1.226170 -1.860570
-2.707100 -3.179660 -2.724340 -2.198750 -2.424840
-2.940820 -3.307520 -3.553730 -3.618690 -3.544750
-3.441250 -3.175650 -2.530470 -1.862340 -1.868560
-2.282290 -2.486300 -2.397010 -2.124340 -1.823480
-1.746000 -1.911250 -2.169460 -2.261280 -1.807430
-0.776305 0.469424 1.236220 1.130750 0.509793
-0.297480 -0.951832 -1.084850 -0.716833 -0.126135
0.238525 0.179629 0.147283 0.561152 0.977530
0.836291 0.682603 0.964646 1.003700 0.442399
-0.409728 -1.367230 -1.881690 -1.615930 -1.112180
-0.761041 -0.623104 -0.720678 -0.780391 -0.549206
-0.108930 0.123765 0.188738 0.339953 0.497012
0.451401 0.339711 0.648187 0.805245 0.370121
0.295659 0.945826 1.167210 0.417296 -0.419340
-1.099160 -1.601470 -1.536800 -0.962219 -0.373855
-0.139238 -0.365918 -1.052130 -1.817720 -1.814390
-0.989604 -0.198167 -0.008796 -0.144164 -0.266553
-0.266427 -0.064616 0.379682 1.058100 1.320760
0.671073 0.071199 0.340235 0.749468 0.704717
0.495371 0.479626 1.309080 2.664830 3.187500
2.113190 0.772165 0.513697 1.033140 1.888350
2.790870 3.353600 3.542760 3.369160 2.345480
0.456348 -1.004680 -1.522800 -1.555290 -1.023500
-4.559530 -5.080860 -5.916490 -6.499160 -6.839490
-6.925730 -6.813070 -6.677020 -6.599590 -6.837000
-7.487780 -7.942450 -7.512820 -6.896920 -7.169720
-7.526460 -6.899660 -6.243570 -5.709570 -5.129980
-4.954380 -4.944260 -5.224920 -5.153900 -3.744010
-2.297880 -1.903630 -1.477330 -0.680131 -0.498388
-0.484850 0.437219 2.423830 4.414660 5.582250
6.272000 6.688970 6.760730 6.229050 5.280770
4.624520 4.180520 3.631230 3.308170 3.513110
3.968470 4.672300 4.801830 3.631940 2.246640
2.019680 2.776650 3.935280 4.264520 3.143240
2.042780 1.422630 0.972628 1.151060 1.174400
0.014600 -1.248280 -1.353540 -1.378120 -2.563450
-3.826060 -4.248330 -4.369910 -4.587270 -5.067540
-5.808740 -6.038920 -5.274130 -4.401830 -4.148550
-4.010050 -3.515920 -2.764720 -1.907970 -1.176510
-0.828197 -0.877140 -1.222120 -1.382440 -0.937151
-0.071226 0.848949 1.150000 0.485091 -0.371320
-0.912642 -1.227950 -1.207080 -0.963214 -0.786335
-0.669016 -0.355951 -0.219925 -0.637129 -1.434040
-2.424220 -2.992060 -2.627610 -2.136220 -2.343750
-2.943770 -3.482280 -3.731470 -3.532440 -3.001230
-2.422400 -2.011210 -1.642440 -1.414080 -1.805730
-2.480270 -2.805450 -2.540000 -1.864220 -1.350580
-1.272390 -1.338410 -1.422360 -1.498070 -1.175420
-0.253572 0.899784 1.448790 1.049220 0.310289
-0.377415 -0.858699 -0.892119 -0.459384 0.197076
0.559543 0.443929 0.433755 0.985219 1.453890
1.147440 0.802891 1.119670 1.352760 0.928025
0.212446 -0.578083 -1.145500 -1.223910 -0.968253
-0.534811 -0.214976 -0.251595 -0.365122 -0.254180
-0.006508 0.108487 0.292162 0.634665 0.934896
1.077970 1.016630 1.044690 0.979903 0.607432
0.520948 0.940194 0.959580 0.291868 -0.182166
-0.601240 -1.272930 -1.641920 -1.318310 -0.695629
-0.458218 -0.864757 -1.551280 -1.827650 -1.280150
-0.428342 -0.008952 -0.065414 -0.097203 0.031453
0.064581 0.067097 0.410578 1.116510 1.394630
0.754984 0.214269 0.581679 1.100010 0.897399
0.422103 0.297336 1.153890 2.878690 3.952980
3.163860 1.871570 1.575270 1.940470 2.483620
3.095580 3.656570 4.097790 4.176380 3.240350
1.328280 -0.316651 -1.086790 -1.118130 -0.394023
-4.743340 -5.367830 -6.245500 -6.987300 -7.511160
-7.686160 -7.529340 -7.322200 -7.240250 -7.522020
-8.252750 -8.783359 -8.389031 -7.765850 -7.834010
-7.956230 -7.376240 -6.732810 -6.076980 -5.493940
-5.412340 -5.470280 -5.603390 -5.283340 -3.775340
-2.217870 -1.633110 -1.109490 -0.248421 0.121026
0.220022 1.035680 2.879570 4.857480 6.148070
6.844360 7.162920 7.266110 6.982430 6.368190
5.897710 5.316360 4.368990 3.586660 3.476530
3.859380 4.588380 4.791010 3.820160 2.629360
2.424730 3.071310 4.138350 4.392860 3.087710
1.849390 1.275090 0.794074 0.720227 0.445691
-0.645865 -1.368880 -1.060150 -1.070180 -2.343210
-3.767180 -4.418100 -4.594290 -4.617880 -4.866430
-5.467190 -5.600050 -4.772290 -3.941000 -3.821910
-3.807420 -3.343430 -2.497330 -1.386650 -0.282109
0.336047 0.262893 -0.306819 -0.637272 -0.259889
0.578744 1.636750 2.167440 1.528570 0.515539
-0.098384 -0.336977 -0.271159 -0.102749 0.008360
0.242561 0.854081 1.225900 0.784823 -0.216944
-1.474130 -2.264430 -1.955020 -1.471610 -1.773310
-2.457510 -3.006030 -3.207740 -2.898510 -2.265130
-1.729290 -1.557280 -1.481780 -1.264680 -1.368770
-1.829910 -2.110860 -1.810290 -1.116860 -0.717127
-0.766392 -0.724474 -0.554849 -0.556606 -0.424638
0.285869 1.403810 1.958200 1.439210 0.527851
-0.207298 -0.566537 -0.491007 -0.085542 0.516683
0.970195 1.052580 1.085830 1.381590 1.473040
1.020440 0.853900 1.385460 1.699190 1.334370
0.735263 0.052054 -0.574353 -0.904092 -0.871984
-0.411293 0.106207 0.190944 0.020587 -0.072028
-0.010868 0.076157 0.227285 0.526854 0.937179
1.314210 1.356430 1.145820 0.761069 0.232606
-0.021356 0.278512 0.617837 0.451656 -0.203370
-1.242240 -1.698880 -1.159700 -0.589488 -0.347453
-0.149865 -0.233814 -0.822118 -1.454520 -1.454830
-0.915269 -0.435102 -0.338723 -0.311398 -0.072416
0.134601 0.124608 0.315633 0.876265 1.072640
0.646932 0.571861 1.258380 1.784160 1.424590
0.718266 0.355787 1.108740 3.004050 4.350790
3.778680 2.675120 2.518330 2.983660 3.467750
3.745060 3.944820 4.306250 4.613950 4.084770
2.490970 0.602455 -0.987399 -1.609410 -0.807393
-4.699860 -5.440880 -6.237730 -6.811530 -7.223560
-7.361540 -7.231180 -7.070660 -7.010550 -7.259050
-7.880300 -8.358030 -8.107730 -7.667490 -7.768610
-7.970950 -7.733470 -7.314020 -6.403320 -5.407400
-5.104820 -5.122640 -5.331420 -5.095850 -3.585110
-1.960970 -1.201010 -0.488733 0.534540 1.150520
1.377070 2.044320 3.480600 5.052670 6.324290
7.361240 8.088020 8.394590 8.129160 7.440880
6.893200 6.246660 5.057770 3.849250 3.438000
3.772980 4.470800 4.638420 3.743740 2.713170
2.596690 3.107430 3.767710 3.668180 2.452840
1.450820 0.842413 0.256668 0.205746 0.077037
-0.684721 -1.032850 -0.612372 -0.749970 -2.135320
-3.742050 -4.625790 -4.743110 -4.416400 -4.284600
-4.563720 -4.548720 -3.849000 -3.254430 -3.308220
-3.374540 -2.944200 -2.076910 -0.848705 0.384502
1.095090 1.211740 0.973243 0.871529 1.200510
1.961550 3.103200 3.642330 2.805110 1.555380
0.815305 0.514501 0.453515 0.480968 0.555699
0.854652 1.531560 1.998720 1.782700 0.924235
-0.454167 -1.439380 -1.206650 -0.684433 -0.860601
-1.398530 -1.889300 -2.149420 -1.982010 -1.563860
-1.241090 -1.231800 -1.395740 -1.455120 -1.552510
-1.676750 -1.677480 -1.299240 -0.440773 0.285374
0.471575 0.546072 0.559543 0.202827 -0.094860
0.370203 1.475420 2.004030 1.367940 0.469060
-0.032134 -0.154431 -0.052791 0.242108 0.769101
1.282020 1.571290 1.727940 1.899500 1.909720
1.579540 1.503160 2.028030 2.439290 2.205620
1.545100 0.753266 0.158388 -0.131819 -0.151347
0.258254 0.841286 1.068850 0.931313 0.640446
0.403689 0.238326 0.110061 0.078660 0.300066
0.730013 0.967746 1.046900 0.972012 0.529400
-0.002248 -0.066492 0.208151 0.284953 -0.038728
-0.784890 -1.335310 -1.336630 -1.117130 -0.954861
-0.842306 -0.887994 -1.184870 -1.300050 -0.841594
-0.216343 0.186636 0.290760 0.139782 -0.035479
-0.019817 -0.006048 0.054356 0.424157 0.689834
0.500704 0.419965 0.822403 1.171810 0.839652
0.378692 0.295237 0.975332 2.675530 4.106040
3.956800 3.316550 3.317890 3.730850 4.091450
4.241850 4.344880 4.523620 4.661210 4.335260
3.290260 1.905830 0.602234 -0.028168 0.439896
-4.683230 -5.638810 -6.363980 -6.799300 -7.147270
-7.276870 -7.178540 -7.075900 -7.050740 -7.266450
-7.778160 -8.203110 -8.096680 -7.839280 -7.858060
-7.971680 -8.116380 -8.020040 -6.863570 -5.484330
-5.008510 -5.014880 -5.189040 -4.880850 -3.420510
-1.828050 -0.807466 0.192944 1.348520 2.220700
2.632470 3.086760 3.992430 5.068720 6.282240
7.601760 8.651810 9.142250 8.917090 8.102610
7.364880 6.635210 5.372110 4.023670 3.510830
3.916660 4.884240 5.307250 4.506290 3.463900
3.149260 3.370210 3.798120 3.510550 2.245240
1.198320 0.414927 -0.180698 -0.023548 0.044022
-0.599056 -1.009950 -0.871390 -1.181260 -2.510830
-4.130320 -5.096240 -5.116880 -4.506740 -3.986670
-3.824990 -3.553240 -2.861210 -2.300200 -2.338320
-2.459670 -2.182010 -1.479750 -0.409793 0.766983
1.650540 1.989680 1.849190 1.747580 2.069030
2.986440 4.432040 5.107480 4.105920 2.585920
1.683360 1.307940 1.118470 0.983076 1.004610
1.453140 2.306500 2.766720 2.496130 1.685410
0.247814 -1.089510 -1.246470 -0.789959 -0.705901
-0.918473 -1.147670 -1.347870 -1.453800 -1.328700
-0.928925 -0.674399 -0.802451 -1.039450 -1.404260
-1.698700 -1.624020 -1.037480 -0.009892 0.784522
1.000790 1.090350 1.022420 0.440564 -0.270033
-0.321126 0.462241 1.115480 0.933166 0.406492
0.052605 0.033414 0.190964 0.383719 0.818870
1.437580 1.915900 2.120150 2.215460 2.198690
1.875770 1.725650 2.183600 2.679060 2.593810
2.003300 1.085450 0.253289 -0.028346 0.141039
0.570237 1.054250 1.188400 0.985170 0.778117
0.682935 0.474010 0.164944 -0.221199 -0.314771
0.222070 0.772080 1.003080 0.872357 0.204456
-0.731446 -1.197710 -0.794729 -0.028581 0.161532
-0.457929 -0.949362 -0.887643 -0.732130 -0.928545
-1.264730 -1.405340 -1.298960 -0.802380 -0.015973
0.495267 0.430142 -0.169712 -0.818215 -0.900186
-0.434255 0.010149 0.282061 0.615298 0.952239
1.326310 2.004150 2.750930 3.143810 2.646810
1.619500 0.879739 1.252240 2.858590 4.305670
4.354990 3.889150 3.837270 4.140460 4.447190
4.605570 4.807690 4.981150 4.914810 4.608120
3.976760 2.985770 1.921160 1.526450 2.281410
-4.959320 -5.853420 -6.488900 -6.858500 -7.152600
-7.334540 -7.345390 -7.320490 -7.330600 -7.512620
-7.914570 -8.286500 -8.322460 -8.262180 -8.337700
-8.471340 -8.725670 -8.620650 -7.290620 -5.723560
-5.129980 -5.154730 -5.358720 -5.007300 -3.439050
-1.674010 -0.548376 0.422327 1.614990 2.673890
3.193720 3.555070 4.258760 5.191040 6.399420
7.775910 8.909740 9.376380 8.975820 8.015230
7.273490 6.632720 5.411020 4.012440 3.445440
3.878090 4.906550 5.367470 4.723510 3.892520
3.458680 3.296070 3.419590 3.038700 1.974170
1.262620 0.605512 -0.034147 0.111155 0.217044
-0.445968 -0.891796 -0.804777 -1.310190 -2.822290
-4.378570 -5.103030 -4.855870 -4.022700 -3.417280
-3.392720 -3.406160 -2.944710 -2.279910 -1.904680
-1.800160 -1.718960 -1.312220 -0.318893 1.045900
2.264440 2.914410 2.981800 2.854250 2.872070
3.476190 4.837120 5.673250 4.876080 3.519230
2.730270 2.161270 1.479690 0.951121 0.869816
1.445060 2.577840 3.304870 3.104620 2.281200
0.848349 -0.678693 -1.215570 -0.938270 -0.634787
-0.473612 -0.473154 -0.754735 -1.226720 -1.446630
-1.081350 -0.506921 -0.167719 -0.190093 -0.764436
-1.386460 -1.385550 -0.699779 0.233705 0.725467
0.771934 0.927886 1.026620 0.599963 -0.137365
-0.540853 -0.212547 0.366493 0.570165 0.473126
0.424109 0.612789 0.697582 0.592550 0.874011
1.609330 2.383080 2.852560 3.110520 3.183620
2.894290 2.642840 2.813290 3.043880 2.788990
1.920710 0.733848 0.015158 0.203608 0.740420
1.195220 1.493420 1.410430 1.136600 1.091440
1.243880 1.035280 0.324924 -0.527822 -0.646509
0.280870 1.139150 1.347470 1.026170 0.200697
-0.738151 -1.137820 -0.875663 -0.337088 -0.060169
-0.268434 -0.421238 -0.315816 -0.286687 -0.667354
-1.157200 -1.361420 -1.130220 -0.302512 0.703122
1.127140 0.854285 0.097652 -0.698016 -1.007270
-0.791666 -0.452082 -0.014031 0.688432 1.464780
2.312600 3.246230 3.844650 4.013660 3.549820
2.690310 1.991190 2.321720 3.821490 5.151770
5.231790 4.711170 4.331180 4.330840 4.570230
4.797430 5.095280 5.292750 5.126860 4.844110
4.504650 3.836620 3.077430 2.973450 3.786320
-5.146950 -5.964010 -6.592670 -6.965940 -7.189900
-7.314980 -7.304240 -7.284690 -7.310650 -7.458040
-7.750540 -8.069170 -8.244790 -8.403330 -8.657920
-8.916200 -9.145690 -8.933040 -7.646000 -6.144690
-5.486230 -5.375530 -5.372900 -4.862700 -3.203510
-1.357280 -0.270911 0.595283 1.742870 2.871600
3.537500 4.023450 4.741430 5.568480 6.522180
7.548410 8.426840 8.876320 8.658190 7.857690
7.083980 6.425920 5.389950 4.252340 3.808540
4.126320 4.980400 5.609890 5.388650 4.593300
3.681050 3.184560 3.488560 3.564010 2.756610
1.839250 0.873467 0.077354 0.081868 0.278057
0.002007 -0.290915 -0.464910 -1.141180 -2.530730
-3.961730 -4.641590 -4.392080 -3.688740 -3.335790
-3.568320 -3.640860 -2.963930 -1.985860 -1.392330
-1.274240 -1.271070 -0.947643 -0.078030 1.194200
2.365270 3.023540 3.237140 3.279430 3.302540
3.657710 4.589100 5.239390 4.761580 3.838240
3.185180 2.453930 1.600490 1.174320 1.285480
1.803010 2.725920 3.353910 3.315420 2.816850
1.550220 -0.079315 -0.889815 -0.783912 -0.418042
-0.246961 -0.385981 -0.798058 -1.295980 -1.413110
-0.826894 0.054527 0.607229 0.508104 -0.237474
-0.952563 -1.063980 -0.436120 0.572251 1.108240
1.119400 1.223790 1.248910 0.774520 0.113296
-0.304155 -0.264693 0.182510 0.683984 0.933763
1.016790 1.089900 0.847022 0.512079 0.813235
1.643170 2.611520 3.456700 4.035370 4.216060
3.878620 3.455640 3.378960 3.402860 3.028060
2.142350 1.088320 0.426281 0.478906 0.932518
1.383290 1.694230 1.781540 1.808900 2.028620
2.201470 1.760400 0.875884 0.011710 -0.299199
0.242118 1.038000 1.605400 1.518310 0.624535
-0.195388 -0.275669 -0.010651 0.308616 0.592534
0.478921 0.123404 -0.259709 -0.725879 -1.395670
-1.864720 -1.774890 -1.167650 -0.069889 1.087880
1.608120 1.391250 0.725432 0.155811 0.018748
0.078478 0.059611 0.277959 0.898363 1.645600
2.593320 3.612280 4.214910 4.399560 4.091360
3.543620 3.206760 3.627710 4.869880 5.903700
5.852420 5.167840 4.463130 4.168840 4.368590
4.868460 5.515920 5.976280 5.915710 5.440340
4.814950 4.132250 3.631280 3.688930 4.274100
-5.685290 -6.310780 -6.901560 -7.287310 -7.425060
-7.379370 -7.281580 -7.242150 -7.266110 -7.378670
-7.562400 -7.827720 -8.142690 -8.520420 -9.160120
-9.786480 -9.915390 -9.480260 -8.204260 -6.777970
-6.039010 -5.680230 -5.612180 -5.159650 -3.313620
-1.274700 -0.345303 0.302326 1.330180 2.244730
2.951270 3.778190 4.768170 5.705240 6.563160
7.424020 8.267720 8.859750 8.691100 7.687610
6.577510 5.675260 4.735280 4.072530 4.198810
4.806900 5.617370 6.145780 5.880790 4.943460
3.743670 3.059890 3.361280 3.478760 2.565780
1.389490 0.250801 -0.557854 -0.497756 -0.140965
-0.184609 -0.412534 -0.746196 -1.463870 -2.599710
-3.789440 -4.492280 -4.487940 -4.117860 -3.919170
-3.946000 -3.725810 -2.987950 -2.132690 -1.608770
-1.415720 -1.246830 -0.702349 0.263959 1.252950
2.054290 2.727110 3.097940 3.205250 3.374940
3.737860 4.264180 4.447890 3.776200 2.874070
2.432850 2.087780 1.632430 1.510520 1.723620
2.222560 3.271920 4.249490 4.577940 4.070810
2.323560 0.151668 -1.051380 -1.070170 -0.419927
0.182142 0.290806 -0.142022 -0.810401 -1.084510
-0.590835 0.309304 0.906484 0.739312 -0.009368
-0.579945 -0.605720 0.032317 1.157600 1.803690
1.685070 1.567260 1.457600 0.842290 0.061413
-0.355936 -0.278365 0.122054 0.545360 0.769082
0.794572 0.820712 0.709652 0.634059 1.108040
1.943090 2.883300 3.819410 4.466860 4.666040
4.396310 3.850210 3.312870 2.924130 2.591670
2.241940 1.853280 1.412880 1.200010 1.319260
1.604510 1.929480 2.126050 2.099110 2.106520
2.202640 1.844290 1.127350 0.558759 0.353611
0.607307 1.157710 1.835200 1.860860 0.776042
-0.222137 -0.217627 0.234708 0.678030 1.036550
0.953036 0.450356 -0.219626 -0.909434 -1.608770
-2.013090 -1.910930 -1.411130 -0.525975 0.568510
1.311370 1.391510 1.036850 0.839853 0.898119
0.818191 0.522161 0.425352 0.652062 1.249070
2.467340 3.769810 4.532090 4.864010 4.527780
3.674720 3.054370 3.207360 4.161040 5.104880
5.280950 4.971510 4.569940 4.432520 4.645880
5.079660 5.673780 6.083870 5.917740 5.227290
4.421260 3.892740 3.815340 4.147810 4.657550
-6.292760 -6.978420 -7.515090 -7.816190 -7.801200
-7.671710 -7.579120 -7.539820 -7.563150 -7.640470
-7.715340 -7.927290 -8.381810 -8.978750 -9.739400
-10.472900 -10.754500 -10.348200 -9.067400 -7.619270
-6.732950 -6.212730 -5.907880 -5.273140 -3.495090
-1.513790 -0.491490 0.189197 1.094270 2.020770
2.922130 3.855330 4.726610 5.505690 6.338830
7.224940 8.003120 8.363270 7.961740 6.958290
5.925820 5.054230 4.262830 3.870660 4.250100
4.953710 5.642710 6.062440 5.874840 4.951940
3.459280 2.510880 2.885460 3.079260 2.028620
0.744206 -0.429193 -1.296780 -1.312430 -1.018140
-1.057820 -1.361070 -1.951240 -2.689140 -3.237960
-3.657050 -4.009430 -4.057400 -3.808810 -3.491920
-3.126950 -2.846700 -2.688760 -2.334720 -1.640640
-0.989503 -0.651448 -0.249039 0.488242 1.122950
1.505320 2.078180 2.645120 3.026580 3.549350
4.031020 4.156100 3.939370 3.360970 2.723720
2.392510 2.184490 1.974270 1.972650 2.087090
2.541960 3.730520 4.907730 5.372860 4.941230
3.274360 1.109730 -0.360851 -0.767554 -0.247248
0.608467 1.223890 1.185270 0.476566 -0.196102
-0.158792 0.495218 1.137040 1.116150 0.425460
-0.221793 -0.405426 0.132781 1.309470 2.005710
1.719330 1.387120 1.307170 0.821782 0.007982
-0.571699 -0.696371 -0.564006 -0.392884 -0.195502
-0.015606 0.154771 0.316620 0.761499 1.768430
2.890260 3.816640 4.449030 4.644120 4.615590
4.614550 4.510560 4.070360 3.380930 2.729180
2.257160 1.963880 1.674170 1.320360 1.044140
1.152620 1.686200 2.078010 1.951480 1.776420
1.805740 1.362390 0.583428 0.143043 0.117481
0.451047 1.130390 2.054380 2.126930 0.808173
-0.237244 0.108688 0.802664 1.040710 1.114210
0.955884 0.422997 -0.351671 -1.132910 -1.771700
-2.135360 -2.212730 -1.904810 -1.029100 0.255919
1.414890 1.898020 1.765080 1.701190 1.782720
1.568250 0.984205 0.434486 0.136272 0.478101
1.863150 3.391310 4.195980 4.481380 4.139210
3.112590 2.368390 2.595900 3.287600 3.782480
3.781440 3.536420 3.450840 3.806570 4.498630
5.201440 5.793510 6.043140 5.678000 4.864810
4.110680 3.903280 4.292950 4.797560 4.990480
-7.466660 -8.133880 -8.550560 -8.642450 -8.380010
-8.094390 -7.961570 -7.913820 -7.939910 -7.981810
-7.947390 -8.105940 -8.700340 -9.516300 -10.600200
-11.725000 -12.159700 -11.704000 -10.353400 -8.758950
-7.630250 -6.875450 -6.491060 -5.950410 -4.244890
-2.242250 -1.208580 -0.573011 0.246148 1.156320
2.202930 3.268330 4.146150 4.901110 5.788640
6.863960 7.863650 8.282070 7.773320 6.752310
5.785190 4.915300 4.080990 3.685860 4.026040
4.521310 4.997100 5.525570 5.674230 4.851850
3.094800 1.891310 2.150480 2.135160 0.874516
-0.290159 -1.119210 -1.650600 -1.463370 -1.293640
-1.585760 -1.873610 -2.335930 -3.076900 -3.571770
-3.785370 -3.988090 -3.980690 -3.577620 -3.055560
-2.652620 -2.501160 -2.505480 -2.180350 -1.361210
-0.712751 -0.586235 -0.280571 0.620412 1.381020
1.570350 1.901640 2.434950 2.796600 3.190150
3.569560 3.656240 3.506680 3.210660 2.978090
3.074210 3.129240 2.805820 2.521710 2.527150
3.043100 4.204860 5.376150 6.126660 5.968870
4.097100 1.393670 -0.546308 -1.106080 -0.416740
0.759238 1.695650 1.936600 1.435120 0.858358
0.849213 1.230050 1.492250 1.337420 0.815401
0.320426 0.161686 0.739478 1.940680 2.455310
1.838240 1.337800 1.241730 0.499170 -0.815884
-1.585780 -1.431200 -1.049860 -0.915056 -0.828299
-0.608487 -0.239006 0.245198 1.098850 2.449050
3.671270 4.494630 4.947650 4.940330 4.713300
4.662840 4.686960 4.319510 3.531820 2.695020
2.013180 1.571280 1.307220 1.252360 1.307410
1.335410 1.394170 1.468390 1.431100 1.491990
1.556320 0.877375 0.073250 -0.223953 -0.260822
-0.101645 0.554672 1.803190 2.242860 1.050960
-0.021632 0.231653 0.842131 0.965952 0.775060
0.419108 -0.080651 -0.758996 -1.497130 -2.043840
-2.188380 -2.057680 -1.776130 -1.211900 -0.379615
0.460512 1.128020 1.658420 2.071730 2.213000
1.981350 1.305350 0.420473 -0.462981 -0.706405
0.454723 2.065000 2.937350 3.209340 3.059920
2.431110 2.062040 2.442340 2.842750 2.937080
2.909610 2.961310 3.215790 3.790840 4.610390
5.219470 5.500420 5.650320 5.502390 4.905430
4.195590 3.985280 4.590500 5.277040 5.162690
-8.343810 -8.896860 -9.178620 -9.155400 -8.760930
-8.332420 -8.141880 -8.092420 -8.117890 -8.124140
-7.980320 -8.085430 -8.819861 -9.854870 -11.253300
-12.751300 -13.268000 -12.666900 -11.232000 -9.586260
-8.330380 -7.353420 -6.863670 -6.405120 -4.696250
-2.577690 -1.560260 -1.065980 -0.278253 0.760204
1.959040 3.087720 3.956890 4.704370 5.576330
6.621080 7.626470 8.118790 7.611140 6.430630
5.310000 4.435290 3.747600 3.487440 3.826780
4.296310 4.703430 5.071740 5.095120 4.128710
2.218720 1.093980 1.509690 1.676940 0.947678
0.303183 -0.623272 -1.745900 -2.125600 -2.078990
-2.152250 -2.159500 -2.426770 -3.150310 -3.703470
-3.981420 -4.269400 -4.244900 -3.631540 -2.879220
-2.495300 -2.605150 -2.935990 -2.764160 -1.878790
-1.101500 -0.847029 -0.402961 0.600062 1.374020
1.461200 1.610440 1.966490 2.202180 2.557330
3.004150 3.235390 3.361840 3.511570 3.674230
4.052970 4.311930 3.937960 3.212120 2.527880
2.511650 3.447070 4.682810 5.833490 6.151260
4.674170 2.321930 0.478701 -0.366037 -0.178807
0.599693 1.500700 1.988380 1.718790 1.155160
0.867252 0.995880 1.313910 1.350960 1.119580
0.974654 0.932706 1.393370 2.519230 2.916530
1.944240 1.036800 0.702873 -0.054056 -1.150620
-1.618260 -1.243790 -0.791080 -0.761815 -0.791382
-0.569732 -0.263098 0.061115 0.757757 1.924450
2.865150 3.438660 4.060610 4.548290 4.500930
4.290630 4.375730 4.408190 3.940990 3.168950
2.499710 2.141780 1.954760 1.898640 1.924650
1.718690 1.221670 0.857322 0.910752 1.472190
1.750490 0.784580 -0.067075 0.036544 -0.062264
-0.747698 -0.594898 1.172780 2.423620 1.569300
0.393887 0.300581 0.548570 0.519154 0.391709
0.163626 -0.391013 -1.126870 -1.656190 -1.884920
-1.960400 -1.996130 -1.872720 -1.399160 -0.720274
-0.101914 0.533780 1.331040 1.957600 2.074640
1.821140 1.174040 0.199118 -0.975727 -1.523090
-0.370748 1.388790 2.279830 2.453570 2.555180
2.572920 2.750350 3.332730 3.492030 3.221710
3.075700 3.155860 3.429360 3.946920 4.737850
5.363720 5.571210 5.693890 5.650600 5.237510
4.816060 4.826610 5.378550 5.707980 5.001970
-8.049520 -8.624880 -8.818340 -8.745330 -8.294870
-7.786990 -7.593300 -7.612450 -7.691400 -7.683370
-7.430550 -7.448980 -8.241780 -9.389250 -10.758500
-12.201700 -12.803400 -12.231100 -10.787500 -9.188360
-7.933460 -6.863820 -6.158000 -5.563350 -3.967140
-1.910720 -0.746085 -0.173720 0.490060 1.496060
2.838660 4.069190 4.903800 5.583730 6.354430
7.145960 7.815380 8.103080 7.529790 6.169510
4.661650 3.469290 2.852200 2.952760 3.514560
3.989830 4.423340 4.751400 4.532140 3.388000
1.489340 0.491457 1.129440 1.315730 0.249141
-0.737842 -1.740400 -2.606410 -2.490270 -2.033630
-2.101030 -2.600120 -3.424200 -4.209880 -4.407610
-4.361850 -4.678770 -4.860060 -4.181700 -3.135880
-2.668950 -2.779260 -2.843360 -2.507790 -1.800930
-1.162080 -0.827938 -0.223755 0.841434 1.455310
1.325760 1.436900 1.894970 2.225150 2.653150
3.104390 3.211890 3.223930 3.322030 3.449460
3.877480 4.287910 4.026920 3.217990 2.216990
1.849260 2.726290 4.287120 5.923410 6.689830
5.680270 3.696570 1.805970 0.625012 0.536293
1.131130 1.842110 2.207250 1.940370 1.309890
0.720882 0.557131 0.959361 1.447860 1.697490
1.726120 1.523000 1.685290 2.480120 2.525890
1.204760 0.045533 -0.225045 -0.517010 -1.072960
-1.481950 -1.524350 -1.204200 -0.704853 -0.231017
0.049347 0.041496 -0.084035 0.221754 1.104470
1.901610 2.529860 3.381130 4.222850 4.474860
4.236810 4.140600 4.299670 4.216110 3.775140
3.364630 3.181410 2.917160 2.546450 2.311910
1.908650 1.239790 0.864932 1.020730 1.713910
2.028040 0.984936 -0.031199 -0.100815 -0.283874
-0.975814 -0.911896 0.613859 1.755300 1.072800
-0.054121 -0.440743 -0.541894 -0.887906 -1.234350
-1.261840 -1.367190 -1.798710 -2.110540 -2.079840
-1.951040 -1.878050 -1.811430 -1.475380 -0.792432
-0.069506 0.540162 1.210120 1.780580 1.828410
1.372390 0.626786 -0.132679 -0.961028 -1.302470
-0.073799 1.679180 2.470060 2.548250 2.622490
2.558490 2.510980 2.780410 2.724880 2.468150
2.633800 3.166810 3.838700 4.653490 5.604420
6.212770 6.205700 5.883660 5.330850 4.765930
4.580880 4.824380 5.390620 5.473860 4.340490
-7.893540 -8.610010 -8.837650 -8.651500 -8.013240
-7.382640 -7.228690 -7.365710 -7.544620 -7.555350
-7.195670 -7.077850 -7.805210 -8.905730 -10.086100
-11.273800 -11.876100 -11.506100 -10.216900 -8.649960
-7.344020 -6.239310 -5.467090 -4.792310 -3.356250
-1.544810 -0.261531 0.631303 1.416040 2.397860
3.698010 4.841940 5.524950 5.939510 6.432430
7.176080 8.008950 8.306400 7.405620 5.500650
3.531650 2.463200 2.518560 3.107200 3.660680
3.907850 4.124260 4.345900 4.084280 2.954510
1.080800 -0.050091 0.466771 0.748367 -0.208220
-1.116260 -1.847600 -2.529320 -2.714830 -2.696860
-2.941350 -3.457920 -4.050180 -4.355000 -4.253610
-4.313710 -4.888030 -5.224310 -4.684150 -3.703550
-3.028270 -2.795260 -2.610850 -2.172170 -1.423760
-0.833792 -0.688926 -0.265337 0.778133 1.550170
1.648350 1.872390 2.264220 2.359010 2.454920
2.694380 2.889970 3.036780 3.032950 3.102800
3.782040 4.508140 4.431370 3.713900 2.587930
1.842610 2.390180 3.862680 5.594990 6.660210
6.163690 4.573700 2.729230 1.342060 0.927571
1.288880 2.035480 2.591770 2.399560 1.525390
0.504853 0.011843 0.374542 1.260590 2.087560
2.356110 1.997900 1.759870 2.083440 1.931260
0.655376 -0.577467 -0.759274 -0.409123 -0.223663
-0.472335 -1.044160 -1.437180 -1.279250 -0.611773
0.041873 0.148094 -0.139496 -0.095604 0.486040
1.120810 1.816590 2.747100 3.571660 3.912100
3.746620 3.337860 3.082290 3.090770 3.207960
3.582950 4.285070 4.590790 4.074300 3.180850
2.229060 1.430250 1.101600 1.181680 1.682670
2.128690 1.702660 0.977829 0.524003 -0.002015
-0.683496 -0.711085 0.419334 1.401190 1.033510
0.121199 -0.419544 -0.795904 -1.291560 -1.587950
-1.492080 -1.464460 -1.737210 -2.004950 -2.032180
-1.891160 -1.691790 -1.421220 -0.978428 -0.436430
0.135191 0.672539 1.166360 1.471540 1.335070
0.986342 0.732034 0.419856 -0.365316 -0.981655
-0.252616 1.017470 1.545470 1.566460 1.735160
1.929010 2.021350 2.045010 1.771000 1.611530
2.172870 3.244700 4.252910 5.015060 5.696630
6.142630 6.123190 5.721080 5.059980 4.611820
4.663910 4.916110 5.220920 4.998820 3.752910
-8.003820 -8.757240 -8.968680 -8.683840 -7.854760
-7.041260 -6.885600 -7.119550 -7.386280 -7.415810
-6.949290 -6.695250 -7.357090 -8.410610 -9.511570
-10.614800 -11.215300 -10.943700 -9.758350 -8.237780
-6.877480 -5.677700 -4.907170 -4.302310 -3.013140
-1.341340 0.038554 1.147690 2.086920 3.100420
4.273660 5.246500 5.766170 6.001470 6.299590
6.886290 7.727200 8.191860 7.357180 5.264330
2.964190 1.707430 1.889060 2.710520 3.491770
4.007040 4.246510 4.083070 3.296930 2.014320
0.601587 -0.125291 0.198178 0.131109 -1.204830
-2.950980 -4.620730 -5.415230 -4.753540 -3.805780
-3.688670 -4.152360 -4.582390 -4.534600 -4.146010
-4.142170 -4.678720 -5.014140 -4.694610 -4.047790
-3.502290 -2.990550 -2.311980 -1.625510 -0.967925
-0.569847 -0.648171 -0.456741 0.439896 1.232730
1.415800 1.565410 1.867760 2.088700 2.379060
2.727610 3.050700 3.438580 3.786000 4.218410
4.956340 5.261480 4.546480 3.325330 1.952170
1.157310 1.700770 3.137110 4.853950 6.066330
6.014120 4.906830 3.264620 1.992080 1.728610
2.073260 2.612650 2.902150 2.431000 1.377540
0.405761 0.044365 0.347311 0.860535 1.204920
1.358110 1.321550 1.331770 1.541780 1.118920
-0.320864 -1.444740 -1.211430 -0.349198 0.234161
0.185304 -0.438362 -1.086540 -1.204280 -0.740351
-0.279397 -0.248158 -0.428239 -0.379417 0.116162
0.719858 1.195850 1.836850 2.668390 3.296610
3.600790 3.627140 3.491820 3.348380 3.291560
3.769130 4.891050 5.524410 5.108500 4.268870
3.212630 2.138500 1.639410 1.707720 2.206170
2.668480 2.361020 1.702080 1.139690 0.415837
-0.467334 -0.742556 0.085177 0.873808 0.623188
0.182719 0.174589 -0.065863 -0.856603 -1.415370
-1.277160 -0.999397 -1.115170 -1.524040 -1.827060
-1.736220 -1.359630 -0.986941 -0.562693 0.009149
0.606043 1.170190 1.692990 1.741620 1.098320
0.553004 0.603490 0.705331 0.241106 -0.171590
0.271666 0.803917 0.738671 0.569427 0.897001
1.500780 1.839510 1.708270 1.312470 1.263890
2.128420 3.582580 4.754150 5.268930 5.497430
5.717520 5.679410 5.139000 4.363720 4.207850
4.730890 5.029980 4.921160 4.353280 3.101290
-8.101200 -8.798770 -8.906170 -8.496470 -7.498300
-6.593520 -6.521540 -6.886860 -7.251460 -7.299660
-6.726390 -6.336140 -6.932420 -7.938960 -8.945140
-9.956960 -10.542000 -10.275700 -9.106030 -7.605620
-6.212580 -5.009660 -4.311200 -3.802860 -2.656800
-1.032440 0.492230 1.724800 2.816760 4.014180
5.118300 5.864420 6.216010 6.371500 6.618190
7.080990 7.773160 8.084290 7.042440 4.770450
2.361870 1.146800 1.543390 2.516660 3.322100
3.960930 4.411840 4.410550 3.651280 2.322900
0.934287 0.143483 0.188741 -0.266027 -2.066450
-3.923040 -5.108490 -5.663240 -5.352810 -4.585610
-4.351980 -4.746310 -5.071720 -4.922640 -4.554730
-4.573340 -5.031470 -5.319750 -5.143310 -4.808170
-4.579010 -4.155710 -3.280760 -2.223130 -1.176050
-0.512282 -0.531484 -0.539457 -0.015781 0.450781
0.597177 1.009760 1.654310 2.045670 2.208710
2.310750 2.517300 2.929620 3.346140 3.890480
4.844270 5.364370 4.639320 3.191410 1.594250
0.646962 1.082210 2.504780 4.321000 5.801440
6.183680 5.484200 4.149590 3.054050 2.770620
2.919220 3.160690 3.110670 2.353970 1.337160
0.837542 1.019780 1.470720 1.486310 1.001960
0.549698 0.264757 0.234271 0.522624 0.187678
-1.356730 -2.668160 -2.327800 -1.167010 -0.434687
-0.406017 -0.906775 -1.528640 -1.663150 -1.019530
-0.281768 -0.183888 -0.504846 -0.718308 -0.646858
-0.432710 -0.098583 0.704944 1.955880 2.932500
3.403570 3.605000 3.619910 3.496040 3.472010
4.112460 5.412570 6.218280 6.035220 5.372310
4.364940 3.212950 2.450280 2.234670 2.601190
3.001610 2.778010 2.275930 1.694370 0.816305
-0.218686 -0.664912 0.004619 0.836047 0.820391
0.625628 0.783306 0.565514 -0.273716 -0.841645
-0.559330 0.034120 0.112487 -0.472672 -1.107720
-1.195920 -0.908060 -0.689789 -0.450699 0.047917
0.675838 1.127450 1.314740 1.107330 0.519346
0.221233 0.542956 0.758415 0.148869 -0.680638
-0.874033 -0.816954 -1.040390 -1.266880 -0.757267
0.450466 1.244780 0.961155 0.457647 0.682981
2.080470 4.158270 5.766970 6.362530 6.226490
5.839150 5.284460 4.353340 3.323660 3.219060
3.928760 4.164670 3.784610 3.177930 2.337460
-9.630940 -10.148200 -10.002300 -9.298220 -8.003360
-6.914500 -6.770490 -7.128680 -7.552410 -7.619280
-6.939540 -6.413110 -6.943640 -7.903300 -9.084050
-10.529400 -11.301200 -10.915600 -9.612030 -7.961970
-6.408730 -5.110290 -4.597660 -4.573640 -3.733780
-2.031330 -0.345205 0.887062 1.963130 3.200530
4.309370 5.052820 5.423210 5.727290 6.212750
6.904880 7.763390 8.039710 6.914400 4.718730
2.353230 0.992666 1.200030 2.185110 3.219940
3.996980 4.392260 4.182080 2.988830 1.423390
0.388443 0.010460 0.116937 -0.380770 -2.400110
-4.778600 -6.428050 -7.164140 -6.920740 -6.115250
-5.573000 -5.544030 -5.644190 -5.600260 -5.461650
-5.506260 -5.795830 -5.909180 -5.572950 -5.119470
-4.974650 -4.711180 -3.762130 -2.431450 -1.159210
-0.398871 -0.399290 -0.489117 -0.194143 0.057860
0.176549 0.656959 1.497320 2.102520 2.145040
1.971010 2.128680 2.661340 3.159950 3.768620
4.905070 5.576090 4.743950 3.065590 1.270350
0.022607 0.111972 1.528550 3.762440 5.616520
6.111620 5.536840 4.385550 3.306190 2.877090
2.921310 3.147910 3.165900 2.507890 1.373910
0.479905 0.496511 1.180100 1.157760 0.248970
-0.338175 -0.446096 -0.498825 -0.409590 -0.756591
-2.079690 -3.189980 -2.723590 -1.476300 -0.832801
-0.991016 -1.615660 -2.331230 -2.507610 -1.722950
-0.706734 -0.343232 -0.494780 -0.803521 -1.077330
-1.074410 -0.674641 0.234186 1.429140 2.345610
3.002000 3.449750 3.474270 3.295620 3.348840
4.112860 5.545690 6.475580 6.275340 5.432770
4.343690 3.287290 2.605680 2.490410 3.036760
3.527150 3.240600 2.475300 1.464980 0.351864
-0.506632 -0.710845 -0.060672 0.638507 0.516655
0.226657 0.440835 0.469200 -0.246962 -0.865402
-0.629549 -0.067372 0.036440 -0.458021 -1.076820
-1.163210 -0.833894 -0.554020 -0.219781 0.279832
0.761004 0.951418 0.751627 0.349160 0.010599
0.115015 0.724092 1.048600 0.374338 -0.709824
-1.350170 -1.686510 -2.081860 -2.267430 -1.504510
0.119636 1.462310 1.666480 1.227460 1.195350
2.293630 4.160240 5.684080 6.075340 5.407980
4.501660 4.034350 3.722840 3.111020 2.841620
3.190470 3.395630 3.300790 2.885550 1.949900
-10.030700 -10.485500 -10.226600 -9.360269 -7.930540
-6.726480 -6.555290 -6.944270 -7.428690 -7.513840
-6.727280 -6.064610 -6.529670 -7.442290 -8.663820
-10.187200 -10.930500 -10.543700 -9.246380 -7.579140
-6.027340 -4.701730 -4.286580 -4.427560 -3.679980
-2.017780 -0.273243 1.076000 2.301840 3.609060
4.711320 5.496830 5.934630 6.251320 6.648960
7.251050 7.984810 8.104560 6.931570 4.770870
2.374100 0.794587 0.712304 1.700310 3.120150
4.229840 4.433590 3.588600 1.837710 0.249256
-0.311819 -0.288543 -0.227988 -0.890875 -2.830040
-4.964050 -6.431320 -7.284890 -7.441860 -6.891160
-6.273950 -6.174760 -6.396320 -6.520970 -6.409500
-6.200290 -6.088550 -5.898780 -5.334330 -4.674780
-4.512190 -4.617040 -4.244420 -3.262490 -2.078180
-1.238250 -0.986261 -1.000690 -1.036350 -1.171920
-1.204150 -0.697908 0.438529 1.685660 2.329490
2.285580 2.213490 2.701040 3.569060 4.517930
5.529110 5.820410 4.726100 2.906440 1.049070
-0.102417 0.208727 1.817490 4.140520 5.905860
6.106510 5.247750 4.035600 2.949150 2.447390
2.637980 3.292030 3.521620 2.628780 1.142840
-0.159129 -0.662849 -0.304244 -0.245514 -0.881815
-1.372310 -1.469850 -1.307320 -0.983341 -1.127070
-2.038740 -2.694260 -2.162430 -1.270660 -1.083800
-1.380230 -1.749970 -2.055890 -1.917220 -1.145170
-0.353219 -0.027445 -0.013713 -0.207404 -0.492330
-0.598446 -0.369636 0.196218 0.911475 1.602300
2.477880 3.289260 3.489160 3.330550 3.339350
3.972400 5.323450 6.322680 6.149230 5.187790
4.017920 3.013850 2.418300 2.431150 3.215420
3.943380 3.754470 2.950600 1.853460 0.670918
-0.247683 -0.504949 0.091609 0.793854 0.703925
0.151408 -0.129959 -0.255328 -0.758526 -1.274740
-1.117360 -0.659249 -0.600426 -0.935994 -1.263480
-1.195770 -0.913661 -0.692440 -0.312412 0.290339
0.930495 1.360140 1.358130 1.021710 0.707321
0.941185 1.719230 2.038440 1.267270 0.014929
-1.031590 -1.720270 -2.131080 -2.101770 -1.242240
0.162521 1.426260 1.857100 1.442710 1.212040
2.073750 3.630470 4.810570 5.000400 4.355210
3.570040 3.272690 3.377050 3.250670 3.044470
3.152580 3.219070 3.125980 2.752770 1.720470
-10.593400 -10.952000 -10.531500 -9.429220 -7.768700
-6.401910 -6.206160 -6.671660 -7.247710 -7.350200
-6.456550 -5.657480 -6.057610 -6.923200 -8.217870
-9.928960 -10.722900 -10.301200 -8.962460 -7.204760
-5.558000 -4.156510 -3.875030 -4.337130 -3.791910
-2.135870 -0.292245 1.140480 2.371400 3.551570
4.519680 5.267750 5.732560 6.152640 6.623510
7.221290 7.946120 8.095560 6.954080 4.744230
2.219070 0.493892 0.256316 1.107120 2.452550
3.552130 3.792790 3.018990 1.257090 -0.345495
-0.804044 -0.807568 -1.021070 -1.842610 -3.734660
-5.947730 -7.231650 -7.072150 -6.414650 -6.245040
-6.319430 -6.642840 -7.233790 -7.569870 -7.426030
-7.006550 -6.591840 -6.211120 -5.634070 -4.967780
-4.736370 -4.745220 -4.288710 -3.341350 -2.310170
-1.612180 -1.465330 -1.542410 -1.492820 -1.415660
-1.287270 -0.856181 -0.005187 1.105460 1.985120
2.261010 2.250280 2.560870 3.151490 3.836500
4.786670 5.247730 4.404850 2.914770 1.425860
0.485203 0.751409 2.165570 4.258810 5.842890
5.837860 4.617590 3.133190 2.103400 1.893940
2.483130 3.444600 3.623540 2.391890 0.727648
-0.408955 -0.832237 -0.731561 -0.939883 -1.602270
-2.045730 -2.178210 -1.922710 -1.239860 -1.088720
-2.037930 -2.875920 -2.492840 -1.696150 -1.567670
-1.876210 -2.133360 -2.104020 -1.588300 -0.853156
-0.499631 -0.345948 0.028021 0.305532 0.309601
0.373662 0.738957 1.324000 1.831800 2.192040
2.718730 3.267020 3.422960 3.379660 3.505570
4.120800 5.240990 5.966360 5.775320 5.096240
4.181570 3.228350 2.569730 2.503620 3.211300
3.917780 3.803450 3.063220 1.933460 0.701210
-0.168845 -0.363885 0.127603 0.628667 0.437320
-0.069918 -0.157037 -0.091431 -0.612683 -1.190800
-0.889417 -0.260665 -0.080687 -0.204420 -0.370591
-0.448547 -0.486922 -0.378808 0.116140 0.721303
1.159730 1.265920 0.927326 0.562538 0.546698
1.087840 2.153420 2.782670 2.293770 1.125840
-0.196510 -1.155980 -1.542480 -1.317400 -0.374262
0.790102 1.867220 2.406540 1.992850 1.565580
2.140490 3.320260 4.222460 4.502390 4.355490
4.180270 4.122960 3.878710 3.278450 3.017310
3.391020 3.666760 3.549680 2.951160 1.590460
-11.336900 -11.624500 -11.076800 -9.794020 -7.958200
-6.512600 -6.286490 -6.760780 -7.401940 -7.521870
-6.521660 -5.586270 -5.921090 -6.739890 -8.010830
-9.812390 -10.696500 -10.264400 -8.917620 -7.124660
-5.438810 -4.046550 -3.796230 -4.414460 -4.083180
-2.458530 -0.463745 1.078000 2.381820 3.661280
4.572170 5.106080 5.352560 5.675460 6.150520
6.781790 7.575340 7.744630 6.677760 4.658060
2.209280 0.408523 -0.013548 0.593823 1.814410
2.931980 3.272240 2.618940 0.783849 -0.961089
-1.345050 -1.193370 -1.266320 -1.805860 -3.241310
-5.271650 -7.440650 -8.945550 -9.280909 -9.038440
-8.471240 -7.884260 -7.804720 -7.978380 -8.053820
-7.905580 -7.475590 -6.963530 -6.418310 -5.816270
-5.421420 -5.181210 -4.649210 -3.701980 -2.569190
-1.779490 -1.736210 -1.968180 -1.948410 -1.838820
-1.629860 -1.067690 -0.160388 0.835283 1.591890
1.956120 2.083650 2.363590 2.917170 3.679780
4.591310 4.939880 4.164930 2.798060 1.374880
0.468812 0.577132 1.598080 3.283090 4.786170
5.122610 4.391490 3.367920 2.658050 2.437300
2.839450 3.666910 3.708140 2.234680 0.338318
-0.810831 -1.015600 -0.605112 -0.588300 -1.278730
-2.024620 -2.566620 -2.567610 -1.848710 -1.511330
-2.381930 -3.333630 -3.179090 -2.615220 -2.552930
-2.685570 -2.712000 -2.520920 -1.817880 -0.991352
-0.792361 -0.659901 0.188016 1.122100 1.573730
1.806800 2.148810 2.697250 3.139610 3.389750
3.794970 4.112080 3.975660 3.648630 3.463730
3.817410 4.771190 5.378600 5.050440 4.298660
3.617020 3.090900 2.691490 2.675690 3.251240
3.744720 3.622640 3.020340 1.848790 0.413620
-0.513515 -0.600110 -0.071935 0.362996 0.161451
-0.177796 -0.015246 0.186596 -0.298112 -0.851251
-0.553435 0.039766 0.327321 0.464097 0.419282
0.192546 -0.087161 -0.068681 0.564965 1.288470
1.640830 1.552930 0.981286 0.447339 0.335329
0.798361 1.889180 2.646760 2.402860 1.492430
0.066189 -1.328860 -2.071620 -1.908360 -0.777590
0.725842 2.034720 2.557010 2.115830 1.719330
2.237530 3.138860 3.614100 3.560530 3.377780
3.550190 3.891740 3.617320 2.775920 2.637690
3.423050 4.023460 4.131550 3.658010 2.209970
-11.628200 -11.689700 -10.957700 -9.625500 -7.824710
-6.539880 -6.404170 -6.865440 -7.549330 -7.724740
-6.730880 -5.731120 -5.915620 -6.607170 -7.864310
-9.751630 -10.670400 -10.069600 -8.588740 -6.768450
-5.087710 -3.830190 -3.688360 -4.389350 -4.185180
-2.485950 -0.375416 1.015010 2.166920 3.449370
4.285010 4.655830 4.808530 5.234880 5.845940
6.370940 6.837920 6.599040 5.430950 3.798250
1.713440 -0.062327 -0.627756 -0.104321 1.142240
2.212270 2.390150 1.853220 0.411169 -1.189670
-1.666710 -1.491100 -1.788830 -3.384260 -6.117470
-8.396690 -9.611640 -9.990780 -9.743671 -9.533400
-9.338090 -8.986660 -8.869120 -8.996360 -9.023620
-8.644350 -7.988570 -7.574420 -7.311920 -6.779240
-6.100990 -5.514070 -4.924460 -4.084400 -2.990000
-2.292540 -2.403460 -2.652870 -2.588750 -2.465530
-2.146590 -1.318720 -0.125729 0.880101 1.336490
1.587110 1.968520 2.315250 2.576580 3.128480
4.039310 4.490710 3.915100 2.727750 1.340050
0.359585 0.267341 0.851514 1.951760 3.261960
4.119120 4.107850 3.425700 2.643340 2.114500
2.170380 2.766100 2.778870 1.462330 -0.329499
-1.521040 -1.645640 -0.871423 -0.232389 -0.281885
-0.880262 -1.965090 -3.001000 -3.275490 -3.200000
-3.624390 -4.009490 -3.510160 -2.981550 -3.307450
-3.827420 -3.919150 -3.477610 -2.417770 -1.399710
-1.228900 -1.070880 0.048015 1.334150 2.049760
2.361160 2.509850 2.780710 3.153930 3.601210
4.304780 4.697550 4.328250 3.836170 3.703840
4.098760 5.032070 5.546380 5.007710 4.183640
3.722550 3.431810 3.117100 3.037250 3.214480
3.201360 2.905640 2.328580 1.208880 -0.137503
-1.043870 -1.262990 -0.943472 -0.592016 -0.652512
-0.878591 -0.886981 -0.891224 -1.189900 -1.135370
-0.281784 0.466832 0.740883 0.852763 0.742446
0.496294 0.334359 0.601508 1.493870 2.265040
2.313830 1.969000 1.572400 1.275440 1.074340
1.219460 1.954180 2.466690 2.294900 1.742960
0.641926 -0.601207 -1.264030 -1.054550 -0.014802
1.225510 2.277530 2.752750 2.409480 2.084020
2.490400 3.040070 3.042430 2.616640 2.141000
2.092820 2.618990 2.952240 2.742200 2.922680
3.686200 4.202510 4.361650 4.015440 2.643010
-10.669900 -10.850000 -10.248000 -9.197420 -7.712320
-6.540510 -6.256410 -6.565660 -7.261850 -7.548630
-6.730320 -5.774100 -5.680940 -6.124510 -7.268360
-9.037080 -10.073400 -9.643560 -8.239320 -6.537740
-4.894070 -3.552920 -3.099750 -3.471450 -3.434110
-2.076350 0.020118 1.446940 2.304500 3.282530
4.069710 4.455190 4.602690 4.995380 5.504640
5.729610 5.745890 5.372330 4.512560 3.124640
1.071460 -0.623513 -1.113260 -0.589005 0.678546
1.588230 1.095020 -0.023821 -1.015970 -1.659010
-1.899810 -2.361890 -3.541900 -5.401780 -7.732600
-9.730681 -11.045900 -11.835000 -11.810700 -11.137200
-10.157800 -9.380700 -9.368000 -9.666330 -9.670920
-9.197030 -8.373710 -7.826090 -7.687460 -7.363460
-6.521550 -5.384840 -4.328040 -3.439260 -2.674050
-2.302040 -2.496220 -2.884770 -3.141360 -3.130700
-2.533410 -1.365690 -0.221944 0.275288 0.221431
0.464856 1.249260 1.890030 2.161340 2.604660
3.372630 3.715410 3.142800 2.030260 0.777954
-0.139550 -0.455099 -0.270800 0.296062 1.102730
2.063050 2.787940 2.877840 2.527650 2.062930
1.808810 1.858940 1.610220 0.580076 -0.821356
-1.942850 -2.294520 -1.900660 -1.586490 -1.667450
-1.883020 -2.299170 -2.928250 -3.482770 -3.975040
-4.513400 -4.494970 -3.495360 -2.613450 -2.809130
-3.372900 -3.644770 -3.542500 -2.861680 -2.077310
-1.864370 -1.543650 -0.400554 0.876188 1.598520
1.825240 1.901690 2.147010 2.509700 2.885140
3.456980 3.956560 3.876310 3.604090 3.779630
4.528200 5.598890 6.086000 5.639030 5.150070
4.979850 4.689310 4.242850 3.877130 3.412880
2.776510 2.301000 1.882310 1.125610 0.178032
-0.627719 -1.118180 -1.123910 -0.854520 -0.820637
-0.986854 -1.070900 -1.113920 -1.311430 -1.291870
-0.533332 0.449630 1.189250 1.802300 2.138540
1.990770 1.541900 1.457140 2.081580 2.659240
2.533490 2.153250 1.962320 1.731960 1.280410
1.110660 1.547680 1.906170 1.778350 1.367180
0.679948 0.116983 0.014559 0.371001 1.220840
2.275960 3.124930 3.516640 3.511460 3.483110
3.649400 3.635140 3.202960 2.656510 2.296150
2.479750 3.207640 3.572190 3.154720 2.969000
3.410620 3.739340 3.698350 3.258250 2.116740
-9.387080 -9.631470 -9.222860 -8.455630 -7.423520
-6.520190 -6.040390 -6.067390 -6.712710 -7.105920
-6.463070 -5.550380 -5.179500 -5.375000 -6.479710
-8.161970 -9.151660 -8.838960 -7.574490 -5.993100
-4.524100 -3.254890 -2.511300 -2.451430 -2.359880
-1.288470 0.604239 2.013550 2.846700 3.751840
4.426460 4.730070 4.918650 5.222100 5.348280
5.075260 4.520840 3.890520 3.623810 3.121710
1.508230 -0.042895 -0.468575 -0.210048 0.432317
0.850344 0.332976 -0.313764 -0.867453 -1.644160
-2.250110 -2.896400 -4.166410 -6.069480 -8.123400
-9.419930 -10.231800 -11.382800 -12.095200 -11.730900
-10.500800 -9.175201 -8.807310 -9.076400 -9.160550
-8.826290 -8.124590 -7.616290 -7.424970 -6.898510
-5.868940 -4.845530 -4.083320 -3.353920 -2.656660
-2.270300 -2.244700 -2.587640 -3.286020 -3.838630
-3.656200 -2.780750 -1.577640 -0.621926 -0.235835
0.028446 0.443867 0.777474 1.092070 1.708210
2.577700 3.072760 2.749960 1.911680 0.887733
-0.227602 -1.345790 -2.017540 -2.011290 -1.433670
-0.299075 0.829442 1.282640 0.945082 0.156525
-0.243640 0.041711 0.300503 -0.080896 -1.086260
-2.349700 -3.289040 -3.577780 -3.415410 -3.096410
-3.007320 -3.290780 -3.691930 -4.000710 -4.318980
-4.722560 -4.600610 -3.393200 -2.198310 -2.166900
-2.586610 -2.542360 -1.963470 -1.147590 -0.661481
-0.642614 -0.531301 -0.034608 0.623926 1.110030
1.389870 1.798730 2.362690 2.724730 2.829220
3.061150 3.459320 3.518680 3.407120 3.737730
4.562350 5.593110 6.175940 5.970480 5.705050
5.710260 5.431290 4.896160 4.407860 3.668440
2.795490 2.246680 1.762420 0.988902 0.272325
-0.097076 -0.269827 -0.285099 -0.263990 -0.513576
-0.860233 -1.159240 -1.589040 -2.159810 -2.275190
-1.323680 0.077983 1.113660 1.799330 2.139230
2.087210 1.967420 2.307320 3.102560 3.466210
2.909500 2.199840 1.886730 1.545750 0.904524
0.503926 0.768144 1.354250 1.867190 2.162080
2.029170 1.704200 1.641690 2.044100 2.515360
2.895720 3.176890 3.234140 3.461250 3.895340
4.188110 4.118830 3.746750 3.472200 3.398780
3.488110 3.681150 3.463760 2.602700 2.037830
2.135940 2.187070 1.879790 1.361030 0.696156
-8.972290 -9.410300 -9.163930 -8.408210 -7.454510
-6.629320 -5.973410 -5.730420 -6.295090 -6.782500
-6.315200 -5.446100 -4.797300 -4.744720 -5.970730
-7.900180 -9.098030 -9.031610 -7.875380 -6.142220
-4.473790 -3.086460 -2.219260 -2.060030 -2.151650
-1.496720 0.224979 1.745110 2.692630 3.691580
4.277870 4.389800 4.481460 4.588080 4.497290
4.322550 4.012160 3.522800 3.453210 3.276130
1.981840 0.508827 -0.231292 -0.499088 -0.302822
-0.129590 -1.006730 -2.130240 -2.408300 -2.174820
-2.028400 -2.284260 -3.249700 -4.817690 -6.719640
-8.729910 -10.484500 -11.590000 -11.867300 -11.464400
-10.339600 -9.127300 -8.977600 -9.424270 -9.463110
-9.001570 -8.179930 -7.381270 -6.779560 -6.009930
-5.009730 -4.359520 -4.234680 -4.013870 -3.535600
-3.108370 -2.719680 -2.596360 -3.269790 -4.355530
-4.754630 -4.047420 -2.592130 -1.267470 -0.655632
-0.347433 -0.039021 0.084423 0.199085 0.791945
1.934310 2.794920 2.616930 1.625690 0.255996
-1.322890 -2.969420 -4.073470 -4.433470 -4.078060
-2.838760 -1.436970 -0.551041 -0.370239 -1.052950
-1.843520 -1.985400 -1.743870 -1.652310 -2.131810
-3.111040 -3.846170 -4.014940 -3.818130 -3.401590
-3.353620 -3.915960 -4.507650 -4.851190 -5.097380
-5.102960 -4.442910 -3.020340 -1.735380 -1.370650
-1.372070 -1.064450 -0.566080 -0.132107 0.038597
-0.153010 -0.368515 -0.311067 -0.047722 0.169414
0.394177 1.033530 2.003050 2.828120 3.231860
3.332820 3.350660 3.168920 3.044990 3.519120
4.409510 5.226590 5.545240 5.228060 4.969400
5.205980 5.416920 5.294690 4.778440 3.616920
2.274290 1.464110 1.156270 1.005790 0.819471
0.574368 0.368386 0.382267 0.336368 -0.353532
-1.321620 -1.949600 -2.163890 -2.002260 -1.433830
-0.534390 0.091553 0.209120 0.507142 1.224080
1.861750 2.260950 2.675590 3.092370 2.991830
2.163210 1.418580 1.285860 1.316330 1.126930
0.858978 0.691694 0.659808 0.720575 0.744382
0.645171 0.603387 0.763774 1.098460 1.391560
1.843470 2.184620 2.245900 2.762510 3.516270
3.902270 4.011440 3.914880 3.576090 3.016930
2.648830 2.884690 2.974310 2.101980 1.242050
1.150690 1.150260 0.630385 -0.069545 -0.425069
-7.944640 -8.391670 -8.278490 -7.711530 -7.006770
-6.370730 -5.651290 -5.273450 -5.820770 -6.379460
-6.072510 -5.286510 -4.479460 -4.261150 -5.398700
-7.182770 -8.374440 -8.466760 -7.459440 -5.812830
-4.187130 -2.819880 -1.750540 -1.311690 -1.535390
-1.306480 0.186627 1.677600 2.547950 3.527200
4.150570 4.241130 4.250720 4.124100 3.713850
3.382290 3.128190 2.764270 2.877720 2.946820
1.924420 0.816970 0.417395 -0.013323 -0.708971
-1.555120 -2.891690 -3.787560 -3.340050 -2.312170
-1.553470 -1.438110 -2.720050 -5.357310 -8.277240
-10.145200 -10.060000 -8.199840 -5.775730 -4.876380
-5.739800 -6.759210 -7.906300 -9.070030 -9.147320
-8.403650 -7.528540 -6.739660 -6.095340 -5.337900
-4.412840 -3.829860 -3.833330 -3.980770 -3.953450
-3.680050 -3.222730 -3.135300 -3.900720 -4.882650
-4.912300 -3.737240 -2.108970 -1.080460 -0.855358
-0.728093 -0.437935 -0.358169 -0.649026 -0.730225
-0.055625 0.723950 0.844810 0.446592 -0.296440
-1.589330 -3.450210 -5.080700 -6.106240 -6.337720
-5.345540 -3.720800 -2.228820 -1.389290 -1.581610
-2.135560 -2.344240 -2.313180 -2.304620 -2.614540
-3.355270 -4.083660 -4.490920 -4.590430 -4.350940
-4.242700 -4.663280 -5.259670 -5.640530 -5.742210
-5.352540 -4.257360 -2.679660 -1.303970 -0.574157
-0.179354 0.165651 0.406579 0.643752 0.756413
0.486529 0.101521 -0.048346 0.085049 0.282735
0.472528 0.950758 1.701240 2.471870 2.940510
2.853500 2.506830 2.165310 2.107580 2.728810
3.683030 4.343670 4.423050 4.055460 4.099110
4.946290 5.713210 5.783700 5.139750 3.529870
1.628110 0.694336 0.769344 1.099140 1.073540
0.530936 -0.085945 -0.268905 -0.241827 -0.580293
-1.053680 -1.272150 -1.325420 -1.234740 -0.882320
-0.330849 -0.117154 -0.416635 -0.391671 0.348880
1.192910 1.819360 2.319860 2.625290 2.362710
1.399460 0.645438 0.620072 0.766492 0.857347
0.980532 0.802547 0.333339 -0.016187 -0.194329
-0.310357 -0.306965 -0.132426 0.090813 0.241507
0.579474 0.784168 0.844751 1.480410 2.254910
2.580730 2.832450 3.252200 3.619650 3.708700
3.531040 3.351280 2.864710 1.627680 0.664774
0.649711 0.681598 0.031631 -0.609153 -0.441241
-7.035790 -6.983100 -6.575280 -5.989900 -5.656580
-5.458070 -4.963910 -4.614830 -5.103270 -5.659870
-5.491050 -4.847280 -4.061990 -3.802190 -4.967100
-6.715090 -7.684700 -7.570610 -6.388830 -4.714310
-3.361110 -2.303050 -1.431130 -1.065510 -1.345580
-1.325980 -0.241975 0.780285 1.167960 1.654320
2.219490 2.614090 2.953930 3.166220 3.004850
2.763430 2.383490 1.764410 1.803980 2.359670
2.268940 1.675940 0.960001 0.036849 -0.853005
-1.772620 -3.207440 -3.995480 -3.053960 -1.436740
-0.287049 0.152185 -0.622572 -2.879690 -6.286640
-9.404509 -10.842500 -11.009800 -10.518800 -9.770100
-8.754350 -7.784810 -8.158180 -9.055040 -8.720830
-7.507250 -6.368700 -5.814310 -5.784330 -5.609570
-4.908780 -4.112710 -3.795010 -4.086420 -4.629860
-4.820770 -4.567220 -4.512850 -5.047070 -5.491430
-4.976880 -3.520110 -1.861370 -0.998338 -1.073170
-1.267970 -1.247420 -1.371700 -1.870280 -2.252550
-1.849480 -0.943113 -0.160103 0.327375 0.278793
-0.838179 -3.216900 -5.773320 -7.491610 -7.921490
-6.839720 -5.021840 -3.350820 -2.333010 -2.148590
-2.214260 -2.278540 -2.590410 -2.983810 -3.268000
-3.579980 -3.804230 -3.739970 -3.527440 -3.299190
-3.294960 -3.523040 -3.453800 -3.000940 -2.720600
-2.568270 -2.185660 -1.612520 -1.036100 -0.619721
-0.250974 0.111557 0.441308 0.944616 1.283000
1.037160 0.590618 0.437606 0.665398 0.953682
1.200170 1.643580 2.273720 3.012250 3.388700
2.848800 2.044090 1.851890 2.289890 3.184940
4.099240 4.432880 4.167230 3.682330 3.629940
4.257310 4.867930 5.151790 4.993290 3.626030
1.592470 0.396955 0.307550 0.685893 0.820188
0.410247 -0.244800 -0.720045 -0.882159 -1.030920
-1.302090 -1.571410 -1.737530 -1.608850 -0.977164
-0.034600 0.558409 0.464616 0.159733 0.142847
0.524252 1.319230 2.176570 2.663070 2.455920
1.435120 0.701966 0.868232 1.102010 1.285620
1.671830 1.571230 0.858642 0.318622 0.224345
0.220630 0.159323 0.255670 0.530876 0.674366
0.907468 0.955101 0.635675 0.806403 1.375190
1.850090 2.326790 2.867620 3.488930 4.147690
4.500310 4.232040 3.265010 1.684460 0.308238
-0.260676 -0.235226 -0.107584 0.062355 0.469396
-4.655330 -4.149540 -3.638140 -3.329510 -3.483880
-3.754310 -3.554310 -3.314830 -3.800460 -4.368710
-4.338220 -3.836740 -3.072940 -2.771570 -3.698190
-4.943400 -5.523730 -5.249570 -4.083880 -2.676130
-1.712120 -0.995325 -0.136227 0.529286 0.316019
0.080055 0.776815 1.375650 1.352570 1.501760
2.064080 2.692610 3.239050 3.446290 2.944060
2.290880 1.825430 1.357200 1.394640 2.040890
2.448000 2.228150 1.286870 -0.050763 -1.019250
-1.799880 -3.317900 -4.591550 -4.375340 -3.192250
-1.781860 -0.791814 -1.323520 -3.260140 -5.695350
-7.832960 -8.943750 -9.313890 -9.438430 -8.882160
-7.301220 -6.483230 -7.934770 -9.610190 -9.702730
-9.112120 -8.662390 -8.371230 -8.044249 -7.158430
-5.402260 -3.315540 -1.865510 -1.640540 -2.328450
-3.052280 -3.259060 -3.127940 -2.984880 -2.544940
-1.741540 -1.211760 -1.137790 -1.236460 -1.488910
-1.668740 -1.445050 -1.507700 -2.430850 -3.089950
-2.498130 -1.437670 -0.846090 -0.761797 -1.096700
-2.120760 -4.370980 -7.066100 -8.807840 -9.015200
-7.690200 -5.669610 -3.932830 -2.922130 -2.609330
-2.485200 -2.367970 -2.301920 -2.033580 -1.607090
-1.366090 -1.228820 -0.886973 -0.512230 -0.333469
-0.180882 0.123648 0.553068 0.869751 0.848189
0.766089 0.790736 0.856433 0.879486 0.660048
0.392102 0.275033 0.417803 1.042860 1.646000
1.745120 1.527400 1.204730 1.176700 1.592060
2.207160 2.826740 3.256460 3.694050 4.001940
3.506470 2.816020 2.966610 3.699700 4.541040
5.096190 4.786920 3.724130 2.575520 2.216680
2.883430 3.645810 4.131110 4.242120 3.167940
1.427690 0.452986 0.507568 0.968392 1.077860
0.553215 -0.286193 -1.046680 -1.482910 -1.696880
-1.879700 -2.043420 -1.927250 -1.267670 -0.497448
-0.250040 -0.578447 -1.164290 -1.398000 -1.068530
-0.427580 0.526405 1.607580 2.436260 2.587660
1.808570 1.110470 1.150760 1.365960 1.738630
2.315880 2.264570 1.520150 0.956191 0.910404
1.089140 1.322030 1.615900 1.874740 1.990010
2.127270 1.895940 1.218390 0.930620 1.192140
1.826800 2.765100 3.825850 4.699920 5.149600
5.118890 4.414870 3.074490 1.487410 0.264415
-0.467391 -0.950987 -1.140160 -0.824255 -0.151410
-3.588090 -2.499570 -1.842370 -1.781430 -2.293360
-2.778790 -2.652320 -2.452950 -2.920800 -3.498350
-3.606040 -3.247060 -2.504060 -2.160560 -3.078560
-4.308270 -4.676110 -4.113030 -2.921030 -1.749920
-1.045330 -0.416343 0.428625 0.980857 0.663717
0.303136 0.582180 0.625522 0.097632 -0.120004
0.496589 1.433600 2.313950 2.778620 2.132000
1.094070 0.751185 1.049870 1.695140 2.429390
2.854240 2.536430 1.152010 -0.464452 -1.438610
-2.222360 -3.364300 -3.942050 -3.333430 -2.026160
-0.726699 -0.233135 -1.200270 -3.023920 -4.566480
-5.188740 -5.154320 -5.380550 -5.886600 -5.734760
-3.912500 -2.317910 -4.002440 -6.676460 -6.655220
-4.768370 -3.396040 -3.926750 -6.041390 -7.401900
-6.716500 -5.072460 -3.540660 -2.297320 -1.463110
-1.316400 -1.477250 -1.515530 -1.707330 -1.793030
-1.269550 -0.643983 -0.353719 -0.388046 -0.891743
-1.455560 -1.687040 -2.243500 -3.558660 -4.425050
-3.852790 -2.941230 -2.545650 -2.155160 -1.817410
-2.295380 -3.993020 -6.134720 -7.701960 -7.944210
-6.648390 -4.630970 -2.699870 -1.571330 -1.693080
-2.219620 -2.118650 -1.309810 -0.221455 0.619532
0.969183 1.230840 1.800290 2.393910 2.743180
2.907460 2.934170 2.944760 2.986140 2.879140
2.712520 2.370200 1.617510 0.789038 0.180305
-0.153681 -0.379665 -0.542681 -0.178941 0.461014
0.692566 0.600565 0.545862 0.841520 1.579570
2.612040 3.630950 4.324120 4.954980 5.242140
4.366990 3.411290 3.694670 4.376730 4.721870
4.788680 4.241510 3.144960 2.040330 1.656670
2.264050 3.039280 3.651420 3.907180 2.989030
1.436000 0.470569 0.407580 0.896443 1.156350
0.836738 0.280412 -0.425079 -1.172490 -1.564620
-1.483710 -1.311640 -1.441880 -1.618420 -1.619470
-1.689890 -1.819520 -1.829440 -1.588380 -1.321910
-0.973750 0.014017 1.302100 2.255540 2.607360
2.125730 1.736930 2.085610 2.490260 2.919390
3.443570 3.259130 2.559410 2.251910 2.369810
2.536080 2.761340 3.070830 3.282190 3.310320
3.135860 2.400840 1.329840 0.660947 0.665861
1.436680 2.551760 3.426140 3.840920 3.802170
3.473450 2.867630 1.977940 0.760970 -0.655225
-2.041920 -2.902480 -2.736360 -1.777390 -0.590800
-2.142040 -0.584771 0.160213 0.243238 -0.350212
-1.009620 -1.000130 -0.866646 -1.350040 -1.915540
-2.025220 -1.735050 -1.176020 -0.937139 -1.837220
-2.986040 -3.090010 -2.388930 -1.294180 -0.236087
0.206723 0.527186 1.102360 1.429390 1.122710
0.642953 0.346677 -0.112807 -1.031340 -1.830190
-1.416440 -0.168664 1.208810 2.075370 1.465680
0.534896 0.670020 1.276370 1.752560 2.163960
2.255200 1.593360 0.066517 -1.341210 -1.904650
-2.299260 -3.003750 -2.950040 -1.674790 -0.075251
0.957835 0.868491 -0.669802 -2.766830 -4.168810
-4.262880 -3.550570 -3.595230 -4.796370 -5.828180
-5.160980 -3.639620 -3.619530 -4.456620 -4.514800
-4.899590 -5.954590 -5.187060 -1.919530 0.597929
1.001190 1.109240 1.083350 0.374208 -0.482988
-1.145870 -1.351870 -1.245590 -1.577070 -2.277490
-2.704470 -2.903910 -3.083340 -3.192050 -3.172000
-2.532570 -1.272530 -1.217840 -3.557950 -5.705220
-5.144470 -3.447930 -2.388310 -1.919940 -1.668660
-1.161420 -0.757113 -0.779857 -1.041210 -1.285810
-1.113160 -0.815050 -1.072730 -1.383940 -0.959825
-0.512541 -0.782862 -0.881622 0.013893 1.226540
1.889030 2.002260 2.064670 2.620600 3.596060
4.201390 4.053350 3.572220 3.140780 2.650180
2.209000 1.668150 0.603989 -0.509415 -1.198550
-1.878230 -2.767410 -3.087830 -2.376660 -1.314480
-0.422981 0.018760 -0.156356 -0.302177 0.195704
1.205400 2.352890 3.456060 4.574830 5.128040
4.386360 3.489750 3.633990 3.931990 3.716510
3.310480 2.580690 1.621500 1.078140 1.348690
2.071930 2.557010 3.109390 3.620270 2.847920
1.256640 0.307834 0.228760 0.520594 0.729909
0.933620 1.190640 0.848146 -0.117026 -0.867467
-1.064620 -1.104100 -1.228900 -1.073670 -0.706593
-0.721998 -1.120820 -1.677320 -1.946990 -1.656070
-0.974478 0.258260 1.792100 3.034290 3.456700
2.747700 2.186270 2.648660 3.286530 3.709650
3.878670 3.412720 2.855920 2.948950 3.470790
4.025140 4.504790 4.721510 4.581900 4.270500
3.752070 2.718240 1.623220 0.993334 0.841087
1.166610 1.405280 1.142050 0.730599 0.603829
0.760680 0.722603 0.355939 -0.234216 -1.179600
-2.542410 -3.521370 -3.250980 -2.034130 -0.555439
0.519225 2.112210 2.913110 2.984610 2.346730
1.609790 1.506530 1.536240 0.991227 0.471576
0.563939 0.896346 1.025020 0.937885 0.650300
0.349707 0.250805 0.602907 1.469200 2.159610
1.961150 1.678320 2.239960 2.839290 2.393740
1.539260 1.017040 0.401092 -0.746586 -1.658510
-1.285820 -0.213931 0.907793 1.651450 1.226540
0.533934 0.696020 1.173530 1.507060 1.776290
1.530400 0.480047 -1.085490 -2.071000 -1.822540
-1.410050 -1.683190 -1.432120 -0.235053 0.816615
1.080370 0.450929 -1.104530 -2.391850 -2.505510
-2.056700 -1.574900 -1.247590 -1.090100 -0.599282
0.558444 0.607307 -1.864310 -4.627990 -5.685400
-5.916790 -6.306730 -7.217830 -8.440120 -8.650890
-8.110440 -8.097950 -7.513720 -5.522280 -3.509840
-2.370590 -1.847000 -1.777460 -2.070880 -3.027290
-4.878510 -6.698490 -7.581320 -7.493830 -6.630000
-5.201390 -3.833970 -3.380590 -3.688260 -3.911640
-4.096350 -3.924710 -2.730120 -1.493610 -1.229980
-1.872120 -3.016120 -3.868710 -4.410700 -4.872170
-5.021030 -4.748990 -4.131790 -3.434660 -2.694880
-1.762450 -0.699069 0.319929 0.842439 0.433691
-0.743907 -1.987720 -2.546100 -1.967540 -0.503564
0.868441 1.479720 1.517140 1.477700 1.416450
1.348990 0.924108 -0.365936 -1.839300 -2.737810
-3.239820 -3.713290 -3.718790 -2.498130 -0.904716
-0.337091 -0.722260 -1.198120 -1.012940 -0.058165
1.036010 1.899820 2.652920 3.375610 3.759550
3.438010 3.030230 3.072560 2.909310 2.170150
1.254240 0.356834 -0.211867 0.032995 0.879862
1.766070 2.565920 3.364320 3.497920 2.276110
0.698359 -0.162555 -0.343556 -0.025545 0.635914
1.523340 2.149620 1.851250 0.726710 -0.483446
-0.867796 -0.449909 0.156390 0.945855 1.550580
1.275800 0.342992 -0.679154 -1.399840 -1.808700
-1.668230 -0.446007 1.300100 2.592900 2.953550
2.305950 1.737820 1.924660 2.433960 3.128630
3.717350 3.655730 3.379130 3.603170 4.360990
5.293220 5.788030 5.463860 4.616500 3.426880
2.133130 0.938171 0.005094 -0.326206 -0.275288
-0.186346 -0.380827 -1.051710 -1.610110 -1.524070
-1.125170 -0.882145 -0.757519 -0.777625 -1.145580
-1.937470 -2.278270 -1.603850 -0.950992 -0.849679
0.541399 2.394460 3.384710 3.769450 3.452220
2.922570 2.860730 2.825250 2.245860 1.810000
2.096030 2.523200 2.438200 2.175380 1.698210
1.086200 0.999036 1.418340 2.214230 2.873170
2.549530 2.080320 2.088270 1.910610 1.233830
0.347953 -0.628265 -1.696940 -2.781420 -3.615870
-3.392090 -2.348510 -1.048380 0.029182 0.042137
-0.175762 0.258075 0.727927 0.847109 0.688833
0.005059 -1.073260 -2.231870 -2.587720 -1.549240
-0.502431 -0.740812 -0.972975 -0.376536 0.337794
0.658184 0.464603 -0.400574 -1.303830 -1.653860
-1.414120 -0.668102 -0.135387 -0.129309 -0.181784
-0.151114 -0.754812 -2.124990 -2.765320 -1.630060
-0.110650 0.062185 -1.063900 -2.735440 -3.787150
-3.320460 -2.623810 -3.229560 -4.314640 -4.682790
-4.248050 -3.189450 -2.481750 -3.201690 -4.893430
-6.695260 -8.241320 -9.258460 -9.669360 -9.389510
-8.570480 -7.852550 -7.777250 -8.212800 -8.183770
-7.339380 -5.771330 -3.531410 -1.966310 -1.672560
-1.916890 -2.605510 -3.502900 -4.398240 -5.037050
-5.065900 -4.833820 -4.965970 -5.495800 -5.901930
-6.069310 -6.430010 -6.614820 -5.965870 -5.105730
-4.803360 -4.887400 -4.917540 -4.473900 -3.476400
-2.346890 -1.382840 -0.577248 0.164230 0.507861
0.312587 -0.168426 -0.799854 -1.405360 -2.066370
-2.423220 -1.934350 -1.110340 -0.517069 -0.478547
-0.994944 -1.326850 -1.216410 -0.789715 0.149212
1.289970 2.108530 2.615760 2.984610 3.149940
2.950720 2.462070 1.640600 0.658677 -0.015183
-0.439036 -0.921284 -1.182750 -0.688176 0.216810
0.818885 1.171560 1.659940 1.935970 1.414370
0.551480 -0.279146 -0.695198 0.086330 1.804540
3.501730 4.130420 3.338800 1.996230 1.032580
1.158720 2.154200 3.091600 3.595960 3.211910
1.634660 -0.209829 -1.325950 -1.585570 -1.376380
-0.707983 0.501751 1.539110 1.796490 1.500570
1.064380 1.041840 1.548300 2.493820 3.839130
4.725230 4.402570 3.690290 3.608610 4.326320
5.451220 6.006990 5.489750 4.492250 3.089210
1.392900 0.180176 -0.301132 -0.299293 -0.380943
-0.968633 -1.934580 -3.115630 -3.760010 -3.036870
-1.539350 -0.399853 -0.105016 -0.482560 -0.942088
-1.563990 -2.078030 -1.630290 -0.759001 -0.448013
1.407070 3.040000 4.202760 4.865550 4.836870
4.543080 4.550720 4.487970 3.947630 3.643240
4.110150 4.710760 4.737620 4.524720 3.975860
3.079470 2.660970 2.954860 3.700850 4.310520
4.055710 3.626230 3.381240 2.590730 1.230480
0.011710 -0.982453 -2.131820 -3.147370 -3.514870
-2.907160 -1.795710 -0.675371 0.194410 0.397552
0.583172 1.078030 1.135140 0.444995 -0.621397
-1.642190 -2.265110 -2.698140 -2.544520 -1.157800
0.395393 0.733589 0.597350 0.641459 0.571934
0.099438 -0.389951 -0.542613 -0.677010 -1.169410
-1.433490 -0.801061 0.295503 1.157790 1.138730
0.460182 -0.065363 -0.357703 -0.154798 1.208060
2.910400 3.462420 3.002900 2.630420 3.066910
4.211210 4.265060 1.978210 -0.811104 -2.508800
-3.362090 -3.383490 -2.596100 -1.687940 -1.547930
-2.286760 -3.265610 -4.055510 -4.488570 -4.559660
-4.531230 -4.758100 -5.519460 -6.587210 -7.237140
-7.267670 -6.400450 -4.611930 -3.027220 -1.914530
-0.991833 -0.714428 -0.990504 -1.594020 -2.492760
-3.535400 -4.429380 -5.167810 -6.196570 -7.303480
-7.906440 -8.273390 -8.118860 -6.789380 -5.097210
-3.886420 -3.509610 -4.185070 -4.870680 -4.345360
-2.803940 -1.283950 -0.431393 0.065385 0.199525
-0.235152 -1.004720 -1.838470 -2.348610 -2.788890
-3.247270 -3.041270 -2.539130 -2.129490 -1.351460
-0.370322 0.279991 0.592406 1.044510 1.940390
2.849330 3.163950 2.720780 1.582740 0.192291
-0.892730 -1.686510 -2.533780 -3.105500 -2.917520
-2.531110 -2.465890 -2.028260 -0.710027 0.518422
0.864352 0.826323 1.108110 1.666430 1.793240
1.188130 0.122419 0.134656 2.265700 4.617840
5.530260 5.161560 4.070390 3.126720 2.861190
3.187240 3.464650 3.075190 2.093360 0.672683
-0.979971 -1.845220 -1.412660 -0.529124 -0.005272
0.158981 0.259355 0.476597 0.703939 0.934249
1.219630 1.803730 2.784450 3.798740 4.560720
4.772530 4.320150 3.935130 4.054730 4.625490
5.347140 5.456280 4.808400 4.223190 3.569740
2.395420 1.512310 1.366140 1.375410 0.823546
-0.600448 -2.027300 -2.895730 -3.205610 -2.510330
-1.366340 -0.875956 -0.858668 -0.924918 -1.001130
-0.948503 -0.448467 0.570736 1.018410 -0.023873
4.191920 5.491990 6.548950 7.036340 7.020450
6.907500 7.091390 7.217270 6.902090 6.810340
7.430940 8.092440 8.048210 7.723120 7.396930
6.815940 6.295300 6.567830 7.424510 7.917380
7.513690 6.935390 6.707590 5.835550 3.765090
2.087300 1.523200 0.699918 -0.443141 -0.729262
-0.059139 0.638804 0.870360 0.975345 1.163850
1.422070 1.481250 1.031480 0.064386 -1.013630
-1.730020 -2.060680 -2.458840 -2.358710 -0.930892
0.899836 1.707260 1.570920 0.685262 -0.265230
-0.816818 -1.130020 -0.926405 -0.244495 0.255096
0.751446 1.510540 2.349850 3.507480 4.277720
3.954160 3.262490 2.917340 3.178900 4.285310
5.583020 5.845230 5.323890 5.270650 5.933920
6.683070 6.465390 4.890360 3.140120 2.087910
1.583820 1.412510 1.812750 3.115370 4.213200
4.143810 3.624010 3.106030 2.513760 1.855970
1.088420 0.213311 -0.488633 -0.415063 0.032956
-0.224818 -0.743344 -1.051880 -1.028300 0.265060
2.000650 2.436770 1.894460 0.994689 -0.224718
-1.624920 -2.779250 -3.702530 -4.994810 -6.398090
-7.239720 -7.701840 -7.287950 -5.368180 -3.126800
-1.723640 -1.561750 -2.825910 -4.274480 -4.195160
-2.667090 -1.005880 0.065507 0.804977 1.022380
0.412177 -0.597565 -1.410210 -1.852330 -2.377090
-2.510430 -1.360560 0.032546 0.448234 0.219115
0.074291 0.191741 0.292304 0.381364 0.749392
1.051560 0.531703 -0.884694 -2.778750 -4.314510
-4.696520 -4.355540 -4.304430 -4.345430 -3.648610
-2.578640 -1.853040 -1.049390 0.277616 1.214750
1.019060 0.545588 0.842906 1.634960 1.876880
1.515210 0.973888 1.027680 2.361920 3.852300
4.430330 4.401210 4.088210 3.482650 2.492120
1.408040 0.436432 -0.450901 -1.143300 -1.710970
-2.303580 -2.353620 -1.308980 0.088428 0.903310
1.017080 0.499911 0.023355 0.143269 0.514676
0.809123 1.430220 2.506850 3.536040 4.180540
4.236100 3.778840 3.280320 2.611050 1.833490
1.299700 0.832103 0.320538 0.288790 1.115110
2.656470 4.063770 4.569740 4.396430 3.574240
1.726860 -0.360320 -1.720750 -2.054100 -1.187670
0.059870 0.536851 0.604651 0.858765 1.125380
1.207590 1.374570 1.828270 1.906350 0.949481
4.549170 6.011270 6.367860 6.233740 6.498040
7.009980 7.643450 8.148940 8.219800 8.429700
9.162860 9.716570 9.326320 8.645230 8.032970
7.410530 7.581000 8.653750 9.684850 10.192700
9.994840 9.512040 8.831140 7.249560 4.798370
3.135650 2.827300 2.278020 1.335740 0.910219
0.953079 0.659118 -0.426019 -1.387210 -1.754470
-1.797280 -1.612120 -1.662580 -2.348220 -2.885920
-2.418210 -1.615240 -1.533270 -1.257260 0.322505
2.456890 3.943590 3.889880 1.416420 -1.207630
-1.742340 -0.998605 -0.054272 1.454100 3.302910
3.884560 3.370020 3.674040 5.677130 7.632950
7.921440 7.771440 8.508550 9.285520 9.428300
9.277520 8.541090 7.458330 7.097180 7.440560
7.596490 6.956950 5.778550 5.182870 5.609110
6.241360 6.580360 7.148520 8.245310 8.829790
8.524070 8.306250 8.378660 8.263060 7.803560
7.287400 6.782270 6.315240 6.348630 6.618060
6.801320 7.193600 7.398580 7.624180 8.588280
9.297500 8.766220 7.581780 5.986760 4.366040
3.566560 3.570860 3.796730 3.494990 2.374690
1.412340 1.578630 2.709510 3.788190 4.461550
5.004440 4.700310 3.142900 1.913030 2.612550
3.982380 4.006780 3.427540 3.821280 4.608460
4.837030 4.574690 4.158720 3.574820 2.601560
2.091360 2.631100 3.144570 2.816230 2.139130
1.800960 1.425770 0.427117 -0.672241 -1.303130
-1.796520 -2.530160 -2.871090 -2.329860 -1.900280
-2.226010 -2.184060 -1.222430 -0.248729 0.448549
0.919183 0.893580 0.686588 0.537032 0.163838
-0.579060 -1.247910 -1.246210 -1.007230 -1.323700
-1.529780 -1.038490 -0.217327 0.927302 2.196870
2.808860 2.601610 2.071720 1.073620 -0.871441
-2.791240 -3.809040 -4.308770 -4.329150 -3.771310
-2.760000 -1.410420 -0.164752 0.703617 0.972997
0.554377 -0.470607 -1.135140 -0.428577 0.731651
1.253860 1.682510 2.000250 1.637090 0.782884
-0.119138 -0.806284 -1.465550 -2.631980 -3.730970
-3.941100 -3.745540 -3.803670 -3.542640 -2.035380
0.020205 1.013740 1.006480 0.411790 -0.545839
-1.517820 -2.091800 -1.743170 -1.048170 -0.937949
-1.012490 -0.515068 0.536558 1.730960 2.806120
3.643420 3.906250 2.975350 1.552560 0.592335
-1.443050 0.825516 1.817330 2.275630 3.067960
3.822810 4.276090 4.636000 4.959390 5.459490
6.210910 6.695030 6.331320 5.603460 3.890870
1.735560 1.891590 3.631660 4.857300 5.389020
5.190380 4.695820 3.298100 0.651426 -1.606950
-2.269750 -2.170900 -2.920880 -4.165100 -5.161290
-5.656860 -6.100860 -6.967100 -7.166220 -6.625000
-6.118830 -5.715290 -5.503150 -5.521160 -5.192130
-4.010470 -2.565200 -1.789410 -0.858958 1.154750
3.542080 5.471290 5.655620 2.840470 -0.109031
-0.443811 1.145110 3.214870 4.946550 5.622080
4.954610 4.360280 5.566080 8.704900 11.457500
12.387000 13.230900 14.891600 15.766000 15.086700
13.806300 12.577000 11.649400 11.045500 10.192100
8.622440 6.911950 6.094830 6.549760 7.942120
9.169470 9.436610 9.442300 9.792960 10.070500
10.151300 10.192100 10.254900 10.358000 10.250100
9.915610 9.413920 8.929080 8.904430 9.342640
10.133900 10.766500 10.634200 10.890300 12.163700
12.669200 11.551500 9.958760 8.583160 7.845390
8.026820 8.879480 10.341700 11.531700 11.339400
10.945700 11.885600 13.006000 12.589500 11.822400
12.274200 12.904200 12.502200 11.837200 12.116700
12.434100 11.647300 10.981000 11.320100 11.172500
9.534500 7.503720 6.424650 5.889340 4.936800
3.979540 3.162760 2.006220 0.776711 0.013200
0.041775 0.235551 -0.318918 -1.058540 -1.316390
-1.548020 -1.983180 -1.949250 -1.337170 -1.420710
-2.997630 -4.673830 -4.749320 -3.465660 -1.792420
-0.537275 -0.251457 -0.604409 -1.232530 -1.989540
-2.614050 -2.954400 -2.932070 -2.721800 -2.470130
-1.728010 -0.686292 0.010735 0.540528 0.898543
0.339652 -1.064650 -2.358320 -3.311680 -4.003830
-3.861060 -3.118900 -2.581950 -1.959460 -0.783880
0.796001 1.954050 1.770180 0.899157 0.079604
-0.682544 -1.283000 -0.915666 0.820277 2.097630
1.550800 0.370089 -0.821309 -2.255270 -3.670130
-4.630450 -4.893170 -4.789530 -4.950990 -5.124460
-4.700730 -3.961040 -3.565600 -3.174670 -2.461530
-2.085180 -2.947500 -4.219480 -4.454300 -3.751340
-2.424040 -0.718499 0.651303 1.005890 0.346530
0.339904 1.963250 3.629280 4.005710 3.675080
3.259370 2.278990 0.022980 -1.981830 -2.053590
-2.940910 -0.305166 1.781440 3.052160 3.546790
3.425670 2.645020 1.968450 2.182330 2.855440
3.482660 3.954700 4.176440 3.864970 2.076130
-0.090992 -0.241657 0.561126 0.466740 -0.566409
-2.269960 -3.485180 -3.960190 -4.641350 -5.142420
-4.741180 -3.928450 -4.184420 -5.862620 -7.130690
-6.543460 -5.278210 -4.534620 -4.157920 -4.187690
-4.567940 -5.265160 -5.139060 -2.997050 -0.865573
-0.622422 -1.178240 -1.184360 -0.097504 1.763250
4.007950 6.492390 7.341860 5.312660 3.127050
3.207190 4.714080 5.755790 6.024530 6.657750
7.887140 9.505670 11.842900 14.821800 16.978800
17.003599 15.689200 14.261800 13.008500 11.990700
11.737400 12.760200 13.487800 11.711100 8.405570
5.757120 4.733320 5.803470 7.988730 9.720680
10.460500 10.410700 9.808110 8.478030 7.893520
9.801130 12.230100 12.907300 12.324400 11.220000
9.923360 8.816350 8.362510 8.801780 9.527410
10.070900 10.160500 9.540490 9.282400 9.977161
10.223100 9.384930 8.441520 8.071060 8.211610
8.602680 9.349520 10.801900 12.301600 12.865200
13.139400 13.837800 13.709300 12.238200 11.609200
12.960000 14.787100 15.882500 16.732000 18.037399
18.327700 16.491899 14.042300 11.841600 9.623920
7.181200 4.908850 3.707120 2.700770 0.616171
-1.292280 -1.888460 -2.069020 -2.552810 -3.672130
-5.423100 -6.962660 -7.656170 -7.041810 -5.128120
-3.062800 -1.467430 -0.750066 -1.705450 -3.320670
-4.571880 -5.782620 -6.210580 -4.722440 -1.631050
0.983375 1.253860 -0.297566 -2.167350 -2.916320
-1.844760 -0.190868 0.878888 1.053900 -0.248687
-2.553730 -4.693820 -5.835320 -5.495560 -4.981510
-5.933920 -7.449280 -8.040820 -7.471100 -5.785650
-3.352070 -0.650964 2.014650 4.151740 5.163830
4.930210 3.993000 2.756400 1.724210 1.329880
1.637040 2.530380 3.318030 3.257480 2.080760
0.170452 -1.138740 -1.076850 -0.785292 -1.447200
-2.561610 -3.636690 -4.852990 -6.108610 -6.722570
-6.181910 -5.410000 -5.247900 -5.406130 -5.984170
-6.455180 -6.858360 -6.955100 -4.744290 -1.565330
0.419857 1.677570 2.304130 2.485740 2.920620
4.081830 5.737670 6.591540 5.818060 4.059670
1.854760 -0.538973 -2.290290 -2.433840 -0.972605
8.558639 10.267800 11.464900 12.142100 12.367100
11.969000 10.933600 9.956119 9.862790 10.147600
9.967850 9.634250 9.620700 9.549460 9.572820
10.095600 10.728400 10.722600 9.398620 7.306710
5.072570 3.530330 4.036490 5.476180 6.235030
6.752410 7.688630 8.074340 6.916630 5.987490
6.463850 7.250850 7.711050 7.570920 6.625710
5.395190 4.440430 4.372390 5.335730 5.683120
4.700020 3.555640 2.758010 2.714720 3.966920
5.928320 7.767910 8.446320 7.240830 5.952550
6.783430 8.358870 7.877440 6.335860 6.081280
6.792700 7.833960 8.997290 9.745330 9.408680
7.641940 5.479500 4.042280 3.200930 2.558860
2.446260 3.197270 2.999490 0.369338 -1.907680
-1.332330 0.936134 3.447400 5.357270 6.178860
5.666640 3.583590 1.070120 -0.083787 1.094580
3.976530 6.009320 5.889200 4.673160 3.139990
1.604040 0.314277 -0.560031 -0.591861 0.216489
1.251170 1.716660 1.458000 1.114930 0.618054
-0.102025 -0.152678 0.482415 0.898398 0.888924
0.881547 1.390060 2.692340 4.012930 4.327290
4.194660 4.526050 4.820920 4.698760 4.751540
4.962260 4.892770 4.654490 4.786890 5.638780
5.560520 2.947930 -0.530440 -2.835410 -3.603170
-3.501540 -3.396210 -3.424230 -3.924400 -4.656480
-3.935880 -1.532790 0.634143 1.573750 1.740730
1.649080 1.388870 0.780462 0.327903 0.584741
0.830677 0.353206 -0.874408 -2.647910 -3.806670
-3.732720 -3.176440 -2.321360 -1.297840 -0.761898
-1.074980 -2.024670 -2.694430 -2.423600 -1.277310
0.396557 1.676650 1.884460 0.927991 -1.364550
-3.836380 -4.726010 -4.006790 -2.651300 -1.850480
-2.271230 -3.176670 -3.914840 -4.191970 -3.498500
-2.244650 -1.060600 -0.373352 -0.415559 -0.744403
-1.143190 -1.263830 -0.887328 -0.551723 -0.426299
0.097770 1.373040 2.654340 3.114260 2.673680
1.752310 1.352940 1.800310 1.603880 -0.133652
-2.190940 -3.806260 -4.830180 -4.356170 -2.524250
-0.623123 0.620685 1.328070 1.363200 0.197462
-1.211730 -1.434480 -0.156474 2.367170 4.440950
4.540800 3.325990 1.622070 0.319589 0.296913
0.867923 0.858436 -0.000677 -1.077310 -1.483750
-1.079940 -0.216036 1.130830 2.854830 4.424780
1.436200 1.747530 1.293810 0.859728 1.009540
1.616370 2.811790 4.027390 4.599870 4.354460
3.167950 1.864330 1.213670 1.267860 1.560550
1.686820 2.226520 2.736400 2.365980 1.661590
0.949062 0.703287 1.148460 1.526120 2.003340
2.616790 2.792410 2.597290 2.126780 1.356230
0.541991 -0.068599 -0.394064 -0.524838 -0.655587
-0.597857 -0.040185 0.570807 0.690080 0.698266
0.970696 1.293800 1.594050 1.695870 1.166960
0.140233 -1.005330 -1.866590 -1.828170 -0.533619
1.145230 1.394430 0.186429 -0.950324 -1.447300
-1.332870 -0.853652 -0.815219 -1.521570 -1.983810
-1.086110 0.388890 0.870232 0.572152 0.376436
0.232591 -0.281821 -0.803560 -0.355685 0.628072
0.673937 -0.376265 -1.506500 -1.923490 -1.628630
-0.797629 0.595302 2.134930 3.139900 2.662600
0.441936 -1.776980 -2.759340 -2.944550 -2.401500
-1.265540 -0.390145 -0.290518 -0.832137 -1.633140
-2.412520 -2.733970 -2.157730 -1.337170 -1.304240
-1.930060 -2.566120 -3.022240 -3.257740 -2.581300
-0.764355 0.527456 0.359865 -0.518059 -1.753830
-2.947340 -3.601460 -3.527920 -2.772910 -1.972060
-1.588060 -1.525840 -1.343090 -1.032350 -1.556130
-2.675650 -3.052480 -2.552990 -1.717260 -1.199710
-1.368440 -1.689880 -1.525710 -0.789642 0.381228
1.593730 2.215920 1.876290 0.797515 0.089221
0.316102 0.795330 1.294020 1.683160 1.411480
0.532244 -0.576811 -1.206830 -0.672862 0.129300
0.003715 -0.256950 0.315987 0.610822 -0.375935
-1.528520 -1.789150 -1.443750 -0.910168 -0.720735
-1.077430 -1.498380 -1.794700 -1.964850 -1.869640
-1.156280 0.217310 1.307980 1.492260 0.841129
-0.747258 -2.524910 -3.351900 -3.125890 -2.056640
-0.452293 1.099030 1.897220 1.847410 1.523870
0.907694 0.222974 0.014342 0.083881 0.423802
1.012940 1.552370 1.808060 1.616660 1.454230
1.554760 1.370400 0.668071 -0.179201 -0.904721
-1.201840 -0.614906 0.379379 1.013050 1.070380
0.638800 0.376463 0.732352 0.956408 0.697523
0.916532 2.186950 3.340990 2.948230 1.568360
-0.004207 -1.434540 -2.007450 -1.423250 0.120113
1.447070 1.659460 1.590560 2.031690 2.756250
3.340380 3.688480 3.889260 3.749330 3.215390
-2.125450 -2.664740 -1.755240 -0.625374 -0.465576
-0.829723 -1.468580 -2.079440 -2.094220 -1.501160
-0.431671 0.608464 1.136440 1.041360 0.227144
-1.145950 -2.859060 -3.764510 -2.774250 -1.227410
-0.425135 -0.221158 -0.682585 -1.299550 -1.251500
-0.517424 0.878421 2.029930 1.977420 1.162450
-0.192958 -1.663130 -2.659990 -2.959870 -2.224090
-0.743856 0.925834 2.090200 2.223810 1.450660
0.147235 -0.578624 -0.139464 0.719785 1.937670
3.272910 3.667820 3.050340 1.642500 0.014441
-0.805028 -0.567923 0.324717 1.019900 0.723373
-0.419120 -1.534200 -1.883690 -1.236770 -0.039952
1.092790 1.598800 1.150550 0.368357 0.056222
0.579544 1.684480 2.266270 1.690330 0.701944
0.160940 -0.086706 -0.516017 -0.650851 0.126175
0.819013 0.471423 -0.532474 -1.864820 -2.898980
-3.102900 -2.673960 -1.669190 -0.310245 1.127510
2.125170 2.033390 0.810009 -1.413770 -3.225000
-2.973420 -1.790770 -1.262480 -1.584240 -2.581130
-3.431990 -3.716800 -3.450740 -2.253270 -0.538468
0.750125 1.467200 2.153640 2.556910 1.774580
0.837902 1.139960 1.784330 1.897190 1.522220
0.562500 -0.792632 -2.271810 -3.447130 -3.651310
-2.895560 -1.588970 -0.285027 0.491249 0.724579
0.600098 0.570068 0.850389 0.882353 0.337620
-0.325339 -0.698061 -1.086590 -2.043090 -2.880550
-2.280940 -0.675417 0.867093 1.795170 1.588930
0.715473 -0.029539 -0.126097 1.098540 2.789140
3.585540 3.584380 2.842210 1.378380 -0.254790
-1.192990 -0.831376 0.053879 0.520530 0.718183
0.775591 0.152678 -1.325740 -2.306800 -1.427410
0.078261 0.660743 0.698252 0.486620 -0.070885
-0.748930 -0.806875 0.309529 1.605970 1.954740
1.564270 1.070740 0.521926 -0.233431 -0.842155
-0.950211 -0.596801 -0.121824 0.447609 1.353000
1.640600 0.485501 -0.824950 -1.014310 -0.342990
0.495705 0.968957 1.040430 0.737558 -0.171255
-0.908872 -0.609887 -0.043868 -0.027751 -0.254168
-0.421367 -0.883647 -1.883870 -2.320980 -1.342090
-0.259595 -0.349824 -1.075940 -1.489060 -1.680070
-1.866950 -1.386900 -0.157586 0.651700 0.448821
0.164455 0.757189 1.253200 0.463157 -0.408721
-0.223054 0.325139 0.759477 1.220420 1.452680

