7.248140 7.227340 5.696910 4.118510 4.129080
4.852550 5.029800 5.093130 5.618060 5.694480
4.601760 3.523650 3.732840 4.246900 4.076250
4.216870 5.392640 5.928260 4.618010 2.822280
2.020780 1.540550 0.385193 -0.148917 1.199670
2.655490 2.680950 2.068980 1.227720 0.500439
0.822993 1.657500 2.192150 2.330090 1.912120
1.218090 0.935593 1.700270 3.368650 4.722120
5.335950 5.958540 6.795430 6.795650 5.780250
4.573910 3.369570 1.976660 1.141090 1.198820
1.841630 2.155020 1.679680 0.896083 0.011509
-0.466527 -0.031616 1.288250 3.042300 4.433440
5.360020 6.232230 7.081160 7.922920 8.496100
8.288120 7.495650 7.195900 7.575110 8.057460
8.802080 9.629870 9.995620 9.976920 9.738390
9.606749 9.829670 10.279900 10.902700 11.478600
11.674500 11.578100 11.175300 10.596200 10.390500
10.565400 10.707700 10.719100 10.571400 10.195000
9.721990 9.574290 10.037100 10.592600 10.812800
10.829400 10.850700 10.781200 10.421700 9.937990
9.757520 9.860660 10.085200 10.544900 11.152800
11.281200 10.764300 10.331600 10.310700 10.283800
10.041500 10.115300 10.771600 11.042100 10.284500
9.429620 9.056350 9.012760 9.184030 9.115250
8.575480 7.837960 6.961220 6.303360 6.323120
6.611800 6.818580 7.140850 7.522230 7.477400
6.851990 6.297370 6.280120 6.178480 5.450830
4.900060 5.371180 6.145210 6.385650 6.438910
6.445160 6.056690 5.487330 5.192480 5.190260
5.046550 4.706850 4.807040 5.371360 5.666960
5.521910 5.350820 5.403810 5.412600 5.089390
4.560100 3.876820 3.419720 3.581990 3.672200
3.208280 2.646490 2.221850 1.610730 0.886789
0.761187 1.703080 2.618840 2.288300 1.461210
1.350790 1.981590 2.505060 2.527470 2.103010
1.472030 0.852758 0.940278 2.158810 3.419080
3.817010 3.733930 3.684570 3.561930 2.950190
2.539780 2.884220 2.858680 2.067240 1.664920
2.020450 2.304350 1.918760 1.707340 2.486700
3.737680 4.118970 3.396960 2.077760 1.206160
1.625970 2.657390 3.614610 4.188810 3.829250
2.711430 1.329580 0.171253 -0.238354 -0.094253
0.268934 0.641810 0.709620 0.343683 -0.323979
7.248140 7.227340 5.696910 4.118510 4.129080
4.852550 5.029800 5.093130 5.618060 5.694480
4.601760 3.523650 3.732840 4.246900 4.076250
4.216870 5.392640 5.928260 4.618010 2.822280
2.020780 1.540550 0.385193 -0.148917 1.199670
2.655490 2.680950 2.068980 1.227720 0.500439
0.822993 1.657500 2.192150 2.330090 1.912120
1.218090 0.935593 1.700270 3.368650 4.722120
5.335950 5.958540 6.795430 6.795650 5.780250
4.573910 3.369570 1.976660 1.141090 1.198820
1.841630 2.155020 1.679680 0.896083 0.011509
-0.466527 -0.031616 1.288250 3.042300 4.433440
5.360020 6.232230 7.081160 7.922920 8.496100
8.288120 7.495650 7.195900 7.575110 8.057460
8.802080 9.629870 9.995620 9.976920 9.738390
9.606749 9.829670 10.279900 10.902700 11.478600
11.674500 11.578100 11.175300 10.596200 10.390500
10.565400 10.707700 10.719100 10.571400 10.195000
9.721990 9.574290 10.037100 10.592600 10.812800
10.829400 10.850700 10.781200 10.421700 9.937990
9.757520 9.860660 10.085200 10.544900 11.152800
11.281200 10.764300 10.331600 10.310700 10.283800
10.041500 10.115300 10.771600 11.042100 10.284500
9.429620 9.056350 9.012760 9.184030 9.115250
8.575480 7.837960 6.961220 6.303360 6.323120
6.611800 6.818580 7.140850 7.522230 7.477400
6.851990 6.297370 6.280120 6.178480 5.450830
4.900060 5.371180 6.145210 6.385650 6.438910
6.445160 6.056690 5.487330 5.192480 5.190260
5.046550 4.706850 4.807040 5.371360 5.666960
5.521910 5.350820 5.403810 5.412600 5.089390
4.560100 3.876820 3.419720 3.581990 3.672200
3.208280 2.646490 2.221850 1.610730 0.886789
0.761187 1.703080 2.618840 2.288300 1.461210
1.350790 1.981590 2.505060 2.527470 2.103010
1.472030 0.852758 0.940278 2.158810 3.419080
3.817010 3.733930 3.684570 3.561930 2.950190
2.539780 2.884220 2.858680 2.067240 1.664920
2.020450 2.304350 1.918760 1.707340 2.486700
3.737680 4.118970 3.396960 2.077760 1.206160
1.625970 2.657390 3.614610 4.188810 3.829250
2.711430 1.329580 0.171253 -0.238354 -0.094253
0.268934 0.641810 0.709620 0.343683 -0.323979
9.898490 10.148300 8.608420 7.066180 7.267420
8.023240 7.920380 7.703140 8.198280 8.343670
7.305030 6.253660 6.458940 6.938750 6.586190
6.560770 7.934390 8.675510 7.292620 5.401970
4.524900 3.860500 2.336830 1.511070 3.063700
4.866680 4.934640 4.318330 3.661060 3.034850
3.205860 3.953290 4.696250 5.076530 4.653490
3.906060 3.731600 4.458520 5.692510 6.593740
7.082320 7.781050 8.697260 8.570610 7.295860
5.908060 4.266500 2.137470 0.900809 1.085790
2.071820 2.674420 2.403640 1.481980 -0.025375
-0.861328 -0.026291 2.012620 4.241680 5.940020
7.436810 8.915850 10.085700 11.139700 11.896200
11.904900 11.407200 11.150100 11.208100 11.485400
12.269500 13.103100 13.465600 13.537800 13.427200
13.494300 14.083200 14.830800 15.320200 15.545400
15.636100 15.569900 15.157100 14.730600 14.739400
14.843600 14.593600 14.180500 13.909700 13.750800
13.660000 13.936900 14.706900 15.150900 14.849300
14.310500 13.947500 13.793800 13.745300 13.666800
13.736000 13.943800 14.047600 14.147100 14.398400
14.517400 14.379300 14.350600 14.538200 14.545700
14.022400 13.523700 13.827300 14.309200 14.109700
13.646900 13.247500 13.018500 12.912700 12.397800
11.411700 10.381800 9.492070 9.156950 9.654250
10.100000 9.790910 9.271210 8.995720 8.780400
8.538720 8.472640 8.721930 8.662430 7.630410
6.599030 6.799340 7.681160 8.345859 8.810340
9.031591 8.661740 7.798070 6.972990 6.532880
6.315350 6.231860 6.567750 7.213200 7.518390
7.166390 6.558620 6.337230 6.504230 6.584580
6.430470 5.984110 5.388290 4.905640 4.292610
3.464750 2.680990 2.025670 1.359730 0.832635
0.942314 1.955480 2.634720 1.915930 1.046050
1.244570 2.250380 3.041740 3.152060 2.740900
2.271850 1.936500 1.900830 2.446340 3.420460
4.230160 4.439380 4.229700 3.942990 3.396360
3.098910 3.436520 3.228270 2.189820 1.676880
2.037390 2.364780 2.077900 1.920630 2.558070
3.523830 3.585370 2.412540 0.725299 -0.168765
0.584031 2.007480 3.209730 4.066730 4.113610
3.395160 2.186110 0.659215 -0.561604 -1.087920
-0.966713 -0.530205 -0.291466 -0.595676 -1.406310
11.476300 11.834000 10.548500 9.245000 9.592260
10.293100 9.923120 9.444640 9.903710 10.119400
9.134420 8.110020 8.310950 8.756240 8.356030
8.194650 9.403780 10.187800 8.996940 7.213540
6.216140 5.279820 3.531580 2.469300 3.857910
5.839970 6.297750 5.842360 5.132810 4.526780
4.624730 5.187930 5.876820 6.511530 6.639460
6.315780 6.095220 6.384540 7.127660 7.647850
7.804190 8.124740 8.620250 8.169690 6.725920
5.184250 3.302250 1.001930 -0.213403 0.007937
1.064830 1.973820 2.108320 1.210760 -0.711617
-1.917130 -1.009200 1.290730 3.651440 5.759610
8.178940 10.521100 11.956300 12.749900 13.225100
13.406700 13.520200 13.714000 13.750700 13.851600
14.446200 14.993000 15.061100 14.986000 15.082200
15.648400 16.669300 17.622900 17.968000 17.744499
17.496500 17.387300 17.158400 16.956600 17.079100
17.243000 16.858000 16.056900 15.543400 15.623100
16.115200 16.865299 17.788099 18.171900 17.554899
16.455799 15.553200 15.241500 15.651200 16.147800
16.322800 16.296400 15.979300 15.605200 15.691300
16.014700 16.290300 16.801100 17.458000 17.579300
16.699499 15.590100 15.403200 15.808800 16.011600
15.981700 15.583500 15.067000 14.587700 13.807600
12.873600 11.991800 11.128500 10.834500 11.505300
12.074300 11.604200 10.646200 9.717330 9.018660
8.823860 8.959530 9.245910 9.172590 8.061150
6.849750 6.856450 7.593050 8.245040 8.854030
9.422850 9.542440 8.980520 7.983850 7.009540
6.402790 6.291490 6.670640 7.402080 7.964180
7.771710 6.873520 6.070010 5.983740 6.260050
6.346470 6.100460 5.687810 5.200950 4.411890
3.329740 2.301350 1.554260 0.923383 0.488989
0.607392 1.414050 1.852990 0.965589 -0.344573
-0.896099 -0.178992 1.044700 1.710240 1.705940
1.539090 1.311300 1.174360 1.440400 2.133660
2.990360 3.527690 3.575610 3.469200 3.134730
2.896240 3.070420 2.741470 1.852720 1.693360
2.472860 3.148930 3.015240 2.849790 3.241160
3.645770 3.135840 1.563290 -0.443918 -1.477300
-0.616837 0.798588 1.632880 2.047400 1.961200
1.550130 1.078840 0.148127 -1.305690 -2.641100
-3.297550 -3.304560 -3.008450 -2.936260 -3.347190
13.255700 13.753000 12.797100 11.688300 11.968100
12.437200 11.744000 11.009100 11.459900 11.781300
10.884300 9.902880 10.080700 10.477700 10.076400
9.878140 10.986100 11.852000 10.929100 9.265290
8.111100 6.921510 5.018310 3.789250 4.981940
7.036190 7.746810 7.357530 6.646300 6.096050
6.089170 6.473050 7.173570 8.075300 8.628840
8.412390 7.703630 7.322620 7.660590 7.932080
7.837530 7.846160 7.827130 6.843440 5.185300
3.634940 1.784090 -0.524642 -1.818740 -1.814030
-1.029470 -0.227327 -0.137967 -1.131450 -3.068250
-4.168250 -2.988080 -0.139494 2.915720 5.537270
8.296681 11.143800 13.186000 14.270500 14.693000
14.896400 15.277300 15.639700 15.668200 15.807300
16.379900 16.719999 16.504999 16.144600 16.048500
16.693800 18.085800 19.356199 19.655600 19.158800
18.669800 18.574499 18.794100 19.098000 19.299700
19.284201 18.661400 17.541401 16.803400 17.014299
17.955099 19.104099 20.305099 20.966700 20.422800
19.128799 17.948700 17.447201 17.967100 18.733801
18.939100 18.648800 17.897301 17.086599 17.009899
17.474400 18.017799 18.763700 19.564600 19.778601
18.882700 17.496500 16.866100 17.107300 17.649799
18.027599 17.692400 17.038099 16.341200 15.271600
14.148900 13.339600 12.696900 12.573200 13.430300
14.210100 13.736000 12.366900 10.628100 9.266550
9.086890 9.626420 10.182500 10.036600 8.605500
7.002550 6.630490 7.127550 7.757450 8.358590
8.987910 9.290420 8.851420 7.891350 6.882000
6.221970 6.124510 6.378600 6.910100 7.434130
7.423080 6.673170 5.666290 5.223280 5.283640
5.252890 5.062960 4.724080 4.249270 3.459170
2.321710 1.192750 0.283818 -0.637187 -1.272490
-1.026540 0.062072 0.656170 -0.149328 -1.438500
-2.298940 -2.360220 -1.926740 -1.475080 -1.141630
-0.782309 -0.320620 0.071948 0.252920 0.534842
1.128610 1.748670 2.173680 2.394570 2.189640
1.881560 1.836710 1.480270 0.843894 0.897978
1.590690 2.009250 1.848120 1.741470 2.147930
2.628920 2.392030 1.137610 -0.852148 -2.130070
-1.498420 -0.266966 0.192013 0.109563 -0.236992
-0.546569 -0.553010 -0.988108 -2.409580 -3.986540
-4.861020 -5.072650 -4.805710 -4.610310 -5.075600
15.391000 15.945700 15.201100 14.216300 14.307900
14.402700 13.308600 12.350200 12.857100 13.338700
12.581000 11.666600 11.793100 12.120800 11.743500
11.645400 12.795100 13.667700 12.892100 11.363300
10.199300 8.907300 6.910930 5.640340 6.663230
8.488890 9.098520 8.765030 8.298280 7.822740
7.501160 7.668190 8.413030 9.406240 10.041200
9.700740 8.527600 7.566720 7.414170 7.332660
7.015260 6.834340 6.656890 5.586190 3.696170
1.597860 -0.734051 -3.127840 -4.245860 -4.127420
-3.487260 -2.863250 -2.694960 -3.312690 -4.719290
-5.580360 -4.623400 -1.849070 1.706330 4.965080
7.953310 10.861700 13.342700 14.883300 15.281100
15.345400 15.762500 16.215300 16.346500 16.675100
17.561001 18.162300 17.962200 17.367100 16.911301
17.273899 18.590099 19.901199 20.295500 19.948099
19.521999 19.438400 19.774900 20.172400 20.277201
20.200100 19.780701 18.835300 17.978201 17.986500
18.914499 20.193100 21.670300 22.737801 22.354799
20.978901 19.747101 19.195601 19.757500 20.725300
21.005899 20.499300 19.535900 18.751200 18.694901
18.969101 19.222900 19.763500 20.625700 21.172800
20.647600 19.315800 18.352699 18.297300 18.911501
19.615299 19.514400 18.895700 18.252100 17.236200
15.941700 15.003200 14.531100 14.507400 15.252900
16.029200 15.725700 14.355900 12.313000 10.728300
10.614000 11.162700 11.507900 11.099400 9.467580
7.639860 6.848150 6.899740 7.326290 7.868250
8.515310 8.893330 8.550460 7.752030 6.969000
6.493170 6.387290 6.357020 6.533130 6.893120
7.048240 6.465180 5.169910 4.085310 3.606920
3.327810 3.154020 2.884570 2.450190 1.746680
0.818760 -0.115260 -1.057480 -2.166720 -3.016990
-3.030150 -2.216300 -1.688320 -2.202720 -3.191580
-4.120850 -4.375690 -4.002750 -3.568420 -3.305560
-3.018300 -2.577450 -2.096140 -1.745410 -1.419810
-1.155520 -0.813476 -0.076216 0.760939 1.123980
1.079940 0.767485 0.063552 -0.583673 -0.589966
-0.384711 -0.449664 -0.568953 -0.503672 -0.124642
0.478777 0.586767 -0.326668 -2.025470 -3.144630
-2.581990 -1.579670 -1.508570 -2.019370 -2.576160
-2.842040 -2.644150 -2.789750 -3.803210 -5.086990
-6.168200 -6.766630 -6.576920 -6.318250 -6.879710
16.708700 17.243700 16.735100 16.114100 16.186501
15.844900 14.290300 13.137900 13.726400 14.369000
13.749200 12.901700 12.977500 13.235000 12.839900
12.715700 13.788200 14.590900 13.988200 12.833500
11.827800 10.370200 8.179040 6.759240 7.523500
9.050020 9.537350 9.341580 8.972730 8.279460
7.652180 7.736930 8.617639 9.776210 10.689200
10.741900 9.565100 7.882880 6.827120 6.294840
5.867820 5.433600 4.955980 3.897470 2.029820
-0.556735 -3.549140 -6.096220 -6.886950 -6.617790
-6.237880 -5.848130 -5.532790 -5.553360 -6.098480
-6.313950 -5.247940 -2.696500 0.723179 4.194640
7.640390 10.961200 13.786500 15.518900 15.615000
15.090800 15.275700 15.904800 16.251600 16.572701
17.268400 17.676800 17.452801 17.070200 16.871300
17.303400 18.558500 19.817101 20.319599 20.319300
20.199200 20.135000 20.310600 20.450399 20.272499
20.177999 20.215799 19.817499 19.068800 18.989700
20.017099 21.374399 22.803400 23.770901 23.153601
21.623800 20.506300 20.060600 20.614700 21.667400
22.093399 21.603001 20.630899 19.908300 19.755501
19.768299 19.883699 20.483200 21.471701 22.095501
21.644600 20.329100 19.115000 18.718000 19.267799
20.209499 20.367201 19.768200 19.113100 18.368099
17.436800 16.715300 16.276800 16.077400 16.572001
17.176100 16.776800 15.356100 13.365800 11.927500
11.906500 12.242000 11.955300 10.924800 9.165840
7.457170 6.551590 6.348470 6.777140 7.522750
8.269100 8.689450 8.528080 7.868950 7.041140
6.550400 6.556940 6.566560 6.550080 6.531340
6.418830 5.834970 4.511420 3.091970 2.015260
1.126930 0.627244 0.310566 -0.137438 -0.709148
-1.135070 -1.558050 -2.413170 -3.634560 -4.675630
-5.003330 -4.320290 -3.523160 -3.560390 -4.340120
-5.546050 -6.146920 -5.852680 -5.362220 -5.121640
-4.917440 -4.375610 -3.688100 -3.363310 -3.347350
-3.471450 -3.431360 -2.780590 -1.819060 -1.384340
-1.574740 -1.942210 -2.266300 -2.404490 -2.437400
-2.786100 -3.204290 -3.178560 -2.897050 -2.505890
-1.764110 -1.322270 -1.845510 -3.195090 -4.212230
-3.903040 -3.320320 -3.587230 -4.242670 -4.797230
-5.018880 -4.806790 -4.890020 -5.652180 -6.659270
-7.681700 -8.342070 -8.257430 -8.145470 -8.841200
17.795799 17.947001 17.494499 17.084400 17.075701
16.470301 14.681100 13.388200 13.986300 14.724200
14.220800 13.436200 13.443500 13.641600 13.578900
13.891900 14.759300 15.120600 14.539600 13.615300
12.635900 11.093300 9.134420 7.998060 8.361730
9.203840 9.630580 9.791690 9.585140 8.917650
8.128630 7.815140 8.309660 9.162130 10.104200
10.414400 9.217330 7.194970 5.853200 5.251490
4.896210 4.371590 3.597700 2.429310 0.592155
-2.162020 -5.391460 -7.983260 -8.637440 -8.312750
-8.032450 -7.702470 -7.221260 -6.857110 -7.085370
-7.219360 -6.184040 -3.736490 -0.514828 2.863860
6.519080 10.386000 13.786300 15.711900 15.668600
14.971000 15.124900 15.751500 15.945500 16.154100
16.994900 17.687500 17.677700 17.376900 17.001101
16.975000 17.830601 19.027399 19.788200 20.180599
20.229601 19.946800 19.841999 19.906200 19.784599
19.756300 19.936701 19.899300 19.605700 19.727900
20.624001 21.775200 23.039900 23.908199 23.361700
22.181999 21.606001 21.406000 21.568399 22.027000
22.272600 21.997700 21.322201 20.739500 20.318600
19.915899 19.964899 20.780199 21.976400 22.642700
22.127899 20.763000 19.521099 19.176100 19.891600
20.888800 20.849199 20.024700 19.457199 19.085400
18.433901 17.736099 17.216600 16.959299 17.351999
17.808399 17.415300 16.285999 14.716300 13.446600
13.293500 13.446700 12.872200 11.370500 9.307939
7.611320 6.756190 6.562490 7.253130 8.306480
8.915310 8.968380 8.586050 7.723070 6.657310
6.116850 6.338130 6.406420 5.934080 5.381390
4.968510 4.443570 3.499630 2.309530 0.972762
-0.463494 -1.489150 -2.131390 -2.626300 -3.040110
-3.276080 -3.602100 -4.450160 -5.630500 -6.582660
-6.883110 -6.132450 -5.115240 -4.882340 -5.455670
-6.628590 -7.535220 -7.734330 -7.486180 -7.238320
-6.952560 -6.199200 -5.241860 -4.823320 -4.895710
-5.125750 -5.105420 -4.365860 -3.375890 -3.010670
-3.210610 -3.646610 -4.070670 -4.099950 -4.011090
-4.419270 -4.885850 -4.623780 -4.113330 -3.828600
-3.457840 -3.284890 -3.692680 -4.706220 -5.623250
-5.626680 -5.399650 -5.720140 -6.169020 -6.325400
-6.175290 -5.989230 -6.343980 -7.167480 -7.972530
-8.825980 -9.448560 -9.443850 -9.566930 -10.518800
17.753201 17.834000 17.620899 17.358700 17.241600
16.498501 14.645900 13.309700 13.859200 14.591800
14.172000 13.443800 13.356800 13.512100 13.727100
14.263100 14.914100 15.136800 14.806100 14.063900
12.976400 11.334400 9.504790 8.402130 8.377530
8.827060 9.120900 9.110910 8.777420 8.188130
7.351560 6.878590 7.256480 8.110950 9.165750
9.461560 8.032650 5.765600 4.363550 3.894340
3.748560 3.439350 2.849760 1.720860 -0.273736
-3.165770 -6.388010 -8.947410 -9.594940 -9.175620
-8.849210 -8.565220 -7.884440 -7.130750 -7.245520
-7.520870 -6.618770 -4.315100 -1.289220 1.911760
5.455530 9.266610 12.630000 14.706300 15.054200
14.718800 15.059700 15.759400 15.918600 15.969300
16.618401 17.376699 17.725800 17.595301 16.993401
16.593100 17.135500 18.209000 19.051300 19.625700
19.866600 19.726400 19.627899 19.535299 19.300400
19.290300 19.551300 19.720501 19.698200 19.828800
20.479601 21.571501 23.008801 23.908300 23.341499
22.402300 22.193501 22.078600 21.871201 21.864201
21.983700 21.905600 21.577999 21.302299 20.835600
20.041000 19.722700 20.349300 21.471600 22.151600
21.803600 20.806200 19.910999 19.575600 20.003201
20.649900 20.456200 19.823299 19.589600 19.441500
18.853300 18.035700 17.372900 17.192900 17.827000
18.602600 18.602200 17.767599 16.421700 15.256300
14.828000 14.562600 13.822200 12.383000 10.388800
8.618060 7.645190 7.544480 8.408770 9.305280
9.324970 8.818520 8.219250 7.413380 6.548810
6.234060 6.618520 6.482780 5.281240 4.107060
3.522690 3.015670 2.157770 1.001910 -0.494855
-2.254430 -3.572750 -4.264600 -4.553440 -4.571360
-4.345170 -4.548930 -5.662910 -7.114430 -8.207160
-8.535420 -7.830560 -6.876920 -6.490590 -6.743520
-7.750490 -8.734210 -9.091520 -9.049530 -9.110200
-9.031780 -8.122490 -6.848000 -6.371540 -6.654870
-7.012000 -6.803830 -5.661690 -4.419650 -4.071050
-4.488140 -5.317210 -6.028890 -6.041370 -5.796420
-5.970090 -6.186560 -5.752210 -5.215320 -5.033630
-4.960110 -5.223890 -5.821820 -6.499910 -7.008680
-7.006900 -6.897780 -7.169590 -7.422180 -7.315510
-7.144020 -7.229690 -7.742300 -8.457680 -9.132480
-9.958690 -10.602400 -10.703700 -11.083800 -12.351100
17.352600 17.558599 17.527700 17.392599 17.258499
16.493999 14.634500 13.279200 13.787000 14.515700
14.177500 13.505800 13.325200 13.436600 13.664300
14.111500 14.711800 14.993700 14.859200 14.277300
13.171900 11.542800 9.632850 8.272460 8.040790
8.293430 8.207390 7.833310 7.279680 6.394700
5.437880 5.155170 5.853200 6.979320 8.045760
8.180750 6.651290 4.452540 3.118590 2.554240
2.230020 1.944640 1.700230 0.922757 -0.993721
-3.889830 -6.994400 -9.454620 -10.307100 -10.268700
-10.185800 -9.900750 -9.048380 -8.200600 -8.303310
-8.250440 -6.899530 -4.467400 -1.519790 1.611150
5.024090 8.623200 11.912300 14.253400 14.935700
14.621700 14.797200 15.453000 15.671500 15.516000
15.751800 16.498501 17.221100 17.281900 16.708500
16.347200 16.800200 17.643200 18.272699 18.707899
18.891399 18.789400 18.729601 18.618700 18.343399
18.295900 18.733200 19.354900 19.684900 19.740000
19.938101 20.755800 22.398300 23.633101 23.275000
22.464100 22.311899 22.129299 21.831699 21.785299
21.705500 21.484100 21.451200 21.531700 21.135900
20.235800 19.542000 19.638000 20.433500 21.133301
21.109600 20.457899 19.645700 19.277201 19.714600
20.374100 20.351400 20.112801 20.222900 20.159599
19.513700 18.591400 17.847700 17.661501 18.196301
18.750401 18.603600 17.772301 16.586300 15.727800
15.565300 15.365000 14.563000 13.182200 11.421200
9.684710 8.489190 8.411100 9.521670 10.325900
9.761090 8.618020 7.713100 7.142680 7.037760
7.408170 7.855530 7.205000 5.239990 3.452680
2.416730 1.496540 0.555076 -0.352428 -1.713550
-3.498480 -4.855920 -5.571760 -5.822080 -5.639320
-5.075100 -5.100660 -6.301480 -7.910320 -9.090150
-9.349830 -8.580390 -7.665970 -7.152150 -7.108260
-7.982990 -9.088280 -9.598230 -9.832580 -10.258400
-10.403600 -9.563840 -8.424501 -8.153260 -8.559590
-8.923350 -8.654760 -7.318870 -5.636440 -4.740400
-4.950830 -6.002990 -7.098640 -7.589550 -7.808030
-8.103260 -8.126630 -7.577470 -6.962940 -6.667720
-6.366740 -6.400650 -6.784900 -7.038620 -7.124920
-7.136280 -7.207100 -7.502030 -7.764050 -7.720620
-7.725690 -8.044200 -8.579870 -9.098960 -9.653410
-10.506400 -11.313100 -11.592400 -11.909600 -12.942700
18.302000 18.497700 18.541599 18.486200 18.269501
17.348400 15.346400 13.890200 14.330300 15.056100
14.799700 14.184600 13.910000 13.977100 14.428700
15.185500 15.858200 16.065201 16.018999 15.549600
14.361000 12.610300 10.693300 9.393270 9.053490
8.973460 8.500590 7.898110 7.281510 6.226780
5.119450 4.957480 5.875550 7.079780 7.981370
7.792760 5.856390 3.355280 1.827070 0.992260
0.344059 0.022628 0.105154 -0.281454 -1.875720
-4.499980 -7.490300 -9.960400 -10.948800 -11.305300
-11.651900 -11.354200 -10.080300 -8.920430 -8.969210
-8.723130 -6.973380 -4.334310 -1.523090 1.386270
4.756350 8.431871 11.649800 13.860200 14.623300
14.499100 14.746500 15.423400 15.877700 15.985300
16.074699 16.388399 16.889999 17.013300 16.494499
16.146299 16.623400 17.415501 17.752899 17.728300
17.657801 17.652700 17.822201 17.989901 17.930401
17.880800 18.161900 18.625000 18.797001 18.729601
18.941401 19.950199 21.778400 23.171801 23.159201
22.732401 22.731800 22.540501 22.106701 21.867201
21.696699 21.484301 21.448099 21.496901 21.119499
20.196699 19.226299 18.924500 19.535700 20.272800
20.333200 19.781300 19.122700 19.002399 19.679800
20.433399 20.486900 20.364401 20.520100 20.438700
19.883900 19.224300 18.714500 18.462500 18.608000
18.579800 17.891199 16.855400 15.843800 15.256200
15.244700 15.344200 15.175600 14.603000 13.607700
12.135600 10.579100 9.973330 10.815600 11.513600
10.766800 9.148440 7.541300 6.737390 7.175420
8.119560 8.519260 7.501400 5.296910 3.251150
1.683130 0.252005 -0.874199 -1.699280 -2.794410
-4.191490 -5.116880 -5.715630 -6.213640 -6.308630
-5.940630 -5.976070 -6.916680 -8.268290 -9.398370
-9.670560 -8.954830 -8.171630 -7.712670 -7.547560
-8.272050 -9.328840 -9.917580 -10.346100 -10.963900
-11.217100 -10.521200 -9.626870 -9.473250 -9.655430
-9.632850 -9.257180 -8.168460 -6.768290 -5.871980
-5.865300 -6.919780 -8.286370 -8.920240 -9.135100
-9.400080 -9.424800 -8.751180 -8.144370 -7.840820
-7.442370 -7.301190 -7.414180 -7.236790 -6.993580
-6.981160 -7.035380 -7.207050 -7.580700 -7.810070
-8.054300 -8.498510 -8.984750 -9.296970 -9.712470
-10.606100 -11.494200 -11.783200 -12.005400 -13.004900
18.704800 18.999599 19.367001 19.541401 19.317801
18.288900 16.169800 14.621000 14.996800 15.720900
15.547200 14.988900 14.619300 14.642400 15.219300
15.969300 16.458599 16.699699 16.988400 16.780899
15.585900 13.764200 11.765000 10.215200 9.515790
9.212910 8.543120 7.605080 6.743550 5.630150
4.520010 4.294660 5.268580 6.749650 7.949170
7.785300 5.620050 2.911850 1.153130 -0.090118
-1.275270 -1.961880 -1.745550 -1.590820 -2.752860
-5.251980 -8.266640 -10.708300 -11.569300 -11.781800
-12.029800 -11.613700 -10.197000 -9.079930 -9.379910
-9.131490 -7.135860 -4.539810 -2.164580 0.305527
3.589410 7.762950 11.754900 14.294100 14.906500
14.640700 14.781200 15.248500 15.715300 16.095600
16.227100 16.318899 16.676300 16.763399 16.141199
15.681100 16.162800 16.981300 17.240700 17.083300
16.916000 16.850500 17.052099 17.432100 17.642799
17.633200 17.778601 18.243299 18.538300 18.478701
18.616600 19.630400 21.468201 22.832001 22.862101
22.532700 22.665300 22.631201 22.205400 21.996500
22.087601 22.135300 22.267799 22.426300 21.810801
20.330700 18.858601 18.258301 18.649000 19.222200
19.299700 18.951599 18.583200 18.726101 19.515499
20.176001 20.095900 19.944799 20.211100 20.376200
20.050200 19.598301 19.349100 19.055599 18.662201
18.002399 16.887199 15.608700 14.638700 14.344500
14.601900 14.980800 15.206400 15.010800 14.412400
13.568700 12.790900 12.512400 12.837600 12.600500
11.191700 9.316370 7.424800 6.286460 6.539710
7.271700 7.428350 6.475980 4.379110 2.115550
0.285447 -1.140760 -2.181520 -3.119510 -4.406180
-5.704880 -6.313590 -6.490100 -6.778350 -7.026980
-6.870140 -6.696940 -6.919030 -7.684470 -8.882570
-9.568370 -9.194560 -8.561230 -8.107150 -7.936140
-8.533790 -9.380560 -9.929930 -10.502600 -11.230400
-11.462400 -10.700900 -9.817830 -9.684350 -9.773360
-9.516620 -8.921690 -7.927190 -7.005530 -6.737880
-7.306190 -8.756940 -10.045400 -10.161600 -9.868310
-9.677720 -9.284200 -8.338360 -7.605940 -7.523950
-7.974400 -8.770720 -9.130080 -8.526680 -7.798860
-7.634980 -7.612260 -7.610820 -7.863800 -7.963690
-8.080220 -8.528840 -9.100670 -9.363790 -9.539370
-10.204800 -10.935700 -11.168900 -11.553700 -12.669100
19.550200 19.736500 20.254200 20.559799 20.351500
19.266300 17.076000 15.454900 15.766700 16.489401
16.398600 15.897300 15.432400 15.411600 16.291901
17.268999 17.501900 17.569700 18.019300 17.973200
16.794600 14.955200 13.097400 11.553300 10.424300
9.689010 8.871730 7.804910 6.707710 5.451910
4.258580 3.922840 4.878440 6.492860 7.859530
7.672990 5.351600 2.572540 0.774826 -0.542946
-1.786600 -2.575470 -2.494790 -2.312140 -3.405800
-5.979010 -9.036850 -11.354200 -12.098200 -12.333800
-12.783000 -12.450400 -10.574800 -8.782080 -8.830710
-8.698020 -6.731240 -4.082060 -1.966110 0.163843
3.358460 7.540310 11.546600 14.210300 14.960100
14.743600 14.977500 15.564900 16.042299 16.375200
16.427000 16.316999 16.512300 16.772900 16.489100
16.199301 16.581499 17.054501 16.968100 16.790199
16.743099 16.580900 16.561300 16.926300 17.355600
17.553400 17.792900 18.378099 19.081301 19.342100
19.173800 19.506500 20.838400 22.076099 22.309200
22.348101 22.908100 23.235201 22.888201 22.492201
22.319799 22.209900 22.352800 22.466900 21.604700
19.951500 18.406401 17.624001 17.861401 18.477699
18.840300 18.820999 18.475100 18.478001 19.301800
20.122999 20.127300 19.944500 20.201200 20.441299
20.121700 19.569901 19.293301 18.930000 18.248899
17.262600 15.925900 14.410100 13.345300 13.267700
13.849700 14.462700 14.815500 14.680600 14.267900
13.864000 13.540800 13.169200 12.997600 12.626400
11.500000 9.836150 7.710220 5.929960 5.523190
5.762610 5.572640 4.604770 2.638690 0.417025
-1.130160 -1.956270 -2.405400 -2.999980 -4.188310
-5.622100 -6.547140 -6.933390 -7.124430 -7.197590
-7.043740 -6.905520 -6.848990 -7.254270 -8.528140
-9.538680 -9.346860 -8.657750 -7.933670 -7.514230
-8.116940 -9.236960 -10.032600 -10.732100 -11.487700
-11.710600 -10.970600 -10.132200 -9.912450 -9.720340
-8.996489 -7.999100 -7.045620 -6.570510 -6.784190
-7.650330 -9.365820 -10.940400 -11.140600 -10.714700
-10.357900 -9.888810 -8.918650 -8.097490 -8.086030
-8.827290 -9.934090 -10.402000 -9.358840 -8.084950
-7.783690 -7.696660 -7.521870 -7.788510 -8.180770
-8.632950 -9.179760 -9.488640 -9.334650 -9.232480
-9.812250 -10.540400 -10.856900 -11.277600 -12.044800
19.016399 18.895000 19.361401 19.868500 19.921700
18.959299 16.776899 15.129800 15.380800 16.079100
16.043900 15.576200 15.010400 14.884500 15.805700
16.781300 16.765600 16.587299 17.066099 17.301399
16.444799 14.783800 13.003700 11.412500 9.971600
8.838080 7.900140 6.903780 5.907560 4.785990
3.502910 2.919900 3.590400 4.964620 6.328960
6.495090 4.728300 2.162160 0.119293 -1.319110
-2.355160 -3.039650 -3.245730 -3.515770 -4.782390
-7.203690 -10.083700 -12.185400 -12.676000 -12.878700
-13.530400 -13.251900 -11.074500 -8.868840 -8.643410
-8.378150 -6.470150 -3.995240 -1.700090 0.818351
3.882650 7.487820 11.032500 13.545800 14.519900
14.735200 15.246500 15.971300 16.556999 16.864201
16.826300 16.649200 16.775600 17.006701 16.694099
16.281200 16.437500 16.637800 16.283899 15.969900
16.135300 16.323099 16.369600 16.491800 16.660900
16.832701 17.145100 17.786100 18.695200 19.252501
19.104200 19.102800 19.956600 20.822500 20.973600
21.216900 22.157600 22.952200 22.933201 22.556499
22.308599 22.314400 22.647400 22.723600 21.702499
19.973000 18.257299 17.084700 16.974199 17.692600
18.582199 19.060801 18.910200 18.784201 19.317499
20.038799 20.229200 20.189501 20.320999 20.244101
19.641001 19.083700 19.023500 18.754900 17.894400
16.650999 15.292800 14.187800 13.848300 14.157400
14.390000 14.495600 14.762500 14.714500 14.184700
13.499100 13.056000 12.959700 13.154100 12.983700
12.078600 10.748500 8.811850 6.682800 5.478590
4.930120 4.190900 2.878260 0.740606 -1.439400
-2.727060 -3.181310 -3.158000 -3.224530 -3.822030
-4.726710 -5.451500 -6.051660 -6.672810 -6.960230
-6.505350 -5.962840 -5.759120 -6.197830 -7.742240
-9.242930 -9.376170 -8.655960 -7.727290 -7.098960
-7.571370 -8.808450 -9.917700 -10.835100 -11.565100
-11.653900 -10.748500 -9.679940 -9.150720 -8.724560
-8.133600 -7.696310 -7.426640 -7.313300 -7.299450
-7.531820 -8.702540 -10.148700 -10.544200 -10.353300
-10.178200 -9.946120 -9.095390 -8.260390 -8.270890
-9.061340 -10.139500 -10.599300 -9.449010 -7.993880
-7.704840 -7.796210 -7.750800 -8.061200 -8.564609
-9.153660 -9.703350 -9.718420 -9.015380 -8.419320
-8.843550 -9.848360 -10.596100 -10.987800 -11.195200
17.777800 17.471901 17.684200 18.161100 18.400000
17.737101 15.857100 14.378600 14.602800 15.241000
15.217200 14.748100 14.074900 13.751400 14.204700
14.719800 14.721500 14.615000 15.030100 15.388000
14.863400 13.579300 11.845200 10.140100 8.853890
7.791010 6.664980 5.614020 4.771900 3.719900
2.452500 1.885180 2.470690 3.611490 4.659380
4.903680 3.820500 1.850710 -0.185269 -1.733080
-2.582790 -2.943660 -3.080020 -3.750290 -5.483020
-7.861320 -10.493300 -12.569400 -13.059000 -13.092400
-13.688900 -13.509600 -11.442700 -9.362670 -8.931470
-7.944860 -5.231980 -2.562930 -0.744598 1.331930
4.376580 7.944480 11.050000 13.139500 14.036800
14.345700 15.016500 15.890600 16.591101 16.956900
16.942499 16.845100 16.974199 17.079901 16.663900
16.136200 16.177799 16.302299 15.900100 15.594200
15.995300 16.606800 16.895399 16.925301 16.870501
16.831699 16.889200 17.250200 17.985701 18.466700
18.328800 18.359800 19.156099 19.927500 19.982100
20.270599 21.550100 22.772400 23.070200 22.793100
22.362900 22.227400 22.705000 22.848301 21.580700
19.549000 17.757900 16.588200 16.425501 17.160000
18.278799 19.139200 19.325300 19.268600 19.450500
19.638800 19.528799 19.306601 19.191900 18.989500
18.463200 18.102200 18.283701 18.101400 17.063900
15.656600 14.511500 14.008800 14.249400 14.759000
14.772800 14.454800 14.413100 14.306000 13.770000
13.065500 12.741700 12.857300 13.006000 12.620900
11.661000 10.336100 8.363040 6.295440 5.186710
4.617300 3.680960 2.105790 -0.062005 -1.968320
-3.071150 -3.561370 -3.486290 -3.312930 -3.498690
-3.900770 -4.417030 -5.316900 -6.368030 -6.654480
-5.844120 -5.050960 -4.865990 -5.384320 -6.962410
-8.668050 -9.226520 -8.661511 -7.400070 -6.441030
-6.748970 -7.875620 -8.902460 -9.785430 -10.521600
-10.605400 -9.664650 -8.494840 -7.784180 -7.295920
-6.854540 -6.793260 -7.050810 -7.202020 -6.966090
-6.786150 -7.391330 -8.217040 -8.545520 -8.893350
-9.319330 -9.457700 -8.867660 -8.174740 -8.229350
-9.074360 -10.268000 -10.820600 -9.746670 -8.290620
-7.875430 -7.855230 -7.806280 -8.048200 -8.345960
-8.719230 -9.075000 -8.803389 -7.761530 -7.083090
-7.808500 -9.275110 -10.289600 -10.523400 -10.190500
16.542299 16.284500 16.328199 16.655701 16.938299
16.520201 14.942400 13.629000 13.815200 14.393200
14.381000 13.910500 13.129800 12.608900 12.534600
12.533300 12.680400 12.877400 13.314300 13.676100
13.341800 12.380100 10.632200 8.753480 7.735350
6.978140 5.653810 4.315550 3.339370 2.046210
0.840229 0.657856 1.561250 2.789370 3.555340
3.628660 2.887770 1.439900 -0.391053 -1.982040
-2.824310 -2.982420 -2.864790 -3.495020 -5.394820
-8.044400 -11.003900 -13.261700 -13.707800 -13.554100
-14.075200 -14.115700 -12.349200 -10.193800 -9.268700
-7.951320 -5.247360 -2.466170 -0.458343 1.566840
4.725660 8.338190 10.895300 12.477700 13.357000
13.853400 14.718600 15.810500 16.761900 17.269300
17.137800 16.935400 17.286100 17.713699 17.421101
16.727699 16.385900 16.065399 15.351500 15.090200
15.721600 16.327600 16.440901 16.444099 16.579300
16.781000 16.915100 17.071199 17.404200 17.592300
17.283199 17.149000 17.904900 18.906200 19.438801
20.113001 21.408501 22.432501 22.532400 22.179701
21.702600 21.294800 21.324400 21.161800 19.843100
18.023500 16.679600 15.864700 15.843800 16.594999
17.586000 18.332899 18.542500 18.483900 18.580799
18.803301 18.865999 18.754400 18.652000 18.399900
17.820700 17.393101 17.440100 17.212200 16.284100
14.963000 13.854000 13.526400 14.112200 14.884700
14.837600 14.145800 13.544900 13.005600 12.484600
12.244700 12.417700 12.545200 12.182700 11.176200
9.798820 8.318090 6.550970 4.935000 4.299350
4.272260 3.936730 2.738130 0.567269 -1.583090
-2.947020 -3.653850 -3.651560 -3.152830 -2.863000
-3.213850 -4.205720 -5.457300 -6.419440 -6.504670
-5.574660 -4.493990 -3.890070 -4.127230 -5.682830
-7.618610 -8.356890 -7.740490 -6.364230 -5.242220
-5.266510 -6.179820 -7.251760 -8.200230 -8.934740
-9.076100 -8.368870 -7.379220 -6.673750 -6.318100
-6.281810 -6.437110 -6.640520 -6.829350 -6.755640
-6.595020 -6.843510 -7.158940 -7.416200 -8.137430
-8.879310 -9.035080 -8.327820 -7.587600 -7.662810
-8.645040 -9.996370 -10.602200 -9.614710 -8.251070
-7.797940 -7.664310 -7.558550 -7.715190 -7.866650
-8.212350 -8.634510 -8.203651 -6.820180 -5.941860
-6.740700 -8.464280 -9.675320 -9.923810 -9.463630
15.613800 14.978800 14.932600 15.174600 15.516600
15.284700 13.877200 12.633100 12.765300 13.283200
13.282500 12.810900 11.922400 11.204400 11.109900
11.107600 10.945300 11.021500 11.559000 11.988600
11.860500 11.161900 9.776070 8.144570 6.923220
6.045720 5.023790 3.822520 2.799380 1.837960
0.824193 0.286496 0.583351 1.341180 1.996860
2.149830 1.647240 0.424679 -1.469400 -3.108980
-3.649770 -3.501010 -3.442530 -4.207720 -5.843400
-7.910610 -10.649100 -13.127800 -13.768600 -13.691800
-14.385000 -14.699500 -13.106900 -10.699200 -9.229500
-7.690770 -5.192460 -2.571880 -0.160317 2.568410
5.934220 9.157220 11.158100 12.219700 12.801800
13.257400 14.044900 15.150300 16.370600 17.121201
17.015600 16.836300 17.327801 17.930300 17.758801
17.015200 16.510500 16.125900 15.389800 15.001600
15.523800 16.094200 16.069300 15.877600 16.106501
16.815901 17.522900 17.795401 17.655199 17.219200
16.522800 16.142401 16.692301 17.753300 18.647900
19.707500 21.224400 22.318300 22.376801 21.834000
21.092400 20.463900 20.155300 19.584900 18.201599
16.605900 15.384500 14.595400 14.536700 15.211900
16.349400 17.331900 17.473000 17.005600 16.697901
16.899099 17.430901 17.943701 18.315300 18.270399
17.541800 16.675600 16.237900 15.801300 14.989300
13.949200 13.138000 13.031800 13.744700 14.396000
13.925900 12.756600 11.809700 11.099900 10.646100
10.808700 11.376200 11.565000 11.088100 9.956380
8.476450 7.057800 5.603950 4.546030 4.736980
5.446730 5.220370 3.573620 0.865875 -1.700470
-3.262200 -3.888050 -3.643060 -2.905800 -2.418370
-2.610980 -3.505110 -4.750810 -5.884250 -6.260050
-5.583830 -4.607170 -3.859920 -3.699940 -4.771880
-6.428280 -7.163400 -6.656610 -5.392820 -4.349410
-4.320560 -5.011420 -5.870970 -6.649640 -7.337070
-7.616290 -7.103550 -6.105980 -5.213530 -4.818570
-4.955910 -5.374980 -5.953060 -6.394910 -6.038020
-5.087810 -4.565000 -4.619550 -4.974730 -5.782100
-6.786890 -7.451160 -7.013100 -6.240900 -6.315310
-7.285750 -8.434460 -8.966140 -8.044740 -6.719050
-6.338660 -6.575080 -7.278290 -8.238380 -8.685860
-8.691590 -8.446700 -7.531550 -6.113530 -5.391620
-6.174670 -7.831880 -9.200600 -9.725660 -9.523570
14.675100 13.717000 13.429800 13.508600 13.979200
14.019900 12.858900 11.787000 11.918900 12.376400
12.387000 11.914100 10.918200 10.003000 9.748760
9.579770 9.199680 9.208990 9.696780 10.117100
10.263900 9.914390 8.827830 7.378160 6.098220
5.156990 4.257040 3.139240 2.199350 1.612680
0.795053 -0.016716 -0.278292 -0.117721 0.151596
0.276307 0.222184 -0.486435 -2.310040 -4.051820
-4.478240 -4.127410 -3.947820 -4.650240 -6.256220
-8.316220 -10.967700 -13.276400 -13.837000 -13.775100
-14.488000 -14.644600 -12.755400 -10.357300 -9.162230
-7.810230 -5.507060 -2.873150 0.220088 3.834460
7.545360 10.421100 11.711300 12.273500 12.747300
13.188600 13.816000 14.781900 16.143299 17.186100
17.268101 17.044201 17.281799 17.737000 17.724501
17.134701 16.451300 15.808800 15.056000 14.632900
14.995700 15.530200 15.588100 15.351000 15.324800
15.852600 16.764000 17.521299 17.674400 17.068399
15.939900 15.049800 15.162300 16.139799 17.259199
18.441401 19.784401 20.576000 20.407101 19.843599
19.281000 18.848000 18.505699 17.879000 16.764500
15.587600 14.555600 13.728000 13.446700 13.788700
14.691000 15.679200 16.071100 15.991000 16.058300
16.531799 17.084400 17.318800 17.351601 17.134501
16.408600 15.488700 14.850500 14.370300 13.774200
13.068800 12.532800 12.587400 13.390400 13.838600
12.790500 11.257000 10.473300 10.114800 9.747960
9.662400 9.949799 10.175000 10.117300 9.432200
8.008810 6.433690 5.021320 4.206790 4.570090
5.225810 4.829420 3.088290 0.363753 -2.284190
-3.907000 -4.380680 -3.810600 -2.867220 -2.357470
-2.571860 -3.531900 -4.764160 -5.705080 -6.016520
-5.446290 -4.501840 -3.842900 -3.806620 -4.612640
-5.614610 -5.985200 -5.797850 -5.208820 -4.516740
-4.239990 -4.479940 -5.073660 -5.779180 -6.383400
-6.464580 -5.675510 -4.354420 -3.266890 -3.061480
-3.666040 -4.409840 -4.977430 -5.195120 -4.568710
-3.404860 -2.641510 -2.585860 -3.146420 -4.025720
-4.787730 -5.225910 -4.802560 -4.052210 -4.206450
-5.389780 -6.932940 -7.892690 -7.042170 -5.528050
-5.004980 -5.350410 -6.418840 -7.728170 -8.441060
-8.588250 -8.344510 -7.524800 -6.423330 -5.877500
-6.402860 -7.567380 -8.564380 -9.152570 -9.449030
13.123900 12.007100 11.507900 11.601800 12.372700
12.789900 11.929200 10.994900 11.091900 11.488900
11.511600 11.037500 9.933710 8.821800 8.103200
7.352520 6.841140 6.947990 7.415020 8.004200
8.597380 8.701660 7.663830 5.949160 4.661720
3.821140 2.818680 1.617840 0.751774 0.317542
-0.385825 -1.226830 -1.690530 -1.856010 -1.894000
-1.635200 -0.967550 -1.023560 -2.783890 -4.814010
-5.487210 -5.154630 -4.695210 -4.940750 -6.176650
-8.122500 -10.904400 -13.360800 -13.889500 -13.611100
-14.058900 -14.082400 -12.282700 -10.261000 -9.455280
-7.782020 -4.569610 -1.615380 1.128720 4.472690
8.050950 10.844400 12.164800 12.764000 13.227300
13.562200 13.905000 14.610400 15.946500 17.040300
17.034901 16.549101 16.537901 16.990700 17.219999
16.927299 16.404100 15.702100 14.797600 14.427200
15.081500 15.814900 15.856200 15.460900 15.084300
15.148800 15.712800 16.341200 16.535900 15.997300
14.898200 13.955200 13.763600 14.340800 15.285200
16.444401 17.740400 18.533300 18.529301 18.088600
17.351601 16.589001 16.134899 15.841500 15.395100
14.715500 13.792100 12.975600 12.749800 12.859400
13.138200 13.736600 14.397200 14.765000 14.811100
15.005900 15.515700 15.721100 15.556900 15.342100
14.944900 14.302300 13.527700 12.881200 12.569200
12.437700 12.305300 12.407300 13.074400 13.351300
12.115200 10.503200 9.892360 9.824280 9.423420
8.890230 8.706020 8.704030 8.708720 8.482420
7.732690 6.394250 4.718010 3.707850 3.983480
4.329460 3.577210 1.856390 -0.452649 -2.519060
-3.658930 -3.932190 -3.451920 -2.753520 -2.423730
-2.724160 -3.749190 -4.878410 -5.585810 -5.781090
-5.134690 -4.044100 -3.313590 -3.285050 -4.134160
-5.171670 -5.644290 -5.675810 -5.309380 -4.738970
-4.380420 -4.280780 -4.440810 -4.765190 -4.978990
-4.701710 -3.856950 -2.754370 -1.782310 -1.392770
-1.684710 -2.217010 -2.773430 -3.181900 -2.785480
-1.724550 -1.056050 -1.234750 -2.018270 -2.851100
-3.335510 -3.483770 -2.914510 -2.126960 -2.410170
-3.919420 -5.885380 -7.170400 -6.435910 -4.802080
-4.002130 -4.080920 -5.027030 -6.409230 -7.348360
-7.786870 -7.955630 -7.768760 -7.314790 -7.011260
-7.265200 -7.983920 -8.621270 -8.989400 -9.293130
12.018100 10.617900 9.913150 9.969840 10.920600
11.615300 11.042600 10.244000 10.287200 10.625000
10.660000 10.184900 8.972530 7.663970 6.666570
5.611530 4.927540 5.006950 5.458620 6.163640
7.083410 7.544390 6.727400 5.021770 3.665690
2.802030 1.843710 0.684610 -0.161786 -0.431415
-0.970108 -1.897610 -2.681140 -3.231370 -3.470270
-2.966440 -1.702820 -1.395750 -3.185150 -5.337450
-6.218450 -6.282500 -6.233020 -6.528860 -7.372300
-8.660220 -10.815800 -12.780000 -12.948500 -12.550900
-13.052500 -13.286900 -11.868300 -9.962470 -8.924410
-7.424410 -4.590840 -1.094880 2.710700 6.270310
9.429089 11.860500 12.985100 13.541300 13.959900
14.060800 13.994900 14.305600 15.433000 16.529301
16.704500 16.587099 16.944700 17.415400 17.334400
16.712099 15.970000 15.133100 14.116300 13.601100
14.185300 15.085700 15.481300 15.591700 15.753300
15.896800 15.998500 16.083700 15.915200 15.263600
14.272100 13.496000 13.346800 13.773300 14.518700
15.483000 16.557100 17.189600 17.107401 16.548000
15.634400 14.730700 14.252000 14.004200 13.637100
13.070000 12.286900 11.659600 11.694000 11.981300
12.135800 12.543400 13.297000 13.650100 13.137200
12.686000 13.057400 13.430600 13.302400 13.199600
13.262200 13.068900 12.411900 11.741800 11.333400
11.060700 10.903300 11.225600 12.258700 12.716400
11.284100 9.386249 8.689900 8.677280 8.354450
7.856550 7.564520 7.308050 7.095380 6.961510
6.797890 6.318330 5.306260 4.468640 4.433810
4.060230 2.416430 0.353066 -1.483800 -2.862450
-3.478280 -3.398840 -2.812710 -2.268860 -2.238780
-2.784590 -3.802590 -4.695120 -5.026550 -4.881170
-4.134220 -3.132090 -2.569680 -2.710090 -3.517450
-4.440970 -5.040020 -5.410730 -5.257660 -4.538890
-3.858910 -3.677390 -4.038640 -4.465550 -4.533760
-4.183220 -3.486980 -2.478860 -1.308030 -0.411060
-0.030496 -0.094012 -0.587836 -1.036340 -0.663656
0.180687 0.574807 0.240640 -0.785220 -2.146870
-3.241320 -3.666260 -3.153390 -2.445380 -2.640660
-3.898630 -5.760910 -7.006900 -6.265950 -4.709400
-3.990460 -4.093290 -4.955840 -6.176470 -7.002630
-7.472130 -7.939690 -8.220890 -8.043920 -7.713010
-7.735090 -8.160990 -8.693829 -9.200620 -9.688550
10.941500 9.468300 8.617680 8.603490 9.677270
10.589700 10.264700 9.620860 9.634350 9.912160
9.958650 9.482380 8.162190 6.656710 5.263260
3.768060 3.042720 3.305940 3.803590 4.591580
5.780180 6.536060 5.783150 3.969830 2.701360
2.025350 1.018810 -0.309262 -1.283360 -1.654350
-2.160530 -2.993480 -3.785800 -4.383540 -4.730220
-4.236540 -2.634330 -1.958230 -3.667230 -5.891320
-7.030190 -7.610350 -8.046900 -8.310960 -8.605550
-9.337089 -11.008700 -12.306000 -11.819600 -11.244400
-12.081700 -12.752300 -11.700300 -9.900270 -8.400420
-6.687440 -4.771150 -2.372610 1.409680 5.759480
9.851770 12.964200 14.145400 14.407000 14.716100
14.717500 14.237600 14.047700 14.920300 15.963300
16.153200 16.088301 16.510201 17.110701 17.244801
16.583500 15.339800 14.048900 13.026200 12.623300
13.125600 13.904800 14.411600 14.800500 15.241400
15.519800 15.368700 14.980500 14.560400 13.941500
13.130200 12.580600 12.579000 13.055400 13.742100
14.486300 15.271600 15.838800 16.006201 15.665300
14.720400 13.811100 13.482800 13.276900 12.713700
11.902700 10.949600 10.196400 10.180300 10.585400
10.892000 11.346300 12.143600 12.360400 11.363400
10.514700 10.955100 11.623400 11.697600 11.669700
11.833500 11.823900 11.227600 10.431600 9.880540
9.611590 9.578620 10.039800 11.233300 11.813400
10.397600 8.407560 7.491780 7.145650 6.595620
6.244340 6.252250 5.988980 5.538980 5.333470
5.316400 5.078950 4.322880 3.738040 3.905530
3.672240 2.186850 0.260062 -1.458360 -2.688160
-3.093870 -2.865170 -2.375570 -2.105730 -2.348450
-3.075260 -4.068780 -4.733850 -4.836050 -4.608390
-3.945790 -3.073520 -2.491940 -2.326370 -2.629020
-3.256000 -3.981500 -4.443790 -4.054780 -3.089960
-2.307470 -2.193450 -2.906160 -3.757040 -4.126880
-4.014040 -3.482840 -2.530220 -1.377380 -0.503554
-0.140125 -0.174301 -0.488051 -0.507418 0.248047
0.986926 0.968106 0.242563 -1.163680 -2.708340
-3.683510 -3.998990 -3.621510 -3.124920 -3.415500
-4.785170 -6.903780 -8.334570 -7.600260 -6.065160
-5.306530 -5.171140 -5.720170 -6.613450 -7.003290
-7.183030 -7.794000 -8.504380 -8.704900 -8.474780
-8.225490 -8.174460 -8.328190 -8.684520 -9.225660
9.786630 8.370380 7.433920 7.278700 8.396430
9.505360 9.378810 8.869340 8.842330 9.008280
8.977600 8.443760 7.061230 5.455130 3.752050
1.948880 1.281090 1.762670 2.382730 3.220430
4.564660 5.500020 4.613580 2.606750 1.427550
0.919716 -0.111625 -1.579060 -2.548980 -2.902080
-3.430260 -4.258230 -5.068480 -5.617760 -5.898560
-5.425570 -3.741710 -2.820970 -4.426020 -6.751050
-8.102360 -8.994440 -9.701250 -9.827430 -9.510330
-9.571970 -10.591500 -11.053100 -9.848180 -9.028580
-10.102700 -11.316500 -10.843100 -9.150160 -7.449620
-6.105440 -5.103700 -3.638340 -0.079238 5.094720
10.099600 13.353200 14.164700 14.251800 14.837700
15.081200 14.446700 13.899100 14.453900 15.343900
15.493200 15.385200 15.724700 16.189301 16.247101
15.679600 14.615100 13.366700 12.063700 11.166900
11.332200 12.224800 13.145900 13.925600 14.691600
15.122600 14.745700 13.960000 13.319200 12.716700
12.013800 11.384200 11.032400 11.225000 11.875400
12.641600 13.413500 14.056700 14.493700 14.510000
13.789400 12.932700 12.530900 12.207300 11.639600
11.026700 10.404700 9.770701 9.373220 9.173290
9.066160 9.342410 10.014900 10.200000 9.284160
8.179510 8.033030 8.621880 9.487360 10.470700
11.190600 11.208800 10.374200 9.303380 8.687710
8.638770 8.854510 9.379910 10.631200 11.509100
10.469100 8.466100 7.035260 6.027870 4.938910
4.229000 4.194290 4.187690 3.985750 3.936270
4.031160 3.963610 3.597250 3.396550 3.740030
3.611890 2.239150 0.501476 -0.843730 -1.692010
-2.132100 -2.242590 -2.069800 -2.066810 -2.451500
-3.067340 -3.851390 -4.432020 -4.568020 -4.411900
-3.927550 -3.313780 -2.857230 -2.509720 -2.378420
-2.616870 -3.205530 -3.627080 -3.126730 -1.933210
-0.946359 -0.889454 -1.798460 -2.767360 -3.238710
-3.315800 -3.108920 -2.618270 -1.904630 -1.317880
-1.090500 -0.920460 -0.810638 -0.847224 -0.502855
0.055884 0.009829 -0.681909 -1.807210 -2.993720
-3.670160 -3.726100 -3.151890 -2.501800 -2.817780
-4.459570 -6.519340 -7.461800 -6.673020 -5.613200
-5.489670 -5.908310 -6.696670 -7.542500 -7.657840
-7.427150 -7.751940 -8.324640 -8.397940 -8.167360
-8.207920 -8.582090 -8.938040 -9.097010 -9.187730
8.938650 7.849210 6.839460 6.452910 7.424340
8.574930 8.618960 8.179190 8.018870 7.979240
7.738500 7.062430 5.685600 4.123120 2.339030
0.510559 0.129419 0.955483 1.735580 2.588370
3.846140 4.664690 3.475860 1.176100 0.112722
-0.178485 -1.315450 -2.949470 -3.890880 -4.281590
-4.875790 -5.618480 -6.133120 -6.296420 -6.439840
-6.132100 -4.613000 -3.465560 -4.592450 -6.831270
-8.560670 -9.796720 -10.651500 -10.650400 -9.833610
-9.074660 -8.915361 -8.344100 -7.043550 -6.802910
-8.560160 -10.396400 -10.425800 -8.910790 -7.023430
-5.889080 -5.546100 -3.970040 0.532264 6.338330
11.330800 14.294600 14.793300 14.675200 15.210900
15.376400 14.595600 13.918100 14.310400 15.098900
15.114900 14.589200 14.401000 14.579300 14.613100
14.107700 13.124300 12.039400 10.959200 10.201400
10.281900 10.936000 11.724600 12.504400 13.167900
13.312300 12.678300 11.898100 11.531500 11.304300
10.855500 10.120900 9.371210 9.108220 9.258720
9.673340 10.482800 11.490900 12.527600 13.425000
13.802100 13.611600 12.952200 11.948500 10.739000
9.516310 8.486490 7.812230 7.667750 7.824520
7.838140 7.722450 7.746670 7.752670 7.414230
6.847710 6.477410 6.591590 7.489550 8.998630
10.336600 10.713800 9.860930 8.378000 7.033620
6.244750 6.078510 6.905030 9.025500 10.702800
10.130500 8.350350 6.816420 5.360500 3.746950
2.548730 2.071190 1.870590 1.731610 1.895800
2.378770 2.763400 2.668840 2.307160 2.175640
1.950730 1.219920 0.481010 0.023322 -0.454504
-1.236860 -2.013810 -2.251500 -2.228340 -2.402500
-2.850580 -3.545100 -4.111570 -4.224310 -4.113640
-3.837780 -3.448230 -3.225720 -3.050500 -2.757110
-2.580010 -2.698020 -2.684750 -1.905970 -0.575506
0.465271 0.542791 -0.262565 -1.259090 -1.997000
-2.363890 -2.487310 -2.509160 -2.441460 -2.325560
-2.205270 -2.088560 -2.105430 -2.133260 -1.744180
-1.371130 -1.724390 -2.229580 -2.544460 -3.064060
-3.630640 -3.891090 -3.679660 -3.434530 -3.930990
-5.398610 -6.960040 -7.436150 -6.741620 -6.191510
-6.688020 -7.661060 -8.515210 -8.940900 -8.675890
-8.411060 -8.822070 -9.303740 -9.174640 -8.755070
-8.595540 -8.657950 -8.635330 -8.533400 -8.483550
9.075400 7.822790 6.529170 6.005800 6.996690
8.255380 8.461220 8.142120 7.919130 7.693000
7.242400 6.424000 5.053050 3.534300 1.846470
0.251510 -0.037458 0.642386 1.371930 2.334920
3.671660 4.440010 3.137800 0.873235 -0.218243
-0.781609 -1.963590 -3.273480 -3.929500 -4.205070
-4.813210 -5.633860 -6.311190 -6.835000 -7.239700
-6.757240 -4.849230 -3.328730 -4.152710 -6.395720
-8.490330 -10.092200 -11.093400 -11.055400 -9.975320
-8.636440 -7.549110 -5.987030 -4.240690 -4.192780
-6.554510 -9.112170 -9.621870 -8.214040 -6.145030
-4.896190 -4.821540 -3.630790 0.812185 6.829240
12.120000 15.156700 15.268100 14.669900 14.987400
15.241700 14.811000 14.345600 14.398500 14.470800
13.833900 12.926200 12.547300 12.638800 12.820500
12.690800 12.061000 11.139900 10.102400 9.270740
9.001030 9.175860 9.673130 10.271900 10.666600
10.696900 10.277800 9.786320 9.657400 9.684740
9.548440 9.067270 8.372220 7.934560 7.690650
7.707780 8.283430 9.261710 10.479900 11.660600
12.460900 12.798700 12.495500 11.633200 10.511200
9.409360 8.510450 7.678040 6.983160 6.518140
6.047340 5.836530 6.369660 7.276420 7.809990
7.700720 7.349430 7.317860 7.917770 8.927830
9.788580 9.852540 8.858890 7.438060 6.179760
5.174940 4.434870 4.548030 6.110580 7.611050
7.303320 6.086010 5.215240 4.476590 3.552850
2.736000 2.322070 2.130130 1.756010 1.310320
1.331250 1.699020 1.710350 1.212440 0.645780
0.132797 -0.338721 -0.313496 0.168775 0.191351
-0.611072 -1.476570 -1.735700 -1.653020 -1.697970
-2.039380 -2.587230 -2.887960 -2.624340 -2.315280
-2.444940 -2.823030 -3.141930 -3.132780 -2.688980
-2.384210 -2.680560 -2.572290 -1.162060 0.505122
1.271300 1.313800 1.088270 0.538326 -0.223896
-0.802733 -1.261690 -1.776060 -2.410600 -3.048180
-3.388020 -3.408130 -3.260220 -2.788330 -1.911100
-1.653440 -2.690300 -3.589260 -3.507460 -3.263380
-3.325730 -3.607050 -3.837610 -4.024850 -4.609740
-5.655820 -6.494280 -6.556160 -6.063550 -5.955890
-6.848100 -8.115650 -9.056200 -9.431600 -9.090310
-8.607830 -8.755720 -9.252980 -9.361390 -9.036390
-8.634610 -8.107150 -7.412270 -6.949340 -6.842860
8.665860 7.277670 5.759910 5.111780 6.053740
7.326030 7.685980 7.496890 7.184630 6.764150
6.103550 5.142690 3.777940 2.302850 0.733822
-0.575287 -0.750951 -0.189522 0.549783 1.635200
2.981870 3.605500 2.197800 0.024291 -1.091450
-1.900630 -3.086760 -4.100790 -4.534760 -4.776460
-5.461520 -6.363100 -7.145690 -7.896030 -8.437440
-7.833680 -5.778400 -4.062390 -4.441400 -6.365650
-8.647380 -10.680100 -12.110600 -12.013400 -9.908430
-7.301540 -5.605280 -4.019920 -2.309320 -2.033150
-4.263040 -7.132640 -8.339820 -7.865450 -6.520630
-5.448360 -5.187970 -3.991630 -0.004273 5.577390
11.009900 14.352800 14.202400 12.996600 12.972700
13.351100 13.364700 13.240100 13.172300 12.951900
12.410900 11.873200 11.637700 11.633600 11.783500
11.844900 11.559800 10.805600 9.593750 8.520350
8.119880 8.143530 8.400010 8.838630 9.226630
9.266170 8.801840 8.318350 8.328170 8.627670
8.808120 8.401270 7.435030 6.714020 6.405250
6.495810 7.225980 8.420440 9.773260 10.927500
11.783600 12.412500 12.509600 12.110800 11.304400
10.217500 9.292430 8.467930 7.616520 6.834830
6.081600 5.728000 6.124900 6.881810 7.450190
7.502360 7.176450 6.956770 7.261660 8.015850
8.807440 8.970190 8.041880 6.675820 5.653130
4.810790 3.742950 3.033780 3.569650 4.400610
4.116560 3.250270 2.728130 2.565690 2.610740
2.720980 2.771720 2.622580 2.059740 1.233990
0.666902 0.588401 0.649236 0.427919 -0.056306
-0.698149 -1.425010 -1.585840 -0.818333 -0.123997
-0.355607 -0.970630 -1.442220 -1.977920 -2.627260
-3.051490 -3.096070 -2.848100 -2.484080 -2.527600
-3.050870 -3.496440 -3.788600 -3.849420 -3.428790
-3.008730 -3.105710 -2.974560 -1.817760 -0.608174
-0.332782 -0.192754 0.396185 0.844647 0.962226
0.820280 0.115822 -0.925425 -1.957980 -2.775390
-3.046550 -2.939400 -2.885900 -2.789690 -2.419280
-2.542200 -3.685010 -4.377500 -3.919100 -3.455910
-3.440410 -3.632020 -3.884420 -4.247200 -4.940500
-5.726680 -5.911040 -5.576010 -5.299370 -5.540960
-6.447690 -7.501400 -8.332090 -8.806760 -8.679780
-8.386000 -8.555670 -8.928530 -8.884730 -8.385690
-7.751790 -7.064070 -6.353380 -5.675410 -5.026680
7.974930 6.561090 4.877850 4.047050 4.758650
5.849640 6.229140 6.161080 5.938660 5.511940
4.695560 3.610590 2.319830 0.997363 -0.374431
-1.421630 -1.534260 -1.162010 -0.609605 0.362972
1.589160 2.084830 0.694666 -1.279340 -2.315110
-3.230460 -4.351380 -5.065930 -5.275490 -5.431650
-6.000160 -6.787140 -7.636070 -8.635910 -9.298580
-8.530410 -6.254580 -4.233000 -4.087950 -5.548630
-7.561450 -9.421550 -10.979600 -11.295700 -9.422950
-6.618170 -4.476810 -2.572580 -0.871112 -0.770840
-2.947600 -5.462420 -6.596840 -6.401960 -5.154880
-4.138790 -4.562950 -4.823580 -2.124940 3.000720
8.540160 12.542100 13.097200 11.949800 11.715800
11.967400 11.841700 11.491900 11.168800 10.851700
10.375600 9.907230 9.791830 10.037600 10.500500
10.836300 10.725700 10.037600 8.801600 7.658560
7.176770 7.030580 6.931650 6.920400 6.989160
6.924670 6.426130 5.838530 5.739380 6.225770
7.025550 7.319580 6.777320 6.048360 5.341640
5.010760 5.539130 6.736950 8.240500 9.606749
10.745600 11.612000 11.569900 10.765800 9.818170
9.082610 8.794150 8.543750 8.068190 7.449780
6.523060 5.754970 5.746370 6.129630 6.400670
6.311130 5.923970 5.623900 5.732180 6.239780
7.027740 7.437230 6.727140 5.537760 4.747780
3.962760 2.607450 1.541090 1.801180 2.471790
2.211940 1.391620 1.017360 1.201650 1.481870
1.588330 1.528860 1.265610 0.654731 -0.147765
-0.655011 -0.560198 -0.128597 0.085717 -0.070235
-0.490561 -1.102860 -1.292830 -0.557073 0.109808
-0.288421 -1.185610 -2.037530 -2.972240 -3.884580
-4.377420 -4.352210 -3.918520 -3.266180 -3.025760
-3.421550 -3.937570 -4.425370 -4.615260 -4.009860
-3.269490 -3.225200 -3.065350 -1.966670 -0.974244
-0.920287 -0.796765 0.054313 0.936795 1.426790
1.404730 0.610484 -0.493646 -1.447960 -2.166220
-2.492630 -2.649970 -2.916570 -2.961390 -2.532280
-2.598910 -3.797590 -4.494670 -3.892200 -3.321080
-3.373340 -3.772150 -4.330120 -4.940100 -5.497320
-5.616790 -5.078140 -4.540100 -4.488270 -4.931840
-5.766440 -6.490270 -6.997480 -7.533740 -7.864890
-8.053100 -8.501260 -8.821210 -8.385240 -7.420630
-6.603010 -6.231340 -5.958570 -5.311190 -4.545910
6.009070 5.015700 3.490230 2.586790 2.938050
3.552970 3.662670 3.620820 3.708570 3.544280
2.652730 1.471310 0.356060 -0.650899 -1.910530
-3.110150 -3.274990 -2.915020 -2.608390 -1.905720
-0.853918 -0.464403 -1.959550 -4.045980 -4.916060
-5.448390 -6.393940 -7.083480 -7.257800 -7.375120
-7.577960 -7.826460 -8.318010 -8.980410 -9.254740
-8.220080 -5.976160 -4.158100 -4.007480 -5.118890
-6.701000 -8.421290 -10.187500 -10.700700 -8.865350
-5.995010 -3.594770 -1.416040 0.415337 0.673985
-1.519480 -4.410010 -5.986880 -6.196760 -5.136690
-3.924970 -4.133310 -4.524180 -2.548260 1.863490
7.612340 11.977100 12.151600 10.344200 9.564670
9.465410 9.245220 8.868760 8.448220 8.026800
7.576190 7.334810 7.620150 8.291180 8.957980
9.111350 8.608930 7.746550 6.737620 6.102190
6.115960 6.122220 5.718000 5.114850 4.614940
4.354770 4.181450 4.143420 4.333380 4.753970
5.547420 6.236610 6.339990 5.893880 4.755220
3.686610 3.594760 4.388590 5.771350 7.386480
9.060900 10.262200 10.030700 9.052870 8.426690
8.045190 7.761150 7.476410 7.081390 6.410240
5.167940 4.029040 3.858910 4.453970 5.272600
5.688500 5.484470 5.040430 4.762570 4.947940
5.576640 5.694020 4.747840 3.786080 3.495400
3.239350 2.471590 1.769310 1.728600 1.579580
0.675019 -0.164268 -0.245688 -0.018919 0.090937
0.148106 0.136838 -0.100999 -0.676743 -1.290350
-1.384810 -0.900620 -0.272405 -0.002730 -0.275506
-0.869223 -1.510020 -1.624210 -0.927274 -0.460322
-1.010770 -1.989410 -2.967290 -3.988260 -4.871630
-5.307260 -5.110440 -4.334610 -3.428240 -3.158650
-3.700050 -4.368140 -4.781180 -4.663200 -3.691710
-2.785630 -2.961100 -3.235410 -2.559570 -1.876920
-1.965080 -1.884560 -1.051260 -0.073341 0.706784
1.093060 0.768584 0.023696 -0.820573 -1.490970
-1.607780 -1.608670 -2.074800 -2.447980 -2.345030
-2.665680 -3.805980 -4.501080 -4.305240 -4.148750
-4.274740 -4.566680 -5.191140 -5.899910 -6.251880
-6.148170 -5.695940 -5.264290 -5.221150 -5.658570
-6.580580 -7.719090 -8.710960 -9.188470 -8.832120
-8.130670 -7.820810 -7.535680 -6.796310 -6.030130
-5.707010 -5.721950 -5.559840 -4.997130 -4.535720
5.470630 4.588180 2.851040 1.583140 1.461770
1.598340 1.429240 1.362040 1.717920 1.805250
0.838242 -0.439768 -1.379000 -2.070420 -2.853110
-3.539980 -3.587730 -3.549800 -3.857720 -3.716230
-2.951690 -2.671690 -3.924560 -5.518650 -6.086810
-6.546300 -7.366050 -7.722000 -7.728270 -7.840490
-7.684420 -7.476530 -7.827210 -8.540830 -8.889900
-7.958960 -5.831780 -3.985020 -3.645010 -4.626700
-6.220840 -8.012070 -9.849690 -10.179800 -7.926220
-4.976510 -3.014950 -1.342480 0.353452 0.713897
-1.410160 -4.198590 -5.645990 -5.345830 -3.532560
-2.398530 -3.137360 -3.631650 -2.162060 0.799460
5.170140 9.001580 9.020420 7.156350 6.670350
6.813040 6.396550 5.988430 6.083930 6.382150
6.790380 7.229630 7.448540 7.395340 7.126370
6.620000 5.937590 5.258050 4.589720 4.044550
3.658980 3.292290 3.186070 3.330120 3.418780
3.344560 3.054100 2.841650 2.879590 3.139300
3.803190 4.560780 5.030080 4.886800 3.660010
2.313800 2.053800 2.972420 4.617030 6.331600
8.022400 9.091450 8.353890 6.896440 6.279860
6.166700 6.057250 5.883610 5.717650 5.394910
4.394210 3.294630 3.059430 3.572440 4.397880
4.959530 4.958230 4.534160 3.856790 3.386670
3.576790 3.643230 2.727680 1.835350 1.927850
2.224150 1.859630 1.203160 0.962120 0.759082
-0.027148 -0.754295 -0.681425 -0.125906 0.322434
0.364640 0.051630 -0.445512 -1.162130 -1.732550
-1.650240 -1.175820 -0.838916 -0.967947 -1.572100
-2.321390 -3.043020 -3.442900 -3.242410 -3.183480
-3.837670 -4.475740 -4.803780 -5.337220 -6.038790
-6.307800 -5.849360 -5.053900 -4.539650 -4.533150
-4.877860 -5.177150 -5.286320 -5.103350 -4.204010
-3.219080 -3.263060 -3.516660 -3.024480 -2.855080
-3.550980 -3.659250 -2.366510 -0.551940 0.918518
1.627300 1.390120 0.667958 -0.138364 -0.751690
-0.766661 -0.604079 -1.052700 -1.882670 -2.704350
-3.735220 -4.838180 -5.107020 -4.555610 -4.271900
-4.606950 -5.303590 -6.258740 -6.994010 -7.167650
-7.118240 -6.916760 -6.588050 -6.522840 -6.822520
-7.400110 -8.148470 -8.849270 -8.920020 -7.803550
-6.372170 -5.925720 -6.053140 -5.900490 -5.458460
-4.918360 -4.252550 -3.267350 -2.294320 -2.178990
4.433320 4.002890 2.201480 0.498756 -0.126295
-0.408939 -0.831710 -0.975343 -0.443937 -0.154793
-1.197350 -2.572000 -3.335040 -3.710890 -4.154540
-4.557640 -4.398830 -4.342160 -5.117340 -5.607210
-5.161020 -4.931590 -6.103760 -7.535350 -7.756530
-7.801970 -8.516720 -8.880240 -8.781360 -8.832310
-8.498020 -8.013950 -8.111330 -8.390270 -8.357210
-7.557470 -5.751720 -3.849870 -3.268970 -4.220130
-5.926800 -7.715410 -9.412900 -9.823410 -8.084040
-5.605040 -3.556890 -1.554930 0.275909 0.808708
-1.019620 -3.477480 -4.685060 -4.944790 -4.381090
-3.730090 -3.981860 -4.200710 -2.675670 0.724470
5.192660 8.377710 7.944620 5.922710 4.877040
4.115840 3.270410 3.228590 3.981820 4.951010
5.899970 6.524100 6.625810 6.210850 5.493210
5.039260 4.934670 4.472160 3.221860 1.571030
0.070996 -1.007470 -1.623940 -1.796400 -1.431930
-0.715585 -0.149377 0.154352 0.368016 0.740810
1.464770 2.204520 2.836150 3.102520 2.353070
1.532900 1.672510 2.438300 3.416980 4.349260
5.283460 5.669780 4.391850 2.793370 2.714620
3.479650 4.167350 4.609870 4.671710 4.194760
3.030520 1.901700 1.583510 1.917560 2.667770
3.279450 3.273030 2.677480 1.791290 1.343190
1.698800 1.806220 0.851292 0.021095 0.195276
0.460786 0.377710 0.595710 1.283620 1.600190
1.035640 0.512834 0.925771 1.780860 2.196510
1.956650 1.357530 0.509515 -0.805077 -2.000360
-2.328290 -2.177040 -2.049010 -2.089060 -2.472600
-3.297160 -4.537430 -5.610320 -5.860940 -5.784680
-6.072660 -6.321920 -6.283040 -6.492440 -6.932430
-6.808800 -5.842500 -4.828450 -4.678230 -5.276180
-5.961010 -6.357560 -6.503760 -6.333850 -5.451950
-4.434740 -4.424530 -4.812550 -4.560840 -4.267690
-4.443180 -4.024480 -2.271520 -0.229877 0.914159
1.094220 0.725021 0.290965 -0.106165 -0.429372
-0.331963 -0.064171 -0.492479 -1.765740 -3.431080
-4.996730 -5.952240 -5.999250 -5.579250 -5.308560
-5.305180 -5.726020 -6.642700 -7.273690 -7.267670
-7.328110 -7.396290 -7.192860 -7.137860 -7.326930
-7.507200 -7.517460 -7.390570 -6.945500 -5.751320
-4.461020 -4.227630 -4.653940 -4.797780 -4.539290
-4.002830 -3.137640 -1.952700 -0.901451 -0.655143
3.190910 2.977910 1.316970 -0.471992 -1.530920
-2.227990 -2.698680 -2.771280 -2.301730 -2.122910
-3.220210 -4.516630 -5.002680 -5.052970 -5.280690
-5.610400 -5.551530 -5.728790 -6.837080 -7.710720
-7.621730 -7.466670 -8.186710 -9.094730 -9.195950
-9.243290 -9.874590 -10.149000 -9.903730 -9.736910
-9.094160 -8.329470 -8.290520 -8.397940 -8.140770
-7.375240 -6.001880 -4.573610 -4.015660 -4.547440
-5.790730 -7.319790 -9.032940 -9.769500 -8.459269
-6.176470 -4.174740 -2.350900 -0.770178 -0.339859
-2.034760 -4.163500 -4.937660 -4.725210 -3.767040
-2.804650 -2.720300 -2.909820 -2.348560 -0.276734
4.068110 7.564600 6.184940 2.755450 0.627603
-1.728320 -4.468470 -4.997400 -2.771770 0.038039
1.663090 2.183640 2.289740 2.474150 3.321540
4.377410 4.434200 3.224570 1.319790 -0.594508
-2.231000 -3.494670 -4.137240 -4.213990 -3.844970
-2.922220 -1.646320 -0.478039 0.063772 0.067475
0.278716 0.845506 1.644730 2.118990 1.491200
0.698215 0.731250 1.016630 0.565613 -0.487919
-0.856742 -0.631101 -1.297460 -2.002040 -1.026720
0.721580 1.984260 2.778180 3.072010 2.423310
0.633744 -1.171400 -1.865280 -1.576520 -0.711564
0.025524 0.341927 0.318663 -0.077656 -0.180978
0.437360 0.648784 -0.234366 -0.797487 -0.128057
0.707460 1.142900 1.604510 2.008120 1.930020
1.395460 1.222530 2.007600 3.062800 3.553130
3.449780 3.020990 2.198480 0.698150 -0.736828
-1.190000 -1.275740 -1.818430 -2.718410 -3.646700
-4.556210 -5.534600 -6.098550 -5.684040 -5.033560
-5.254520 -6.015420 -6.558410 -6.855050 -6.836750
-6.253090 -5.263270 -4.593410 -4.918480 -5.794540
-6.478030 -6.954570 -7.345750 -7.241200 -6.159610
-5.081000 -5.235110 -5.548860 -4.942300 -4.288770
-4.133870 -3.644500 -2.342490 -0.961105 -0.083134
0.397053 0.471675 0.237009 -0.231043 -0.691159
-0.613034 -0.462625 -1.334900 -2.961320 -4.611130
-6.091830 -7.060650 -7.308910 -7.094490 -6.523820
-5.819860 -5.764750 -6.629040 -7.212160 -6.902300
-6.511200 -6.166970 -5.854640 -5.938480 -6.172640
-6.212970 -6.039740 -5.599940 -4.538300 -2.639580
-0.909120 -0.618049 -1.455120 -2.470610 -2.977900
-2.810710 -2.265340 -1.340420 -0.382996 -0.241699
1.848100 1.502420 -0.185656 -1.910830 -3.094790
-3.864250 -3.997750 -3.865730 -3.937450 -4.402930
-5.524140 -6.479770 -6.538340 -6.248770 -6.338740
-6.718080 -7.010280 -7.797440 -9.512660 -10.772200
-10.894100 -10.513700 -10.113200 -9.920830 -10.085700
-10.756600 -11.579200 -11.619100 -11.177300 -10.878000
-10.005300 -9.043630 -8.972950 -9.257540 -9.364660
-8.842610 -7.426680 -5.989790 -5.459970 -5.509850
-5.818700 -6.841390 -8.667780 -9.560030 -8.298660
-6.200540 -4.594890 -3.337540 -2.471610 -2.441700
-3.767120 -5.208930 -5.459550 -5.093380 -4.606250
-3.997760 -3.356770 -2.951460 -2.764950 -1.510590
2.513780 6.057340 4.498390 0.554120 -2.056800
-4.090300 -6.054280 -6.946370 -6.596620 -6.278840
-6.546040 -6.414880 -5.505950 -4.304910 -2.627130
-0.385571 1.394260 1.312610 -0.577598 -2.678710
-4.195470 -5.080340 -5.288270 -5.135990 -4.707690
-4.121810 -3.584300 -3.013570 -2.767830 -2.829740
-2.289360 -0.658755 1.607220 2.589530 1.059120
-1.269400 -3.073470 -4.306750 -5.039880 -5.431270
-5.155820 -4.760830 -5.517920 -6.238170 -5.086900
-3.215750 -2.228110 -1.801540 -1.414180 -1.607590
-2.977910 -4.328410 -4.365940 -3.686750 -2.933700
-2.111760 -1.088270 -0.204110 -0.044181 -0.192017
-0.053335 -0.157260 -0.800350 -0.864948 0.148529
0.943504 0.959919 0.844655 0.569168 0.108420
-0.029403 0.569650 1.937630 3.252190 3.760720
3.593380 3.051920 2.056210 0.470365 -0.797705
-0.964359 -1.046290 -2.061400 -3.376040 -4.163970
-4.552980 -4.786000 -4.839550 -4.734660 -4.736990
-5.271400 -6.304920 -7.372400 -7.744380 -6.952560
-5.682050 -4.874610 -4.804420 -5.498100 -6.350200
-6.764770 -6.931670 -6.975720 -6.662590 -5.714280
-4.836020 -5.071290 -5.596040 -5.428680 -5.060150
-4.891920 -4.439360 -3.107850 -1.321940 -0.105339
0.320978 0.248770 -0.199495 -1.155420 -2.183910
-2.603000 -2.813950 -3.609980 -4.579130 -5.274220
-6.181140 -7.369690 -8.125330 -8.034980 -7.081680
-5.727280 -5.298810 -6.371600 -7.189060 -6.759340
-6.141060 -5.478620 -4.932660 -5.206490 -5.708410
-5.790690 -5.553000 -4.915450 -3.964260 -2.901600
-1.864610 -1.330600 -1.380580 -1.737710 -2.090520
-2.156040 -1.811190 -1.195140 -0.751932 -0.810341
0.902443 0.239359 -1.244760 -2.906430 -4.229360
-4.943170 -4.694830 -4.486310 -5.231980 -6.320160
-7.360760 -7.923300 -7.655640 -7.118570 -6.796370
-6.910500 -7.716480 -9.041110 -10.919300 -12.497600
-13.022600 -12.732400 -11.742400 -10.955300 -11.320900
-12.199300 -12.740400 -12.688100 -12.203600 -11.481500
-10.411200 -9.626420 -9.774240 -10.145600 -10.191100
-9.912970 -9.101050 -8.060280 -7.406360 -7.051660
-6.912720 -7.400830 -8.900350 -9.753380 -8.331070
-6.145130 -4.783710 -3.867200 -3.472230 -3.718960
-4.556300 -5.233770 -5.245310 -5.051180 -4.612000
-3.747540 -2.961570 -3.063020 -3.800700 -3.492150
-0.348614 3.560640 4.091030 1.963780 -0.080535
-2.108630 -4.419480 -6.131640 -6.708740 -6.745350
-6.963870 -7.255240 -7.323410 -6.954210 -5.911410
-4.248680 -2.407660 -1.698940 -2.935660 -5.112720
-7.268780 -8.814670 -9.107020 -8.505370 -7.731950
-7.226680 -7.180420 -7.437680 -7.871180 -7.717910
-6.197100 -3.760290 -1.206410 -0.224165 -2.182500
-5.214390 -7.380890 -8.759570 -9.827430 -10.568400
-10.601300 -10.464300 -11.151600 -11.585100 -10.208600
-8.336700 -7.686170 -7.454670 -6.673720 -6.314500
-7.359600 -8.451670 -8.227880 -7.112640 -5.199030
-2.628010 -0.224213 0.934228 0.163528 -1.402880
-2.175020 -2.049730 -1.590770 -1.020830 -0.233855
0.259921 -0.016103 -0.523071 -0.745065 -0.296137
0.683242 1.553430 2.423210 3.241290 3.437850
3.014330 2.252740 1.166920 -0.246896 -1.309660
-1.560940 -1.794380 -2.672780 -3.571220 -3.895790
-4.193500 -4.817080 -5.311050 -5.335040 -5.189480
-5.513620 -6.254840 -6.913920 -7.163350 -6.944780
-6.750150 -6.888790 -7.183270 -7.818770 -8.489990
-8.666820 -8.518800 -8.041010 -7.184210 -6.070290
-5.237070 -5.415070 -6.038130 -6.400650 -6.393180
-5.694730 -4.282580 -2.436870 -0.757337 -0.107953
-0.361359 -0.880094 -1.573880 -2.634380 -3.506510
-3.587380 -3.500620 -4.003330 -4.677090 -5.293480
-6.367230 -7.881650 -8.824830 -8.486090 -7.190890
-5.767380 -5.446100 -6.659050 -7.571750 -7.158860
-6.402070 -5.573040 -5.082740 -5.518440 -6.056900
-5.974590 -5.451960 -4.498100 -3.367260 -2.566320
-2.168910 -2.259810 -2.709660 -3.173860 -3.103580
-2.388090 -1.649990 -1.173720 -0.907370 -1.095780
0.400931 -0.706828 -2.167030 -3.805550 -5.059230
-5.399410 -4.644040 -4.307620 -5.635280 -7.255910
-8.058750 -8.150090 -7.706950 -7.060000 -6.379480
-6.297350 -7.444640 -9.050100 -10.951300 -12.786300
-13.774400 -13.922600 -13.480900 -13.093100 -13.224300
-13.535700 -13.920800 -14.142100 -13.444200 -12.095900
-11.081700 -10.650400 -10.627800 -10.745300 -11.109000
-11.502800 -11.089500 -9.961400 -8.951610 -8.307390
-7.973530 -8.373160 -10.000600 -10.947900 -9.277630
-6.725320 -5.384580 -4.800130 -4.862980 -5.614310
-6.438230 -5.888140 -3.451110 -1.619390 -2.121310
-2.714270 -1.957270 -2.086250 -4.057920 -5.124750
-2.557700 1.477680 2.705600 1.308810 -0.426981
-2.102860 -3.751900 -4.871600 -4.991730 -4.658430
-4.791620 -5.551140 -6.656120 -7.326070 -7.103840
-6.346720 -5.213470 -4.572450 -5.518760 -7.512470
-9.564200 -10.998900 -11.506200 -11.610800 -11.683900
-11.699300 -11.668700 -11.632300 -11.892100 -12.404000
-12.518600 -11.289600 -8.422680 -6.169820 -6.731250
-8.879460 -11.005100 -12.905100 -14.778000 -16.092199
-16.010401 -15.165800 -14.764800 -14.234800 -12.458000
-10.814900 -10.916300 -11.291700 -10.630000 -10.284000
-11.242400 -11.997200 -11.349200 -9.888950 -7.699000
-5.065850 -3.014480 -2.498850 -3.948690 -5.801640
-6.323640 -5.848850 -5.136370 -4.045750 -2.043030
-0.015443 0.757866 0.604840 -0.126039 -1.003180
-1.111240 -0.479769 0.359398 0.964217 0.955995
0.499724 -0.171770 -1.184260 -2.513200 -3.567710
-3.952430 -4.046250 -4.301730 -4.649440 -4.941140
-5.431760 -6.094350 -6.457990 -6.174530 -5.671070
-5.987280 -6.740930 -6.765910 -6.518300 -7.153900
-8.531530 -9.539550 -9.733400 -9.894000 -10.291300
-10.435900 -10.158300 -9.355700 -7.983650 -6.256940
-5.199100 -5.742140 -7.000550 -7.877410 -7.676140
-5.964990 -3.804110 -2.186470 -1.287370 -1.579430
-2.339490 -2.447420 -2.343690 -2.796900 -3.258260
-3.031480 -2.711880 -3.051470 -3.918090 -5.301850
-7.323680 -9.615960 -10.757800 -9.751790 -7.730770
-6.250970 -5.931740 -6.620130 -7.095120 -6.929800
-6.503660 -5.684590 -5.221360 -5.728320 -6.232550
-6.025880 -5.493650 -4.778980 -3.929280 -3.317900
-3.089900 -3.311360 -3.445330 -3.178060 -2.829410
-2.430170 -2.047950 -1.995730 -2.201240 -2.478970
-2.545330 -3.524970 -5.006370 -6.358590 -7.155260
-7.038700 -5.921140 -5.360700 -6.731210 -8.367550
-8.835950 -8.632430 -8.334690 -7.972230 -7.991720
-8.630261 -9.451720 -10.675200 -12.697200 -14.602000
-15.644800 -15.983100 -16.524000 -17.033100 -16.522900
-16.041901 -16.889500 -17.685301 -16.960100 -16.004999
-15.438400 -14.616600 -13.365500 -12.319300 -12.669800
-13.408600 -12.884200 -11.580500 -10.611600 -9.968510
-9.353710 -9.359680 -10.708300 -11.323500 -9.167960
-6.402070 -5.493690 -5.737380 -6.643960 -7.790170
-8.447180 -7.636410 -4.835190 -2.377420 -2.693260
-3.874930 -3.568960 -3.494760 -5.070930 -6.036090
-3.805870 -0.462194 0.112542 -1.551550 -3.181670
-4.378670 -5.107460 -5.206100 -4.744510 -4.441360
-5.154920 -6.598850 -7.977430 -8.761800 -8.858660
-8.471660 -7.535300 -6.577800 -6.486550 -7.464180
-9.156600 -10.662800 -11.437100 -12.016000 -13.104200
-14.402200 -15.122400 -15.207400 -15.122100 -15.498200
-16.689400 -17.344400 -16.099400 -14.381900 -13.958500
-14.479700 -15.268600 -16.531601 -18.815701 -20.776400
-20.628901 -19.187401 -18.131399 -17.457001 -16.307600
-15.524400 -16.415400 -17.527000 -17.059099 -16.109501
-16.229500 -16.307400 -15.031700 -13.267400 -11.821400
-10.478700 -8.781150 -7.768910 -8.737990 -10.051100
-9.912000 -9.176010 -8.629080 -7.284820 -4.307280
-1.457310 -0.635571 -1.005660 -1.623500 -2.308250
-2.751320 -2.856580 -2.621390 -2.526220 -3.110080
-3.885860 -4.330800 -5.005010 -6.330150 -7.429760
-7.651790 -7.474400 -7.466190 -7.569890 -7.514210
-7.693890 -8.325160 -8.598570 -7.966070 -7.185740
-7.349170 -7.910600 -7.720920 -7.553400 -8.673690
-10.194900 -10.640400 -10.309600 -10.529900 -11.099100
-10.923300 -10.039800 -8.886870 -7.720440 -6.728110
-6.499000 -7.420610 -8.319190 -8.411179 -7.731910
-6.054950 -4.146760 -2.968700 -2.811800 -4.006650
-5.247920 -5.128510 -4.576220 -4.659240 -4.702180
-4.009540 -3.331240 -3.607580 -4.647890 -6.085510
-7.754630 -9.742930 -11.103500 -10.248100 -8.252340
-7.436480 -7.928500 -8.775800 -9.191820 -8.732240
-7.358260 -5.483290 -4.165930 -4.197110 -4.772350
-5.098880 -5.388210 -5.476660 -5.237920 -5.035820
-4.757040 -4.183680 -3.480010 -3.089090 -3.036430
-2.901930 -2.604300 -2.458340 -2.522170 -2.790450
-6.538250 -7.401670 -8.341170 -9.072880 -9.191440
-8.530650 -7.151910 -6.289890 -7.014640 -7.928880
-7.917550 -7.684300 -8.011270 -8.523510 -9.534910
-11.203500 -12.256300 -12.976800 -14.634600 -16.386600
-17.233500 -17.428499 -18.214500 -19.396700 -19.288099
-18.547400 -19.003201 -19.958900 -19.845400 -19.279800
-18.768299 -17.769800 -15.904400 -13.832700 -13.031400
-12.903300 -12.072400 -10.819300 -10.098500 -10.038000
-10.195000 -10.793800 -12.509200 -13.237400 -10.720700
-7.170470 -5.493080 -5.778640 -7.881450 -10.081900
-10.408100 -8.479360 -4.580650 -0.871056 -0.170657
-1.451730 -2.095090 -2.882230 -4.554700 -4.973900
-2.378830 0.564633 0.002728 -2.835570 -5.029400
-6.375630 -7.240430 -7.577980 -7.427730 -7.474580
-8.613610 -9.860490 -9.870310 -9.268320 -8.798570
-8.330560 -7.714600 -7.157090 -7.049770 -7.700310
-8.952590 -10.316200 -11.508100 -12.386000 -13.353700
-14.711800 -16.077400 -16.825199 -16.483299 -16.057600
-16.668900 -17.348400 -17.210800 -16.811399 -16.706800
-16.699900 -16.621500 -17.036800 -18.626600 -20.311899
-20.611700 -20.163700 -20.442101 -21.015699 -20.591400
-20.088600 -20.793800 -21.398800 -20.673599 -19.463900
-18.716700 -17.983000 -16.849600 -16.254999 -16.888100
-17.448299 -16.179001 -14.218700 -13.309600 -12.726300
-11.627400 -10.925000 -11.163200 -10.735100 -8.330510
-5.648630 -4.501390 -4.325550 -4.500980 -4.972840
-5.555630 -5.927020 -5.719350 -5.614930 -6.784720
-8.446240 -9.081540 -9.364940 -10.417700 -11.245400
-11.000900 -10.820600 -11.424000 -11.809200 -11.444000
-11.515600 -12.621900 -13.092200 -11.811900 -10.430200
-10.670800 -11.340100 -10.663400 -9.700499 -9.945840
-10.318400 -9.567740 -8.721900 -9.363610 -10.504100
-10.720000 -10.677400 -10.785100 -10.687100 -10.465500
-10.548400 -11.147400 -11.336900 -10.504700 -9.149490
-7.570200 -6.270420 -5.935210 -6.493520 -7.663160
-8.305800 -7.504670 -6.321020 -5.836350 -5.551570
-5.080750 -4.950250 -5.715590 -7.155730 -8.880320
-10.540500 -11.787700 -11.665500 -9.561320 -7.398000
-7.344360 -8.539550 -9.487240 -9.813470 -9.934120
-10.011600 -9.682910 -9.183880 -8.931610 -8.565780
-7.656070 -6.646230 -6.174260 -6.425960 -7.280260
-7.517320 -6.204560 -4.386420 -3.582390 -3.738840
-3.961890 -3.756220 -3.442190 -3.312960 -3.218270
-7.733860 -8.091390 -8.902830 -9.509530 -9.242740
-8.354520 -7.188020 -6.502170 -6.893800 -7.369760
-7.230320 -7.034920 -7.342480 -8.116570 -9.987540
-12.289000 -13.093000 -13.354500 -14.715200 -16.198099
-16.797199 -16.855000 -17.559200 -18.646200 -18.440399
-17.750601 -18.514700 -19.716700 -19.780701 -19.452999
-18.872200 -17.616899 -15.675000 -13.706400 -13.028300
-13.033700 -12.429800 -11.443400 -11.048900 -11.519600
-12.246200 -12.816700 -13.642600 -13.726000 -11.744100
-9.060800 -7.268960 -7.138220 -9.622610 -12.385800
-12.210500 -9.077240 -4.562700 -0.879886 -0.247590
-1.816780 -3.039390 -3.946520 -4.998640 -4.713010
-2.214370 -0.562675 -2.708000 -5.885160 -7.368260
-8.510010 -10.051800 -11.247100 -12.038400 -12.937600
-14.023900 -14.151000 -12.743900 -11.330900 -10.913800
-10.884300 -10.544200 -9.908740 -9.697040 -10.555400
-11.963300 -13.089900 -14.079700 -14.968100 -15.686600
-16.428600 -17.176701 -17.714399 -17.744600 -17.595699
-17.666401 -17.528900 -16.840500 -15.939300 -15.394500
-15.220900 -15.230700 -15.827000 -17.163200 -18.211700
-18.312901 -18.188499 -18.529200 -18.662001 -17.884399
-17.165199 -17.554800 -18.317400 -18.351601 -17.690100
-16.865400 -16.021200 -15.401600 -15.928800 -17.797600
-18.853100 -17.241899 -14.663800 -13.139300 -12.513800
-12.330700 -12.693800 -13.344100 -13.170900 -11.621700
-10.107400 -9.884420 -10.298100 -10.643300 -10.841800
-10.918100 -10.826000 -10.393700 -10.261900 -11.370900
-12.645900 -12.666900 -12.795800 -14.432400 -15.988100
-15.903300 -15.186100 -14.858200 -14.530400 -14.239700
-14.697300 -15.890400 -16.392799 -15.216600 -13.646700
-13.075900 -12.936400 -12.449400 -12.099100 -12.194800
-11.787600 -10.483200 -10.214600 -12.511900 -15.014700
-15.671600 -15.750400 -15.984300 -15.794500 -15.080100
-14.561100 -15.015000 -15.654800 -15.381900 -14.532900
-13.776200 -13.164500 -12.533400 -11.815900 -11.091700
-9.997590 -8.295050 -6.905470 -6.708060 -7.145790
-7.439610 -7.733050 -8.675830 -10.121400 -11.381800
-12.118900 -12.455300 -11.915000 -9.934560 -8.409850
-9.238710 -10.745400 -11.259800 -11.189600 -11.134400
-10.802400 -10.194500 -9.939390 -9.810110 -9.225690
-8.063470 -7.103710 -7.225320 -8.034530 -8.821720
-8.833320 -7.932660 -7.200450 -7.298450 -7.528440
-7.277860 -6.514770 -5.662690 -5.264140 -5.172960
-9.631390 -9.764310 -10.884500 -11.693300 -11.191900
-10.371000 -10.116100 -10.204700 -10.449700 -10.748400
-11.012400 -10.952200 -10.286200 -10.412700 -12.572600
-14.877200 -15.877700 -16.596600 -17.585600 -18.227699
-18.202299 -17.939400 -17.618000 -17.190701 -17.095400
-17.800600 -19.125999 -19.802601 -19.197300 -18.246000
-17.463900 -17.076401 -17.472601 -18.332399 -19.021400
-19.053900 -18.441999 -17.920300 -18.141001 -18.782200
-18.930599 -18.481800 -18.175900 -17.864300 -16.995399
-15.999400 -15.465300 -15.803300 -16.909100 -17.167400
-15.255200 -11.952600 -8.510510 -5.725850 -4.701570
-5.088260 -5.269950 -5.347820 -5.860950 -6.056280
-6.325450 -9.223490 -14.880500 -18.993099 -19.415400
-18.246300 -17.014700 -16.330200 -16.694099 -17.602600
-18.149099 -17.452101 -15.482500 -13.982700 -14.175500
-15.132600 -15.681300 -15.995100 -16.669300 -17.351700
-17.541100 -17.641701 -18.303101 -19.490200 -20.568899
-20.969700 -20.756100 -20.459600 -20.317301 -20.372900
-20.762699 -20.860001 -19.788099 -18.436300 -18.187599
-18.638201 -18.959900 -19.164900 -19.251900 -19.028999
-18.559099 -18.146299 -18.080700 -18.070101 -17.933901
-18.220400 -18.990999 -19.399300 -18.803499 -17.716999
-17.045099 -16.770000 -16.513300 -16.484800 -16.878599
-16.964500 -16.341200 -16.219500 -17.230000 -18.126200
-17.941099 -16.929701 -15.536000 -14.216400 -13.287400
-12.817700 -12.763800 -13.178900 -14.427800 -16.004499
-16.985001 -17.362200 -17.218201 -16.814199 -16.847601
-17.379900 -18.159500 -18.746901 -18.344000 -16.863199
-14.826800 -13.512300 -14.045100 -15.694900 -17.372101
-18.423901 -18.821400 -18.946800 -18.495800 -17.799400
-17.640800 -17.862801 -18.265400 -18.953600 -19.688601
-19.765800 -19.088499 -19.333000 -21.716299 -24.076000
-24.346901 -23.604601 -23.138000 -22.951200 -22.305000
-21.118299 -20.467899 -20.339600 -19.895901 -19.067301
-18.120501 -16.981600 -15.421500 -13.697000 -12.040800
-10.568000 -9.904540 -10.411400 -11.715100 -12.914000
-13.311400 -13.244300 -13.556400 -14.367700 -15.121600
-15.189000 -14.624400 -13.657500 -11.996200 -10.904900
-11.796900 -13.021000 -12.943800 -12.270600 -11.278400
-9.460390 -7.620020 -6.899030 -7.278210 -7.849820
-8.137290 -8.527290 -9.036670 -9.148570 -8.770430
-8.334590 -8.321330 -8.813300 -9.543840 -10.031100
-9.889480 -9.231390 -8.305330 -7.606210 -7.526450
-22.521700 -21.973000 -22.645599 -23.371099 -23.021200
-22.697599 -23.380400 -24.254700 -24.656200 -24.920601
-25.399700 -25.474600 -24.484301 -24.085300 -25.863899
-27.837700 -28.252899 -28.194201 -28.550301 -28.835100
-28.602501 -28.127100 -27.535700 -26.997200 -27.017599
-27.764601 -29.371599 -30.693501 -30.477400 -29.827801
-29.516001 -29.537901 -30.094900 -30.498699 -30.306601
-29.950600 -29.672899 -29.712601 -30.276699 -30.888000
-31.053900 -30.905500 -30.561199 -29.844900 -28.874001
-28.421499 -29.398701 -30.886900 -30.899401 -29.195299
-26.647600 -24.513800 -23.235901 -21.570400 -19.917400
-19.858999 -20.403099 -20.229900 -19.839701 -19.640400
-19.621500 -20.175200 -21.762800 -23.234900 -23.315100
-22.801800 -22.212299 -21.350901 -20.502001 -19.857500
-19.705299 -19.992001 -20.027901 -19.738800 -19.514200
-19.133200 -18.287901 -17.885900 -18.964199 -20.721800
-22.057400 -23.214701 -24.450899 -25.278299 -25.377800
-25.066900 -24.803699 -24.884199 -25.346201 -25.989799
-26.682600 -26.830700 -25.915001 -25.073500 -25.404699
-26.176300 -26.504400 -26.349800 -25.808500 -24.862600
-23.534401 -22.369301 -22.178101 -23.216900 -25.174000
-26.718201 -26.625999 -25.441000 -24.217400 -23.802900
-24.504999 -25.337400 -25.221500 -24.423401 -23.783001
-23.257000 -22.586300 -21.937000 -21.392700 -20.893400
-20.413900 -20.158800 -20.061800 -19.626801 -18.544100
-17.313200 -16.781000 -17.335199 -18.828199 -20.021999
-20.020100 -19.604300 -19.378000 -19.334900 -19.644699
-19.988899 -19.926901 -19.330999 -18.156900 -16.869801
-15.769800 -15.390500 -16.437901 -18.033300 -19.068199
-19.305300 -18.776600 -17.767099 -16.578501 -15.988000
-16.530100 -17.610500 -19.016899 -20.791700 -22.245600
-22.947399 -23.065800 -23.305901 -24.345100 -25.065701
-24.305201 -23.127899 -22.374500 -21.445999 -19.686600
-17.706900 -17.022900 -17.098101 -16.210199 -14.793700
-14.127900 -13.762400 -12.540000 -11.087500 -10.723400
-11.402800 -12.574700 -13.520400 -13.622800 -13.340400
-13.453200 -14.181700 -15.441200 -16.930000 -18.299200
-19.177099 -19.235201 -18.431700 -16.980700 -15.920500
-15.975800 -15.998600 -15.075100 -13.932100 -13.477700
-13.776100 -14.073500 -14.192500 -14.751500 -15.539400
-16.182800 -16.685900 -16.599600 -15.731700 -14.439400
-13.439700 -13.455300 -13.795700 -13.433900 -12.595600
-11.682400 -10.758400 -9.771420 -9.176510 -9.680100
-18.793699 -19.639099 -20.468700 -20.949400 -20.885201
-20.867500 -21.561300 -22.527901 -23.115601 -23.422800
-23.688700 -23.801399 -23.616600 -23.194799 -22.512899
-21.860901 -21.758400 -22.250601 -23.130301 -23.699900
-23.399000 -22.441000 -21.061399 -20.367599 -21.444700
-23.277700 -24.588600 -25.244400 -25.548599 -25.687300
-25.640499 -25.368099 -24.914101 -24.612200 -24.483299
-24.011000 -23.092600 -22.094000 -21.232901 -20.933800
-21.364599 -21.869801 -22.203100 -22.567301 -22.935499
-23.194401 -23.175600 -22.585100 -21.418100 -20.489901
-20.489000 -20.983601 -21.404800 -21.653700 -21.669901
-21.449100 -20.634899 -19.273600 -18.299299 -17.963800
-17.886200 -17.772200 -17.723000 -17.654100 -17.023100
-16.663500 -17.466400 -18.518400 -19.191200 -19.971201
-21.070400 -21.823700 -21.833900 -21.499800 -21.015600
-20.394400 -19.786600 -19.723499 -20.412399 -20.788099
-20.318899 -19.502600 -18.554399 -17.531099 -16.202400
-14.788300 -14.071700 -14.019500 -14.131500 -14.091500
-14.051200 -14.174400 -14.290900 -14.805500 -16.019100
-17.141199 -17.603901 -17.716200 -17.630699 -17.251900
-16.825500 -16.979401 -17.990700 -19.178301 -19.816601
-19.730700 -19.179300 -18.901800 -19.222799 -19.621201
-19.608200 -19.400200 -19.307800 -19.343201 -19.688000
-20.106100 -20.059200 -19.513100 -18.802799 -18.412701
-18.387501 -18.276300 -17.869600 -17.102699 -15.992000
-15.491000 -16.465700 -17.959000 -18.846399 -19.278099
-19.532801 -19.510099 -19.238400 -19.296000 -20.125900
-21.029400 -21.184000 -20.776600 -20.251900 -19.789301
-19.559700 -19.696699 -20.142500 -20.617800 -20.835300
-21.124001 -22.045700 -23.021500 -23.133200 -22.847601
-22.945999 -22.991301 -22.654699 -22.406401 -22.101299
-21.687599 -21.846500 -22.346901 -22.502899 -22.358101
-21.920700 -21.252701 -20.527599 -19.393200 -17.893999
-17.238899 -17.969601 -18.706800 -18.612000 -18.494900
-18.811501 -19.082399 -18.874500 -19.048800 -20.641500
-22.152599 -21.951200 -21.033501 -20.689301 -20.949200
-21.181200 -21.353001 -21.944901 -21.980900 -20.424601
-18.481501 -17.371201 -17.103201 -17.554300 -18.275801
-18.801901 -18.881500 -18.469500 -17.991800 -17.856300
-17.653601 -17.060699 -16.764799 -16.947800 -17.031300
-16.722401 -16.077499 -15.273600 -14.738700 -14.775400
-15.397100 -16.535000 -17.073400 -16.141701 -15.233300
-15.731800 -16.620399 -16.850500 -17.272800 -18.723801
-23.899099 -23.855400 -24.344700 -25.006599 -25.347000
-25.576700 -25.789900 -25.802999 -25.453400 -24.940599
-24.578600 -24.621000 -25.166500 -25.574699 -25.655800
-25.999701 -26.252800 -25.926300 -25.292500 -24.852100
-24.972700 -25.411100 -26.109501 -27.071400 -27.544201
-27.373899 -27.294399 -27.605801 -27.850000 -27.780600
-27.690599 -27.433201 -26.686501 -25.668900 -24.675900
-23.961800 -23.606501 -23.565701 -24.167299 -25.052601
-25.239201 -24.611601 -23.456400 -22.446400 -22.873699
-24.602100 -26.052900 -26.447100 -26.185400 -25.902399
-25.676399 -25.410101 -25.310301 -25.491800 -25.417000
-24.704901 -23.999100 -23.835600 -24.088900 -24.194799
-24.188601 -25.082001 -26.533501 -27.163200 -26.754999
-26.033300 -25.864700 -26.222300 -26.470100 -26.561600
-26.701401 -26.767500 -26.573900 -26.336500 -26.205999
-25.963699 -25.612700 -25.563400 -25.926201 -26.146900
-25.851200 -25.241301 -24.532400 -24.127600 -24.485800
-25.468300 -26.709000 -27.720400 -28.174801 -28.118401
-27.552200 -26.963200 -26.865801 -27.044600 -27.333300
-27.487499 -27.214701 -27.071800 -27.657801 -28.773701
-30.120199 -31.315800 -32.130100 -32.567299 -32.383598
-31.651600 -30.962400 -31.024500 -31.692699 -32.097599
-31.854300 -30.944599 -29.544901 -28.068600 -26.608999
-25.594200 -25.918501 -27.125799 -28.103800 -28.447100
-28.124300 -27.955200 -28.908501 -30.177601 -30.518200
-30.479900 -30.810101 -30.790199 -29.708000 -28.103600
-26.739100 -26.058500 -26.178200 -26.512400 -26.729000
-26.647100 -25.799000 -24.850000 -24.731800 -25.274300
-26.216499 -27.295000 -28.209299 -28.722500 -28.572599
-28.082800 -27.584101 -26.908501 -26.138500 -25.727501
-25.795601 -25.881701 -25.488501 -24.768101 -24.402100
-24.568399 -24.800301 -25.054600 -25.676100 -26.222300
-26.158300 -25.812300 -25.567400 -26.195299 -28.192801
-30.431000 -31.988501 -32.843601 -33.080898 -32.913700
-32.457401 -31.919100 -31.393999 -30.976500 -30.866400
-30.632401 -29.906200 -29.268600 -29.178699 -28.949301
-27.997400 -27.285500 -27.727301 -28.230900 -27.684299
-27.096300 -27.420900 -27.911900 -27.894501 -27.564800
-27.304600 -27.100901 -26.564301 -26.061399 -25.908501
-25.258400 -23.938000 -23.252899 -23.954100 -24.954599
-25.355900 -25.704399 -26.407700 -27.215099 -27.829000
-28.238899 -28.557400 -28.561899 -28.381599 -28.640900
-29.282600 -29.530199 -28.730400 -27.605000 -27.511801

