'rt[kg/kg]' thm[K]    
0.014307    301.471
0.014307    301.471
0.012605    301.889
0.011171    302.918
9.24E-3     304.765
7.012E-3    307.253
5.09E-3     309.806
3.872E-3    311.966
2.885E-3    314.298
2.317E-3    317.195
1.837E-3    320.937
1.402E-3    324.835
8.43E-4     328.275
4.35E-4     331.167
2.11E-4     333.764
8.9E-5      337.684
3.0E-5      344.935
9.0E-6      358.026
5.0E-6      389.631
0.0000036798938     404.54837
0.0000036717836     409.19455
0.0000036636734     414.0909
0.0000036613208     418.48013
0.0000036589684     423.08676
0.0000036566157     427.9308
0.000003654263      433.03488
0.0000036453057     437.63364
0.000003636348      442.4607
0.0000036273905     447.53696
0.000003618433      452.88635
0.0000037715215     457.69406
0.0000039246106     462.74033
0.000004077699      468.04703
0.000004230788      473.63907
0.000004410302      478.66364
0.000004589816      483.9373
0.00000476933       489.4829
0.0000049488444     495.32654
0.000005296428      501.14584
0.0000056440117     507.23703
0.000005991596      513.6248
0.00000633918       520.3373
0.0000067695933     526.4291
0.0000072000066     532.80457
0.00000763042       539.4894
0.000008060834      546.5127
0.000008636552      552.87115
0.00000921227       559.52374
0.000009787988      566.49677
0.000010363708      573.8204
0.000011021647      580.4702
0.000011679586      587.42645
0.000012337527      594.7165
0.000012995469      602.37134
0.000013863442      609.3743
0.000014731417      616.7015
0.000015599393      624.3819
0.000016467371      632.44855
0.000016676053      638.0235
0.000016884735      643.7829
0.000017093418      649.73895
0.000017302098      655.90454
0.000017510807      662.29395
0.000017719512      668.9232
0.000017928221      675.8096
0.000018136929      682.97253
0.000018345636      690.43353
0.000018554343      698.21674