Time[s]     LH[W\m^2]   SH[W\m^2]   thlm[K]   rt[kg\kg]   Press[Pa]   
63003.0     109.811     220.065     -999.9    -999.9      -999.9      
73803.0     93.037      195.006     -999.9    -999.9      -999.9      
84603.0     43.464      21.428      -999.9    -999.9      -999.9      
95403.0     26.399      -12.149     -999.9    -999.9      -999.9      
106203.0    2.358       12.774      -999.9    -999.9      -999.9      
117003.0    37.096      7.976       -999.9    -999.9      -999.9      
127803.0    29.637      0.603       -999.9    -999.9      -999.9      
138603.0    33.558      17.642      -999.9    -999.9      -999.9      
149403.0    64.752      15.171      -999.9    -999.9      -999.9      
160203.0    68.126      8.217       -999.9    -999.9      -999.9      
171003.0    26.383      21.48       -999.9    -999.9      -999.9      
181803.0    12.759      19.617      -999.9    -999.9      -999.9      
192603.0    31.626      -0.22       -999.9    -999.9      -999.9      
203403.0    18.438      19.383      -999.9    -999.9      -999.9      
214203.0    13.724      25.729      -999.9    -999.9      -999.9      
225003.0    22.436      40.886      -999.9    -999.9      -999.9      
235803.0    104.828     65.675      -999.9    -999.9      -999.9      
246603.0    91.798      81.443      -999.9    -999.9      -999.9      
257403.0    33.906      13.435      -999.9    -999.9      -999.9      
268204.0    -0.839      9.464       -999.9    -999.9      -999.9      
279004.0    9.71        11.685      -999.9    -999.9      -999.9      
289804.0    9.703       14.239      -999.9    -999.9      -999.9      
300604.0    6.398       17.361      -999.9    -999.9      -999.9      
311404.0    101.053     76.849      -999.9    -999.9      -999.9      
322204.0    166.853     177.382     -999.9    -999.9      -999.9      
333004.0    130.134     179.364     -999.9    -999.9      -999.9      
343804.0    56.757      20.904      -999.9    -999.9      -999.9      
354604.0    -9.129      -20.51      -999.9    -999.9      -999.9      
365404.0    7.508       -9.934      -999.9    -999.9      -999.9      
376204.0    -8.018      9.755       -999.9    -999.9      -999.9      
387004.0    -5.856      5.49        -999.9    -999.9      -999.9      
397804.0    63.667      70.605      -999.9    -999.9      -999.9      
408604.0    128.016     230.75      -999.9    -999.9      -999.9      
419404.0    132.872     171.325     -999.9    -999.9      -999.9      
430204.0    54.726      21.314      -999.9    -999.9      -999.9      
441004.0    -4.956      -5.618      -999.9    -999.9      -999.9      
451804.0    -3.01       -31.841     -999.9    -999.9      -999.9      
462604.0    -14.824     6.232       -999.9    -999.9      -999.9      
473404.0    -9.261      2.233       -999.9    -999.9      -999.9      
484204.0    58.146      72.315      -999.9    -999.9      -999.9      
495004.0    133.452     222.465     -999.9    -999.9      -999.9      
505804.0    114.027     152.421     -999.9    -999.9      -999.9      
516604.0    23.374      -4.973      -999.9    -999.9      -999.9      
527404.0    -11.277     -29.2       -999.9    -999.9      -999.9      
538204.0    -14.637     -29.363     -999.9    -999.9      -999.9      
549004.0    -14.402     -20.69      -999.9    -999.9      -999.9      
559804.0    -18.112     -15.354     -999.9    -999.9      -999.9      
570604.0    32.718      23.4        -999.9    -999.9      -999.9      
581404.0    71.548      123.576     -999.9    -999.9      -999.9      
592204.0    55.867      82.253      -999.9    -999.9      -999.9      
603004.0    14.476      -4.393      -999.9    -999.9      -999.9      
613804.0    3.074       -11.954     -999.9    -999.9      -999.9      
624604.0    2.025       -10.07      -999.9    -999.9      -999.9      
635404.0    29.917      -46.108     -999.9    -999.9      -999.9      
646204.0    31.238      -56.448     -999.9    -999.9      -999.9      
657004.0    101.427     44.729      -999.9    -999.9      -999.9      
667804.0    189.496     210.828     -999.9    -999.9      -999.9      
678604.0    141.845     190.058     -999.9    -999.9      -999.9      
689404.0    51.351      12.916      -999.9    -999.9      -999.9      
700204.0    12.797      -47.25      -999.9    -999.9      -999.9      
711004.0    5.776       -36.91      -999.9    -999.9      -999.9      
721804.0    2.709       -33.156     -999.9    -999.9      -999.9      
732604.0    0.604       -25.883     -999.9    -999.9      -999.9      
743404.0    51.961      90.047      -999.9    -999.9      -999.9      
754204.0    108.244     287.887     -999.9    -999.9      -999.9      
765004.0    83.347      233.758     -999.9    -999.9      -999.9      
775804.0    22.031      29.54       -999.9    -999.9      -999.9      
786604.0    0.33        -17.238     -999.9    -999.9      -999.9      
797404.0    3.194       -10.711     -999.9    -999.9      -999.9      
808204.0    0.627       -3.831      -999.9    -999.9      -999.9      
819004.0    1.87        -1.942      -999.9    -999.9      -999.9      
829804.0    34.118      51.76       -999.9    -999.9      -999.9      
840604.0    68.713      168.425     -999.9    -999.9      -999.9      
851404.0    54.186      121.784     -999.9    -999.9      -999.9      
862204.0    23.053      7.333       -999.9    -999.9      -999.9      
873004.0    3.955       13.712      -999.9    -999.9      -999.9      
883804.0    10.547      2.986       -999.9    -999.9      -999.9      
894604.0    9.268       2.265       -999.9    -999.9      -999.9      
905404.0    -10.125     -6.737      -999.9    -999.9      -999.9      
916204.0    76.495      73.867      -999.9    -999.9      -999.9      
927004.0    165.275     217.681     -999.9    -999.9      -999.9      
937804.0    104.771     230.783     -999.9    -999.9      -999.9      
948604.0    26.267      19.778      -999.9    -999.9      -999.9      
959404.0    -3.564      -19.887     -999.9    -999.9      -999.9      
970204.0    -4.395      -11.945     -999.9    -999.9      -999.9      
981004.0    -3.373      -6.393      -999.9    -999.9      -999.9      
991804.0    -5.207      -4.82       -999.9    -999.9      -999.9      
1002604.0   63.08       78.979      -999.9    -999.9      -999.9      
1013404.0   120.939     251.71      -999.9    -999.9      -999.9      
1024204.0   91.292      206.718     -999.9    -999.9      -999.9      
1035004.0   24.717      16.672      -999.9    -999.9      -999.9      
1045804.0   -2.353      -16.979     -999.9    -999.9      -999.9      
1056604.0   -3.617      -11.304     -999.9    -999.9      -999.9      
1067404.0   -0.996      -11.857     -999.9    -999.9      -999.9      
1078204.0   -5.76       -8.027      -999.9    -999.9      -999.9      
1089004.0   53.96       77.335      -999.9    -999.9      -999.9      
1099804.0   84.942      229.25      -999.9    -999.9      -999.9      
1110604.0   73.901      173.352     -999.9    -999.9      -999.9      
1121404.0   15.684      17.362      -999.9    -999.9      -999.9      
1132204.0   0.517       -16.893     -999.9    -999.9      -999.9      
1143004.0   -3.817      -3.567      -999.9    -999.9      -999.9      
1153804.0   -3.652      -6.956      -999.9    -999.9      -999.9      
1164604.0   5.434       -17.375     -999.9    -999.9      -999.9      
1175404.0   53.294      40.431      -999.9    -999.9      -999.9      
1186204.0   68.262      154.612     -999.9    -999.9      -999.9      
1197004.0   62.898      158.807     -999.9    -999.9      -999.9      
1207804.0   30.391      26.805      -999.9    -999.9      -999.9      
1218604.0   -13.254     -16.173     -999.9    -999.9      -999.9      
1229404.0   -14.623     -18.417     -999.9    -999.9      -999.9      
1240204.0   -0.384      -6.613      -999.9    -999.9      -999.9      
1251004.0   0.586       -5.121      -999.9    -999.9      -999.9      
1261804.0   44.124      34.979      -999.9    -999.9      -999.9      
1272604.0   95.065      172.854     -999.9    -999.9      -999.9      
1283404.0   91.806      134.258     -999.9    -999.9      -999.9      
1294204.0   33.406      -6.569      -999.9    -999.9      -999.9      
1305004.0   -1.38       3.4         -999.9    -999.9      -999.9      
1315804.0   20.115      -0.367      -999.9    -999.9      -999.9      
1326604.0   25.481      7.188       -999.9    -999.9      -999.9      
1337404.0   26.243      0.16        -999.9    -999.9      -999.9      
1348204.0   33.736      10.848      -999.9    -999.9      -999.9      
1359004.0   43.391      26.931      -999.9    -999.9      -999.9      
1369804.0   48.919      21.244      -999.9    -999.9      -999.9      
1380604.0   28.95       19.615      -999.9    -999.9      -999.9      
1391404.0   59.394      -4.912      -999.9    -999.9      -999.9      
1402204.0   17.85       8.253       -999.9    -999.9      -999.9      
1413004.0   10.678      2.451       -999.9    -999.9      -999.9      
1423804.0   13.912      3.086       -999.9    -999.9      -999.9      
1434604.0   34.612      5.04        -999.9    -999.9      -999.9      
1445404.0   56.62       31.87       -999.9    -999.9      -999.9      
1456204.0   56.274      21.559      -999.9    -999.9      -999.9      
1467004.0   15.718      5.59        -999.9    -999.9      -999.9      
1477804.0   5.22        0.885       -999.9    -999.9      -999.9      
1488604.0   4.662       1.051       -999.9    -999.9      -999.9      
1499404.0   4.102       0.713       -999.9    -999.9      -999.9      
1510204.0   5.137       -0.376      -999.9    -999.9      -999.9      
1521004.0   26.24       19.744      -999.9    -999.9      -999.9      
1531804.0   48.229      20.645      -999.9    -999.9      -999.9      
1542604.0   37.721      18.4        -999.9    -999.9      -999.9      
1553404.0   14.99       6.121       -999.9    -999.9      -999.9      
1564204.0   5.31        3.228       -999.9    -999.9      -999.9      
1575004.0   6.725       4.947       -999.9    -999.9      -999.9      
1585804.0   18.634      1.658       -999.9    -999.9      -999.9      
1596604.0   15.12       -5.182      -999.9    -999.9      -999.9      
1607404.0   76.772      20.353      -999.9    -999.9      -999.9      
1618204.0   166.918     106.684     -999.9    -999.9      -999.9      
1629004.0   150.7       163.742     -999.9    -999.9      -999.9      
1639804.0   39.973      17.771      -999.9    -999.9      -999.9      
1650604.0   -13.132     -9.448      -999.9    -999.9      -999.9      
1661404.0   -11.62      -0.316      -999.9    -999.9      -999.9      
1672204.0   -7.845      7.497       -999.9    -999.9      -999.9      
1683004.0   -1.796      1.044       -999.9    -999.9      -999.9      
1693804.0   106.984     82.519      -999.9    -999.9      -999.9      
1704604.0   191.116     246.186     -999.9    -999.9      -999.9      
1715404.0   194.728     165.732     -999.9    -999.9      -999.9      
1726204.0   44.541      19.457      -999.9    -999.9      -999.9      
1737004.0   -11.569     -22.257     -999.9    -999.9      -999.9      
1747804.0   -5.696      -15.497     -999.9    -999.9      -999.9      
1758604.0   -6.949      -13.308     -999.9    -999.9      -999.9      
1769404.0   -0.782      -0.636      -999.9    -999.9      -999.9      
1780204.0   27.389      18.903      -999.9    -999.9      -999.9      
1791004.0   69.648      44.17       -999.9    -999.9      -999.9      
1801804.0   56.93       67.965      -999.9    -999.9      -999.9      
1812604.0   28.275      -1.736      -999.9    -999.9      -999.9      
1823404.0   2.495       -8.436      -999.9    -999.9      -999.9      
1834204.0   -5.194      0.595       -999.9    -999.9      -999.9      
1845004.0   -2.943      -1.858      -999.9    -999.9      -999.9      
1931404.0   0.0E+0      0.0E+0      -999.9    -999.9      -999.9      
