 ! Forcing file generated by generate_forcing_file for ARM
 z[m]       'thlm_f[K/s]'   'rtm_f[kg/kg/s]' 'um_ref[m/s]' 'vm_ref[m/s]' 'um_f[m/s^2]' 'vm_f[m/s^2]' 'w[m/s]' 'ug[m/s]'  vg[m/s]
   41400.0  5
       0.0 -0.3472E-04  0.2222E-07  -999.9      -999.9      -999.9      -999.9       0.000      -999.9      -999.9
     999.0 -0.3472E-04  0.2222E-07  -999.9      -999.9      -999.9      -999.9       0.000      -999.9      -999.9
    1000.0 -0.3472E-04  0.2222E-07  -999.9      -999.9      -999.9      -999.9       0.000      -999.9      -999.9    
    2999.0 -0.1736E-07  0.1111E-10  -999.9      -999.9      -999.9      -999.9       0.000      -999.9      -999.9
    3000.0   0.000       0.000      -999.9      -999.9      -999.9      -999.9       0.000      -999.9      -999.9
   52200.0  5
       0.0   0.000      0.5556E-08  -999.9      -999.9      -999.9      -999.9       0.000      -999.9      -999.9
     999.0   0.000      0.5556E-08  -999.9      -999.9      -999.9      -999.9       0.000      -999.9      -999.9
    1000.0   0.000      0.5556E-08  -999.9      -999.9      -999.9      -999.9       0.000      -999.9      -999.9
    2999.0   0.000      0.2778E-11  -999.9      -999.9      -999.9      -999.9       0.000      -999.9      -999.9
    3000.0   0.000       0.000      -999.9      -999.9      -999.9      -999.9       0.000      -999.9      -999.9
   63000.0  5
       0.0   0.000     -0.1111E-07  -999.9      -999.9      -999.9      -999.9       0.000      -999.9      -999.9
     999.0   0.000     -0.1111E-07  -999.9      -999.9      -999.9      -999.9       0.000      -999.9      -999.9
    1000.0   0.000     -0.1111E-07  -999.9      -999.9      -999.9      -999.9       0.000      -999.9      -999.9
    2999.0   0.000     -0.5556E-11  -999.9      -999.9      -999.9      -999.9       0.000      -999.9      -999.9
    3000.0   0.000       0.000      -999.9      -999.9      -999.9      -999.9       0.000      -999.9      -999.9
   73800.0  5
       0.0 -0.2222E-04 -0.2778E-07  -999.9      -999.9      -999.9      -999.9       0.000      -999.9      -999.9
     999.0 -0.2222E-04 -0.2778E-07  -999.9      -999.9      -999.9      -999.9       0.000      -999.9      -999.9
    1000.0 -0.2222E-04 -0.2778E-07  -999.9      -999.9      -999.9      -999.9       0.000      -999.9      -999.9
    2999.0 -0.1111E-07 -0.1389E-10  -999.9      -999.9      -999.9      -999.9       0.000      -999.9      -999.9
    3000.0   0.000       0.000      -999.9      -999.9      -999.9      -999.9       0.000      -999.9      -999.9
   84600.0  5
       0.0 -0.4444E-04 -0.4444E-07  -999.9      -999.9      -999.9      -999.9       0.000      -999.9      -999.9
     999.0 -0.4444E-04 -0.4444E-07  -999.9      -999.9      -999.9      -999.9       0.000      -999.9      -999.9
    1000.0 -0.4444E-04 -0.4444E-07  -999.9      -999.9      -999.9      -999.9       0.000      -999.9      -999.9
    2999.0 -0.2222E-07 -0.2222E-10  -999.9      -999.9      -999.9      -999.9       0.000      -999.9      -999.9
    3000.0   0.000       0.000      -999.9      -999.9      -999.9      -999.9       0.000      -999.9      -999.9
   93600.0  5
       0.0 -0.7222E-04 -0.8333E-07  -999.9      -999.9      -999.9      -999.9       0.000      -999.9      -999.9
     999.0 -0.7222E-04 -0.8333E-07  -999.9      -999.9      -999.9      -999.9       0.000      -999.9      -999.9
    1000.0 -0.7222E-04 -0.8333E-07  -999.9      -999.9      -999.9      -999.9       0.000      -999.9      -999.9
    2999.0 -0.3611E-07 -0.4167E-10  -999.9      -999.9      -999.9      -999.9       0.000      -999.9      -999.9
    3000.0   0.000       0.000      -999.9      -999.9      -999.9      -999.9       0.000      -999.9      -999.9
