! The vertical coordinate is entered in the first column as height (z[m]) or pressure (Press[Pa]).
! Temperature can be entered as liquid water potential temperature (thlm[K]), potential temperature (thm[K]), or absolute temperature(T[K]).
! Prescribed, time-independent vertical velocity can be entered as velocity (w[m\s]) or pressure velocity (omega[Pa\s])
! If vertical velocity is time dependent, insert missing values throughout column.
! In all cases, missing values are denoted by -999.9
z[m]        thm[K]  "rt[kg/kg]" "u[m/s]" "v[m/s]" "w[m/s]" "ug[m/s]" "vg[m/s]"  
0.0E+0      287.728    3.439E-3    -4.596   0.205   -999.9      -4.596    0.205     
119.44444   287.728    3.439E-3    -4.596   0.205   -999.9      -4.596    0.205     
337.60824   288.41     2.823E-3    -4.65    0.14    -999.9      -4.65     0.14      
560.5889    289.379    2.473E-3    -5.53    -0.28   -999.9      -5.53     -0.28     
788.8671    290.717    2.357E-3    -5.2     -0.81   -999.9      -5.2      -0.81     
1023.0391   292.545    2.276E-3    -4.58    -1.53   -999.9      -4.58     -1.53     
1263.5466   294.258    2.275E-3    -3.12    -1.88   -999.9      -3.12     -1.88     
1510.6641   295.989    2.116E-3    -0.8     -2.64   -999.9      -0.8      -2.64     
1764.6189   297.442    1.945E-3    1.75     -2.93   -999.9      1.75      -2.93     
2025.4763   298.493    1.781E-3    4.39     -3.34   -999.9      4.39      -3.34     
2293.4047   299.473    1.582E-3    6.45     -3.38   -999.9      6.45      -3.38     
2568.8073   300.518    1.35E-3     7.86     -2.66   -999.9      7.86      -2.66     
2852.1623   301.57     1.1E-3      9.15     -1.79   -999.9      9.15      -1.79     
3144.201    303.117    7.59E-4     11.09    -0.81   -999.9      11.09     -0.81     
3445.9326   305.089    6.54E-4     13.59    0.26    -999.9      13.59     0.26      
3758.1726   306.981    9.24E-4     15.15    1.11    -999.9      15.15     1.11      
4081.3193   308.337    9.6E-4      16.07    2.25    -999.9      16.07     2.25      
4415.6743   309.337    7.63E-4     16.4     3.17    -999.9      16.4      3.17      
4761.836    310.247    6.71E-4     16.46    4.08    -999.9      16.46     4.08      
5120.683    311.143    5.23E-4     16.55    4.68    -999.9      16.55     4.68      
5493.266    312.035    6.2E-4      17.44    4.88    -999.9      17.44     4.88      
5880.871    313.057    6.25E-4     18.82    4.81    -999.9      18.82     4.81      
6285.1054   314.282    5.28E-4     20.19    4.57    -999.9      20.19     4.57      
6707.794    315.591    4.58E-4     21.31    4.32    -999.9      21.31     4.32      
7150.9174   316.904    3.32E-4     22.49    4.84    -999.9      22.49     4.84      
7616.696    318.148    2.48E-4     24.08    5.74    -999.9      24.08     5.74      
8107.7504   319.371    1.99E-4     26.37    6.5     -999.9      26.37     6.5       
8627.361    320.671    1.43E-4     29.19    7.07    -999.9      29.19     7.07      
9179.806    322.268    9.7E-5      32.02    7.77    -999.9      32.02     7.77      
9770.717    324.315    6.3E-5      34.82    8.76    -999.9      34.82     8.76      
10407.99    327.489    4.2E-5      37.48    9.84    -999.9      37.48     9.84      
11105.372   334.589    3.0E-5      38.85    10.22   -999.9      38.85     10.22     
11885.818   347.22     1.9E-5      37.93    9.68    -999.9      37.93     9.68      
12778.419   362.418    6.0E-6      33.87    8.27    -999.9      33.87     8.27      
13815.486   377.088    5.0E-6      28.13    6.92    -999.9      28.13     6.92      
15046.753   395.143    5.0E-6      21.53    5.0     -999.9      21.53     5.0       
16568.223   420.739    5.0E-6      13.8     2.88    -999.9      13.8      2.88      
18582.188   462.427    8.0E-6      4.48     0.43    -999.9      4.48      0.43      
21596.254   533.814    1.4E-5      -3.13    -0.66   -999.9      -3.13     -0.66     
