! The levels of the vertical coordinate (z or pressure) are assumed to be the same as those in the corresponding sounding.in file.
'rt[kg/kg]' thm[K]    
0.003439    287.728   
0.003439    287.728   
0.002823    288.41    
0.002473    289.379   
0.002357    290.717   
0.002276    292.545   
0.002275    294.258   
0.002116    295.989   
0.001945    297.442   
0.001781    298.493   
0.001582    299.473   
0.00135     300.518   
0.0011      301.57    
0.000759    303.117   
0.000654    305.089   
0.000924    306.981   
0.00096     308.337   
0.000763    309.337   
0.000671    310.247   
0.000523    311.143   
0.00062     312.035   
0.000625    313.057   
0.000528    314.282   
0.000458    315.591   
0.000332    316.904   
0.000248    318.148   
0.000199    319.371   
0.000143    320.671   
0.000097    322.268   
0.000063    324.315   
0.000042    327.489   
0.00003     334.589   
0.000019    347.22    
0.000006    362.418   
0.000005    377.088   
0.000005    395.143   
0.000005    420.739   
0.000008    462.427   
0.000014    533.814   
