z[m]        theta[K]   rt[kg\kg]   u[m\s]   v[m\s]    ug[m\s]   vg[m\s]   
0.0E+0      273.105    1.812E-3    -2.737   0.866     -2.737    0.866     
4.2653274   273.105    1.812E-3    -2.737   0.866     -2.737    0.866     
210.41774   275.426    1.819E-3    -2.533   1.263     -2.533    1.263     
422.38525   278.077    1.883E-3    -1.956   1.885     -1.956    1.885     
640.78155   281.312    1.958E-3    -0.971   2.682     -0.971    2.682     
866.2701    284.898    2.113E-3    0.348    3.64      0.348     3.64      
1099.2612   288.332    2.324E-3    1.828    4.815     1.828     4.815     
1339.7999   291.162    2.568E-3    3.238    5.965     3.238     5.965     
1587.735    293.358    2.823E-3    4.554    6.881     4.554     6.881     
1842.9713   295.09     2.953E-3    5.873    7.424     5.873     7.424     
2105.6186   296.65     2.974E-3    7.204    7.372     7.204     7.372     
2376.0266   298.24     2.93E-3     8.302    6.568     8.302     6.568     
2654.7126   299.944    2.852E-3    9.041    5.347     9.041     5.347     
2942.2888   301.774    2.737E-3    9.572    4.026     9.572     4.026     
3239.4265   303.717    2.579E-3    10.127   2.817     10.127    2.817     
3546.8078   305.672    2.286E-3    10.812   1.823     10.812    1.823     
3865.0903   307.552    1.903E-3    11.816   1.144     11.816    1.144     
4194.929    309.298    1.611E-3    13.223   0.756     13.223    0.756     
4537.002    310.863    1.424E-3    14.821   0.497     14.821    0.497     
4892.03     312.216    1.284E-3    16.311   0.315     16.311    0.315     
5260.8686   313.446    1.167E-3    17.601   0.201     17.601    0.201     
5644.6015   314.634    1.057E-3    18.661   -7.0E-3   18.661    -7.0E-3   
6044.542    315.811    9.45E-4     19.535   -0.593    19.535    -0.593    
6462.244    317.002    8.22E-4     20.358   -1.554    20.358    -1.554    
6899.5625   318.252    6.77E-4     21.228   -2.711    21.228    -2.711    
7358.723    319.589    5.2E-4      22.22    -3.902    22.22     -3.902    
7842.3813   321.013    3.8E-4      23.514   -5.077    23.514    -5.077    
8353.698    322.504    2.66E-4     25.292   -6.177    25.292    -6.177    
8896.51     324.084    1.77E-4     27.51    -7.205    27.51     -7.205    
9475.627    325.833    1.13E-4     29.853   -8.321    29.853    -8.321    
10097.56    328.184    7.0E-5      31.94    -9.466    31.94     -9.466    
10772.705   332.777    4.6E-5      34.059   -9.898    34.059    -9.898    
11516.687   339.9      3.2E-5      34.833   -10.009   34.833    -10.009   
12350.426   349.375    2.0E-5      34.29    -9.603    34.29     -9.603    
13303.153   361.594    1.1E-5      32.913   -8.765    32.913    -8.765    
14421.236   378.7      1.0E-5      31.504   -7.776    31.504    -7.776    
15774.58    397.108    8.0E-6      28.028   -6.726    28.028    -6.726    
