! The vertical coordinate is entered in the first column as height (z[m]) or pressure (Press[Pa]).
! Temperature can be entered as liquid water potential temperature (thlm[K]), potential temperature (thm[K]), or absolute temperature(T[K]).
! Prescribed, time-independent vertical velocity can be entered as velocity (w[m/s]) or pressure velocity ('omega[Pa/s]')
! If vertical velocity is time dependent, insert missing values throughout column.
! In all cases, missing values are denoted by -999.9
z[m]        thm[K]  'rt[kg/kg]' 'u[m/s]' 'v[m/s]' 'w[m/s]' 'ug[m/s]' 'vg[m/s]'  
0.0E+0      301.471    0.014307    -0.755   0.191   -999.9      -0.755    0.191     
59.21       301.471    0.014307    -0.755   0.191   -999.9      -0.755    0.191     
524.304     301.889    0.012605    -0.181   1.031   -999.9      -0.181    1.031     
1008.614    302.918    0.011171    1.666    1.365   -999.9      1.666     1.365     
1515.234    304.765    9.24E-3     3.575    0.888   -999.9      3.575     0.888     
2047.661    307.253    7.012E-3    5.049    -0.606  -999.9      5.049     -0.606    
2609.434    309.806    5.09E-3     5.871    -2.747  -999.9      5.871     -2.747    
3203.96     311.966    3.872E-3    6.479    -4.813  -999.9      6.479     -4.813    
3835.436    314.298    2.885E-3    6.857    -5.579  -999.9      6.857     -5.579    
4509.983    317.195    2.317E-3    7.007    -4.447  -999.9      7.007     -4.447    
5235.93     320.937    1.837E-3    7.04     -1.882  -999.9      7.04      -1.882    
6023.204    324.835    1.402E-3    6.878    0.436   -999.9      6.878     0.436     
6882.909    328.275    8.43E-4     6.605    1.918   -999.9      6.605     1.918     
7828.958    331.167    4.35E-4     6.764    2.63    -999.9      6.764     2.63      
8881.194    333.764    2.11E-4     7.833    3.544   -999.9      7.833     3.544     
10071.93    337.684    8.9E-5      9.977    4.112   -999.9      9.977     4.112     
11458.434   344.935    3.0E-5      11.248   3.402   -999.9      11.248    3.402     
13147.343   358.026    9.0E-6      10.616   1.967   -999.9      10.616    1.967     
15385.763   389.631    5.0E-6      5.381    0.51    -999.9      5.381     0.51 
 15500. 404.54837 0.0000036798938 5.6985087 0.59836864 -999.9 5.6985087 0.59836864
 15750. 409.19455 0.0000036717836 5.6985087 0.59836864 -999.9 5.6985087 0.59836864
 16000. 414.0909 0.0000036636734 5.6985087 0.59836864 -999.9 5.6985087 0.59836864
 16250. 418.48013 0.0000036613208 5.6985087 0.59836864 -999.9 5.6985087 0.59836864
 16500. 423.08676 0.0000036589684 5.6985087 0.59836864 -999.9 5.6985087 0.59836864
 16750. 427.9308 0.0000036566157 5.6985087 0.59836864 -999.9 5.6985087 0.59836864
 17000. 433.03488 0.000003654263 5.6985087 0.59836864 -999.9 5.6985087 0.59836864
 17250. 437.63364 0.0000036453057 5.6985087 0.59836864 -999.9 5.6985087 0.59836864
 17500. 442.4607 0.000003636348 5.6985087 0.59836864 -999.9 5.6985087 0.59836864
 17750. 447.53696 0.0000036273905 5.6985087 0.59836864 -999.9 5.6985087 0.59836864
 18000. 452.88635 0.000003618433 5.6985087 0.59836864 -999.9 5.6985087 0.59836864
 18250. 457.69406 0.0000037715215 5.6985087 0.59836864 -999.9 5.6985087 0.59836864
 18500. 462.74033 0.0000039246106 5.6985087 0.59836864 -999.9 5.6985087 0.59836864
 18750. 468.04703 0.000004077699 5.6985087 0.59836864 -999.9 5.6985087 0.59836864
 19000. 473.63907 0.000004230788 5.6985087 0.59836864 -999.9 5.6985087 0.59836864
 19250. 478.66364 0.000004410302 5.6985087 0.59836864 -999.9 5.6985087 0.59836864
 19500. 483.9373 0.000004589816 5.6985087 0.59836864 -999.9 5.6985087 0.59836864
 19750. 489.4829 0.00000476933 5.6985087 0.59836864 -999.9 5.6985087 0.59836864
 20000. 495.32654 0.0000049488444 5.6985087 0.59836864 -999.9 5.6985087 0.59836864
 20250. 501.14584 0.000005296428 5.6985087 0.59836864 -999.9 5.6985087 0.59836864
 20500. 507.23703 0.0000056440117 5.6985087 0.59836864 -999.9 5.6985087 0.59836864
 20750. 513.6248 0.000005991596 5.6985087 0.59836864 -999.9 5.6985087 0.59836864
 21000. 520.3373 0.00000633918 5.6985087 0.59836864 -999.9 5.6985087 0.59836864
 21250. 526.4291 0.0000067695933 5.6985087 0.59836864 -999.9 5.6985087 0.59836864
 21500. 532.80457 0.0000072000066 5.6985087 0.59836864 -999.9 5.6985087 0.59836864
 21750. 539.4894 0.00000763042 5.6985087 0.59836864 -999.9 5.6985087 0.59836864
 22000. 546.5127 0.000008060834 5.6985087 0.59836864 -999.9 5.6985087 0.59836864
 22250. 552.87115 0.000008636552 5.6985087 0.59836864 -999.9 5.6985087 0.59836864
 22500. 559.52374 0.00000921227 5.6985087 0.59836864 -999.9 5.6985087 0.59836864
 22750. 566.49677 0.000009787988 5.6985087 0.59836864 -999.9 5.6985087 0.59836864
 23000. 573.8204 0.000010363708 5.6985087 0.59836864 -999.9 5.6985087 0.59836864
 23250. 580.4702 0.000011021647 5.6985087 0.59836864 -999.9 5.6985087 0.59836864
 23500. 587.42645 0.000011679586 5.6985087 0.59836864 -999.9 5.6985087 0.59836864
 23750. 594.7165 0.000012337527 5.6985087 0.59836864 -999.9 5.6985087 0.59836864
 24000. 602.37134 0.000012995469 5.6985087 0.59836864 -999.9 5.6985087 0.59836864
 24250. 609.3743 0.000013863442 5.6985087 0.59836864 -999.9 5.6985087 0.59836864
 24500. 616.7015 0.000014731417 5.6985087 0.59836864 -999.9 5.6985087 0.59836864
 24750. 624.3819 0.000015599393 5.6985087 0.59836864 -999.9 5.6985087 0.59836864
 25000. 632.44855 0.000016467371 5.6985087 0.59836864 -999.9 5.6985087 0.59836864
 25250. 638.0235 0.000016676053 5.6985087 0.59836864 -999.9 5.6985087 0.59836864
 25500. 643.7829 0.000016884735 5.6985087 0.59836864 -999.9 5.6985087 0.59836864
 25750. 649.73895 0.000017093418 5.6985087 0.59836864 -999.9 5.6985087 0.59836864
 26000. 655.90454 0.000017302098 5.6985087 0.59836864 -999.9 5.6985087 0.59836864
 26250. 662.29395 0.000017510807 5.6985087 0.59836864 -999.9 5.6985087 0.59836864
 26500. 668.9232 0.000017719512 5.6985087 0.59836864 -999.9 5.6985087 0.59836864
 26750. 675.8096 0.000017928221 5.6985087 0.59836864 -999.9 5.6985087 0.59836864
 27000. 682.97253 0.000018136929 5.6985087 0.59836864 -999.9 5.6985087 0.59836864
 27250. 690.43353 0.000018345636 5.6985087 0.59836864 -999.9 5.6985087 0.59836864
 27500. 698.21674 0.000018554343 5.6985087 0.59836864 -999.9 5.6985087 0.59836864
