! The levels of the vertical coordinate (z or pressure) are assumed to be the same as those in the corresponding sounding.in file.
"rt[kg/kg]" thm[K]    
0.001812    273.105   
0.001812    273.105   
0.001819    275.426   
0.001883    278.077   
0.001958    281.312   
0.002113    284.898   
0.002324    288.332   
0.002568    291.162   
0.002823    293.358   
0.002953    295.09    
0.002974    296.65    
0.00293     298.24    
0.002852    299.944   
0.002737    301.774   
0.002579    303.717   
0.002286    305.672   
0.001903    307.552   
0.001611    309.298   
0.001424    310.863   
0.001284    312.216   
0.001167    313.446   
0.001057    314.634   
0.000945    315.811   
0.000822    317.002   
0.000677    318.252   
0.00052     319.589   
0.00038     321.013   
0.000266    322.504   
0.000177    324.084   
0.000113    325.833   
0.00007     328.184   
0.000046    332.777   
0.000032    339.9     
0.00002     349.375   
0.000011    361.594   
0.00001     378.7     
0.000008    397.108   
