! $Id$
! The vertical coordinate is entered in the first column as height (z[m]) or pressure (Press[Pa]).
! Temperature can be entered as liquid water potential temperature (thlm[K]), potential temperature (thm[K]), or absolute temperature(T[K]).
! Prescribed, time-independent vertical velocity can be entered as velocity (w[m\s]) or pressure velocity (omega[Pa\s])
! If vertical velocity is time dependent, insert missing values throughout column.
! In all cases, missing values are denoted by -999.9
z[m]        thlm[K] "rt[kg/kg]" "u[m/s]" "v[m/s]" "w[m/s]"    "ug[m/s]"  vg[m\s]
0.0E+0      288.0      .0103       -0.7    -10.0   0.0         -2.00     -10.00
312.5       288.0      .0103       -0.7    -10.0   -.0015625   -2.00     -10.00
662.5       288.0      .0103       -0.7    -10.0   -.0033125   -2.00     -10.00
712.5       293.5      .009183569  -2.0    -10.0   -.0035625   -2.00     -10.00
1600        298.825    .006659049  -2.0    -10.0   -.0080      -2.00     -10.00
2120        301.8236   .005185753  -2.0    -10.0   -.0080      -2.00     -10.00
2382.5      302.9382   .004443660  -2.0    -10.0   -.0080      -2.00     -10.00
2652.5      304.0277   .003681504  -2.0    -10.0   -.0080      -2.00     -10.00
3216.804    306.415    .002268882  -2.0    -10.0   -.0080      -2.00     -10.00
3813.987    308.9246   .001739102  -2.0    -10.0   -.0080      -2.00     -10.00
4450.006    311.6162   .001258466  -2.0    -10.0   -.0080      -2.00     -10.00
5131.326    314.9608   6.39748E-4  -2.0    -10.0   -.0080      -2.00     -10.00
5866.644    318.7731   2.576763E-4 -2.0    -10.0   -.0080      -2.00     -10.00
6665.796    322.3116   1.653571E-4 -2.0    -10.0   -.0080      -2.00     -10.00
7540.027    325.4752   1.363334E-4 -2.0    -10.0   -.0080      -2.00     -10.00
8506.053    329.0061   1.183656E-4 -2.0    -10.0   -.0080      -2.00     -10.00
9586.714    331.6915   1.021368E-4 -2.0    -10.0   -.0080      -2.00     -10.00
10812.71    333.2333   4.029059E-5 -2.0    -10.0   -.0080      -2.00     -10.00
11494.72    334.0867   2.529948E-5 -2.0    -10.0   -.0080      -2.00     -10.00
12237.13    336.0184   1.929071E-5 -2.0    -10.0   -.0080      -2.00     -10.00
13055.92    341.5154   1.562967E-5 -2.0    -10.0   -.0080      -2.00     -10.00
13988.99    356.1279   9.705136E-6 -2.0    -10.0   -.0080      -2.00     -10.00
15103.6     380.8455   3.840763E-6 -2.0    -10.0   -.0080      -2.00     -10.00
16480.66    408.6185   2.345041E-6 -2.0    -10.0   -.0080      -2.00     -10.00
18706.37    458.991    2.428876E-6 -2.0    -10.0   -.0080      -2.00     -10.00
20832.24    510.5409   2.454315E-6 -2.0    -10.0   -.0080      -2.00     -10.00
24093.22    600.2801   2.813172E-6 -2.0    -10.0   -.0080      -2.00     -10.00
26742.73    692.7106   2.886237E-6 -2.0    -10.0   -.0080      -2.00     -10.00
31420.38    879.4184   3.401836E-6 -2.0    -10.0   -.0080      -2.00     -10.00
33916.36    998.8658   3.538588E-6 -2.0    -10.0   -.0080      -2.00     -10.00
36319.4     1122.769   3.628882E-6 -2.0    -10.0   -.0080      -2.00     -10.00
40118.05    1375.697   3.780078E-6 -2.0    -10.0   -.0080      -2.00     -10.00
43257.08    1579.347   3.824498E-6 -2.0    -10.0   -.0080      -2.00     -10.00
48713.27    1937.757   3.922004E-6 -2.0    -10.0   -.0080      -2.00     -10.00
