! $Id$
Time[s]    T_sfc[K] 
0.0        290.355 
3600.0     290.428 
7200.0     290.544 
10800.0    290.66 
14400.0    290.793 
18000.0    290.988 
21600.0    291.252 
25200.0    291.555 
28800.0    291.862 
32400.0    292.225 
36000.0    292.508 
39600.0    292.7 
43200.0    292.855 
46800.0    293.044 
50400.0    293.186 
54000.0    293.325 
57600.0    293.473 
61200.0    293.625 
64800.0    293.776 
68400.0    293.913 
72000.0    294.026 
75600.0    294.115 
79200.0    294.184 
82800.0    294.233 
86400.0    294.269 
90000.0    294.292 
93600.0    294.307 
97200.0    294.316 
100800.0   294.322 
104400.0   294.327 
108000.0   294.335 
111600.0   294.348 
115200.0   294.37 
118800.0   294.403 
122400.0   294.45 
126000.0   294.48 
129600.0   294.51 
133200.0   294.54 
136800.0   294.57 
140400.0   294.6 
144000.0   294.63 
