! $Id$
! The vertical coordinate is entered in the first column as height (z[m]) or pressure (Press[Pa]).
! Temperature can be entered as liquid water potential temperature (thlm_f[K\s]), potential temperature (thm_f[K\s]), or absolute temperature(T_f[K\s]).
! Prescribed, time-independent vertical velocity can be entered as velocity (w[m/s]) or pressure velocity (omega[Pa\s] or omega[mb\hr])
! In all cases, missing values are denoted by -999.9
! The blanks are filled first vertically and then across time. This means that if you have a column that is completely filled with missing values
! it will be replaced with an interpolation of the values before and after.
! The format of this file is:
! [Variable list ...]
! [Time of Profile] [# of elements in profile]
! [Vertical Coordinate] [Data ...]
! [Vertical Coordinate] [Data ...]
! ...
! [Time of Profile] [# of elements in profile]
! [Vertical Coordinate] [Data ...]
! [Vertical Coordinate] [Data ...]
! ...
!
Press[Pa]   	T_f[K\s]       	rtm_f[kg\kg\s]  "um_ref[m/s]" "vm_ref[m/s]"  	um_f[m\s^2]  "vm_f[m/s^2]"  	w[m/s]   	ug[m\s]   	vg[m/s]   
0.0         62
101686.750000 	 -1.279885e-05 	 -7.382216e-09 	 -999.9 	 -999.9 	 -999.9 	 -999.9 	 -999.9 	 -999.9 	 -999.9 
101395.031250 	 -1.279885e-05 	 -7.382216e-09 	 -999.9 	 -999.9 	 -999.9 	 -999.9 	 -999.9 	 -999.9 	 -999.9 
100990.609375 	 -1.279885e-05 	 -7.382216e-09 	 -999.9 	 -999.9 	 -999.9 	 -999.9 	 -999.9 	 -999.9 	 -999.9 
100459.210938 	 -1.279885e-05 	 -7.382216e-09 	 -999.9 	 -999.9 	 -999.9 	 -999.9 	 -999.9 	 -999.9 	 -999.9 
99802.007812 	 -1.279885e-05 	 -7.382216e-09 	 -999.9 	 -999.9 	 -999.9 	 -999.9 	 -999.9 	 -999.9 	 -999.9 
99030.156250 	 -1.279885e-05 	 -7.382216e-09 	 -999.9 	 -999.9 	 -999.9 	 -999.9 	 -999.9 	 -999.9 	 -999.9 
98128.828125 	 -1.279885e-05 	 -7.382216e-09 	 -999.9 	 -999.9 	 -999.9 	 -999.9 	 -999.9 	 -999.9 	 -999.9 
97071.820312 	 -1.279885e-05 	 -7.382216e-09 	 -999.9 	 -999.9 	 -999.9 	 -999.9 	 -999.9 	 -999.9 	 -999.9 
95856.031250 	 -1.279885e-05 	 -7.382216e-09 	 -999.9 	 -999.9 	 -999.9 	 -999.9 	 -999.9 	 -999.9 	 -999.9 
94482.031250 	 -1.279885e-05 	 -7.382216e-09 	 -999.9 	 -999.9 	 -999.9 	 -999.9 	 -999.9 	 -999.9 	 -999.9 
92949.953125 	 -1.279885e-05 	 -7.382216e-09 	 -999.9 	 -999.9 	 -999.9 	 -999.9 	 -999.9 	 -999.9 	 -999.9 
91260.437500 	 -1.279885e-05 	 -7.382216e-09 	 -999.9 	 -999.9 	 -999.9 	 -999.9 	 -999.9 	 -999.9 	 -999.9 
89417.437500 	 -1.343350e-05 	 -6.980151e-09 	 -999.9 	 -999.9 	 -999.9 	 -999.9 	 -999.9 	 -999.9 	 -999.9 
87428.601562 	 -1.560017e-05 	 -5.607524e-09 	 -999.9 	 -999.9 	 -999.9 	 -999.9 	 -999.9 	 -999.9 	 -999.9 
85301.398438 	 -1.791757e-05 	 -4.139400e-09 	 -999.9 	 -999.9 	 -999.9 	 -999.9 	 -999.9 	 -999.9 	 -999.9 
83042.453125 	 -2.037850e-05 	 -2.580353e-09 	 -999.9 	 -999.9 	 -999.9 	 -999.9 	 -999.9 	 -999.9 	 -999.9 
80660.781250 	 -2.297312e-05 	 -9.366036e-10 	 -999.9 	 -999.9 	 -999.9 	 -999.9 	 -999.9 	 -999.9 	 -999.9 
78168.679688 	 -2.143449e-05 	 6.667901e-10 	 -999.9 	 -999.9 	 -999.9 	 -999.9 	 -999.9 	 -999.9 	 -999.9 
75578.210938 	 -2.057192e-05 	 5.122105e-09 	 -999.9 	 -999.9 	 -999.9 	 -999.9 	 -999.9 	 -999.9 	 -999.9 
72899.828125 	 -2.188979e-05 	 9.309425e-09 	 -999.9 	 -999.9 	 -999.9 	 -999.9 	 -999.9 	 -999.9 	 -999.9 
70145.468750 	 -2.359802e-05 	 9.369581e-09 	 -999.9 	 -999.9 	 -999.9 	 -999.9 	 -999.9 	 -999.9 	 -999.9 
67329.914062 	 -2.440230e-05 	 8.764432e-09 	 -999.9 	 -999.9 	 -999.9 	 -999.9 	 -999.9 	 -999.9 	 -999.9 
64467.347656 	 -2.411157e-05 	 9.144877e-09 	 -999.9 	 -999.9 	 -999.9 	 -999.9 	 -999.9 	 -999.9 	 -999.9 
61569.863281 	 -2.503739e-05 	 8.942531e-09 	 -999.9 	 -999.9 	 -999.9 	 -999.9 	 -999.9 	 -999.9 	 -999.9 
58650.253906 	 -2.485707e-05 	 8.186557e-09 	 -999.9 	 -999.9 	 -999.9 	 -999.9 	 -999.9 	 -999.9 	 -999.9 
55723.542969 	 -2.195610e-05 	 6.142526e-09 	 -999.9 	 -999.9 	 -999.9 	 -999.9 	 -999.9 	 -999.9 	 -999.9 
52812.289062 	 -1.859498e-05 	 4.222136e-09 	 -999.9 	 -999.9 	 -999.9 	 -999.9 	 -999.9 	 -999.9 	 -999.9 
49944.968750 	 -1.532836e-05 	 3.686764e-09 	 -999.9 	 -999.9 	 -999.9 	 -999.9 	 -999.9 	 -999.9 	 -999.9 
47149.625000 	 -1.345150e-05 	 3.849026e-09 	 -999.9 	 -999.9 	 -999.9 	 -999.9 	 -999.9 	 -999.9 	 -999.9 
44452.328125 	 -1.217523e-05 	 3.619751e-09 	 -999.9 	 -999.9 	 -999.9 	 -999.9 	 -999.9 	 -999.9 	 -999.9 
41877.273438 	 -1.153144e-05 	 3.248767e-09 	 -999.9 	 -999.9 	 -999.9 	 -999.9 	 -999.9 	 -999.9 	 -999.9 
39434.816406 	 -1.066197e-05 	 2.648943e-09 	 -999.9 	 -999.9 	 -999.9 	 -999.9 	 -999.9 	 -999.9 	 -999.9 
37121.199219 	 -8.844187e-06 	 2.024334e-09 	 -999.9 	 -999.9 	 -999.9 	 -999.9 	 -999.9 	 -999.9 	 -999.9 
34931.039062 	 -6.300618e-06 	 1.575935e-09 	 -999.9 	 -999.9 	 -999.9 	 -999.9 	 -999.9 	 -999.9 	 -999.9 
32858.558594 	 -4.872247e-06 	 1.268928e-09 	 -999.9 	 -999.9 	 -999.9 	 -999.9 	 -999.9 	 -999.9 	 -999.9 
30898.134766 	 -4.318818e-06 	 1.032117e-09 	 -999.9 	 -999.9 	 -999.9 	 -999.9 	 -999.9 	 -999.9 	 -999.9 
29044.386719 	 -3.672849e-06 	 7.117502e-10 	 -999.9 	 -999.9 	 -999.9 	 -999.9 	 -999.9 	 -999.9 	 -999.9 
27292.158203 	 -3.858777e-06 	 4.250792e-10 	 -999.9 	 -999.9 	 -999.9 	 -999.9 	 -999.9 	 -999.9 	 -999.9 
25636.527344 	 -3.584175e-06 	 2.734458e-10 	 -999.9 	 -999.9 	 -999.9 	 -999.9 	 -999.9 	 -999.9 	 -999.9 
24072.703125 	 -3.812484e-06 	 1.902242e-10 	 -999.9 	 -999.9 	 -999.9 	 -999.9 	 -999.9 	 -999.9 	 -999.9 
22596.193359 	 -4.822609e-06 	 1.278443e-10 	 -999.9 	 -999.9 	 -999.9 	 -999.9 	 -999.9 	 -999.9 	 -999.9 
21202.607422 	 -5.871828e-06 	 8.176516e-11 	 -999.9 	 -999.9 	 -999.9 	 -999.9 	 -999.9 	 -999.9 	 -999.9 
19887.812500 	 -5.813963e-06 	 5.027093e-11 	 -999.9 	 -999.9 	 -999.9 	 -999.9 	 -999.9 	 -999.9 	 -999.9 
18647.785156 	 -5.241252e-06 	 2.808837e-11 	 -999.9 	 -999.9 	 -999.9 	 -999.9 	 -999.9 	 -999.9 	 -999.9 
17478.744141 	 -4.346311e-06 	 1.486550e-11 	 -999.9 	 -999.9 	 -999.9 	 -999.9 	 -999.9 	 -999.9 	 -999.9 
16376.997070 	 -3.075297e-06 	 6.290580e-12 	 -999.9 	 -999.9 	 -999.9 	 -999.9 	 -999.9 	 -999.9 	 -999.9 
15339.079102 	 -7.068201e-07 	 1.036714e-12 	 -999.9 	 -999.9 	 -999.9 	 -999.9 	 -999.9 	 -999.9 	 -999.9 
14340.723633 	 -2.226495e-07 	 0.000000e+00 	 -999.9 	 -999.9 	 -999.9 	 -999.9 	 -999.9 	 -999.9 	 -999.9 
13350.974609 	 -1.104786e-06 	 0.000000e+00 	 -999.9 	 -999.9 	 -999.9 	 -999.9 	 -999.9 	 -999.9 	 -999.9 
12361.459961 	 -1.599018e-06 	 0.000000e+00 	 -999.9 	 -999.9 	 -999.9 	 -999.9 	 -999.9 	 -999.9 	 -999.9 
11372.166016 	 -1.887916e-06 	 0.000000e+00 	 -999.9 	 -999.9 	 -999.9 	 -999.9 	 -999.9 	 -999.9 	 -999.9 
10383.049805 	 -1.893461e-06 	 0.000000e+00 	 -999.9 	 -999.9 	 -999.9 	 -999.9 	 -999.9 	 -999.9 	 -999.9 
9394.063477 	 -1.487038e-06 	 0.000000e+00 	 -999.9 	 -999.9 	 -999.9 	 -999.9 	 -999.9 	 -999.9 	 -999.9 
8405.150391 	 -1.163977e-06 	 0.000000e+00 	 -999.9 	 -999.9 	 -999.9 	 -999.9 	 -999.9 	 -999.9 	 -999.9 
7416.283691 	 -1.122206e-06 	 0.000000e+00 	 -999.9 	 -999.9 	 -999.9 	 -999.9 	 -999.9 	 -999.9 	 -999.9 
6427.467285 	 -1.167776e-06 	 0.000000e+00 	 -999.9 	 -999.9 	 -999.9 	 -999.9 	 -999.9 	 -999.9 	 -999.9 
5438.624023 	 -1.078801e-06 	 0.000000e+00 	 -999.9 	 -999.9 	 -999.9 	 -999.9 	 -999.9 	 -999.9 	 -999.9 
4449.764648 	 -1.444952e-06 	 0.000000e+00 	 -999.9 	 -999.9 	 -999.9 	 -999.9 	 -999.9 	 -999.9 	 -999.9 
3460.937256 	 -2.988732e-06 	 0.000000e+00 	 -999.9 	 -999.9 	 -999.9 	 -999.9 	 -999.9 	 -999.9 	 -999.9 
2472.098633 	 -3.808584e-06 	 0.000000e+00 	 -999.9 	 -999.9 	 -999.9 	 -999.9 	 -999.9 	 -999.9 	 -999.9 
1483.252686 	 -4.590571e-06 	 0.000000e+00 	 -999.9 	 -999.9 	 -999.9 	 -999.9 	 -999.9 	 -999.9 	 -999.9 
494.419800 	 -2.490684e-05 	 0.000000e+00 	 -999.9 	 -999.9 	 -999.9 	 -999.9 	 -999.9 	 -999.9 	 -999.9
864000.0   62
101686.750000 	 -1.279885e-05 	 -7.382216e-09 	 -999.9 	 -999.9 	 -999.9 	 -999.9 	 -999.9 	 -999.9 	 -999.9 
101395.031250 	 -1.279885e-05 	 -7.382216e-09 	 -999.9 	 -999.9 	 -999.9 	 -999.9 	 -999.9 	 -999.9 	 -999.9 
100990.609375 	 -1.279885e-05 	 -7.382216e-09 	 -999.9 	 -999.9 	 -999.9 	 -999.9 	 -999.9 	 -999.9 	 -999.9 
100459.210938 	 -1.279885e-05 	 -7.382216e-09 	 -999.9 	 -999.9 	 -999.9 	 -999.9 	 -999.9 	 -999.9 	 -999.9 
99802.007812 	 -1.279885e-05 	 -7.382216e-09 	 -999.9 	 -999.9 	 -999.9 	 -999.9 	 -999.9 	 -999.9 	 -999.9 
99030.156250 	 -1.279885e-05 	 -7.382216e-09 	 -999.9 	 -999.9 	 -999.9 	 -999.9 	 -999.9 	 -999.9 	 -999.9 
98128.828125 	 -1.279885e-05 	 -7.382216e-09 	 -999.9 	 -999.9 	 -999.9 	 -999.9 	 -999.9 	 -999.9 	 -999.9 
97071.820312 	 -1.279885e-05 	 -7.382216e-09 	 -999.9 	 -999.9 	 -999.9 	 -999.9 	 -999.9 	 -999.9 	 -999.9 
95856.031250 	 -1.279885e-05 	 -7.382216e-09 	 -999.9 	 -999.9 	 -999.9 	 -999.9 	 -999.9 	 -999.9 	 -999.9 
94482.031250 	 -1.279885e-05 	 -7.382216e-09 	 -999.9 	 -999.9 	 -999.9 	 -999.9 	 -999.9 	 -999.9 	 -999.9 
92949.953125 	 -1.279885e-05 	 -7.382216e-09 	 -999.9 	 -999.9 	 -999.9 	 -999.9 	 -999.9 	 -999.9 	 -999.9 
91260.437500 	 -1.279885e-05 	 -7.382216e-09 	 -999.9 	 -999.9 	 -999.9 	 -999.9 	 -999.9 	 -999.9 	 -999.9 
89417.437500 	 -1.343350e-05 	 -6.980151e-09 	 -999.9 	 -999.9 	 -999.9 	 -999.9 	 -999.9 	 -999.9 	 -999.9 
87428.601562 	 -1.560017e-05 	 -5.607524e-09 	 -999.9 	 -999.9 	 -999.9 	 -999.9 	 -999.9 	 -999.9 	 -999.9 
85301.398438 	 -1.791757e-05 	 -4.139400e-09 	 -999.9 	 -999.9 	 -999.9 	 -999.9 	 -999.9 	 -999.9 	 -999.9 
83042.453125 	 -2.037850e-05 	 -2.580353e-09 	 -999.9 	 -999.9 	 -999.9 	 -999.9 	 -999.9 	 -999.9 	 -999.9 
80660.781250 	 -2.297312e-05 	 -9.366036e-10 	 -999.9 	 -999.9 	 -999.9 	 -999.9 	 -999.9 	 -999.9 	 -999.9 
78168.679688 	 -2.143449e-05 	 6.667901e-10 	 -999.9 	 -999.9 	 -999.9 	 -999.9 	 -999.9 	 -999.9 	 -999.9 
75578.210938 	 -2.057192e-05 	 5.122105e-09 	 -999.9 	 -999.9 	 -999.9 	 -999.9 	 -999.9 	 -999.9 	 -999.9 
72899.828125 	 -2.188979e-05 	 9.309425e-09 	 -999.9 	 -999.9 	 -999.9 	 -999.9 	 -999.9 	 -999.9 	 -999.9 
70145.468750 	 -2.359802e-05 	 9.369581e-09 	 -999.9 	 -999.9 	 -999.9 	 -999.9 	 -999.9 	 -999.9 	 -999.9 
67329.914062 	 -2.440230e-05 	 8.764432e-09 	 -999.9 	 -999.9 	 -999.9 	 -999.9 	 -999.9 	 -999.9 	 -999.9 
64467.347656 	 -2.411157e-05 	 9.144877e-09 	 -999.9 	 -999.9 	 -999.9 	 -999.9 	 -999.9 	 -999.9 	 -999.9 
61569.863281 	 -2.503739e-05 	 8.942531e-09 	 -999.9 	 -999.9 	 -999.9 	 -999.9 	 -999.9 	 -999.9 	 -999.9 
58650.253906 	 -2.485707e-05 	 8.186557e-09 	 -999.9 	 -999.9 	 -999.9 	 -999.9 	 -999.9 	 -999.9 	 -999.9 
55723.542969 	 -2.195610e-05 	 6.142526e-09 	 -999.9 	 -999.9 	 -999.9 	 -999.9 	 -999.9 	 -999.9 	 -999.9 
52812.289062 	 -1.859498e-05 	 4.222136e-09 	 -999.9 	 -999.9 	 -999.9 	 -999.9 	 -999.9 	 -999.9 	 -999.9 
49944.968750 	 -1.532836e-05 	 3.686764e-09 	 -999.9 	 -999.9 	 -999.9 	 -999.9 	 -999.9 	 -999.9 	 -999.9 
47149.625000 	 -1.345150e-05 	 3.849026e-09 	 -999.9 	 -999.9 	 -999.9 	 -999.9 	 -999.9 	 -999.9 	 -999.9 
44452.328125 	 -1.217523e-05 	 3.619751e-09 	 -999.9 	 -999.9 	 -999.9 	 -999.9 	 -999.9 	 -999.9 	 -999.9 
41877.273438 	 -1.153144e-05 	 3.248767e-09 	 -999.9 	 -999.9 	 -999.9 	 -999.9 	 -999.9 	 -999.9 	 -999.9 
39434.816406 	 -1.066197e-05 	 2.648943e-09 	 -999.9 	 -999.9 	 -999.9 	 -999.9 	 -999.9 	 -999.9 	 -999.9 
37121.199219 	 -8.844187e-06 	 2.024334e-09 	 -999.9 	 -999.9 	 -999.9 	 -999.9 	 -999.9 	 -999.9 	 -999.9 
34931.039062 	 -6.300618e-06 	 1.575935e-09 	 -999.9 	 -999.9 	 -999.9 	 -999.9 	 -999.9 	 -999.9 	 -999.9 
32858.558594 	 -4.872247e-06 	 1.268928e-09 	 -999.9 	 -999.9 	 -999.9 	 -999.9 	 -999.9 	 -999.9 	 -999.9 
30898.134766 	 -4.318818e-06 	 1.032117e-09 	 -999.9 	 -999.9 	 -999.9 	 -999.9 	 -999.9 	 -999.9 	 -999.9 
29044.386719 	 -3.672849e-06 	 7.117502e-10 	 -999.9 	 -999.9 	 -999.9 	 -999.9 	 -999.9 	 -999.9 	 -999.9 
27292.158203 	 -3.858777e-06 	 4.250792e-10 	 -999.9 	 -999.9 	 -999.9 	 -999.9 	 -999.9 	 -999.9 	 -999.9 
25636.527344 	 -3.584175e-06 	 2.734458e-10 	 -999.9 	 -999.9 	 -999.9 	 -999.9 	 -999.9 	 -999.9 	 -999.9 
24072.703125 	 -3.812484e-06 	 1.902242e-10 	 -999.9 	 -999.9 	 -999.9 	 -999.9 	 -999.9 	 -999.9 	 -999.9 
22596.193359 	 -4.822609e-06 	 1.278443e-10 	 -999.9 	 -999.9 	 -999.9 	 -999.9 	 -999.9 	 -999.9 	 -999.9 
21202.607422 	 -5.871828e-06 	 8.176516e-11 	 -999.9 	 -999.9 	 -999.9 	 -999.9 	 -999.9 	 -999.9 	 -999.9 
19887.812500 	 -5.813963e-06 	 5.027093e-11 	 -999.9 	 -999.9 	 -999.9 	 -999.9 	 -999.9 	 -999.9 	 -999.9 
18647.785156 	 -5.241252e-06 	 2.808837e-11 	 -999.9 	 -999.9 	 -999.9 	 -999.9 	 -999.9 	 -999.9 	 -999.9 
17478.744141 	 -4.346311e-06 	 1.486550e-11 	 -999.9 	 -999.9 	 -999.9 	 -999.9 	 -999.9 	 -999.9 	 -999.9 
16376.997070 	 -3.075297e-06 	 6.290580e-12 	 -999.9 	 -999.9 	 -999.9 	 -999.9 	 -999.9 	 -999.9 	 -999.9 
15339.079102 	 -7.068201e-07 	 1.036714e-12 	 -999.9 	 -999.9 	 -999.9 	 -999.9 	 -999.9 	 -999.9 	 -999.9 
14340.723633 	 -2.226495e-07 	 0.000000e+00 	 -999.9 	 -999.9 	 -999.9 	 -999.9 	 -999.9 	 -999.9 	 -999.9 
13350.974609 	 -1.104786e-06 	 0.000000e+00 	 -999.9 	 -999.9 	 -999.9 	 -999.9 	 -999.9 	 -999.9 	 -999.9 
12361.459961 	 -1.599018e-06 	 0.000000e+00 	 -999.9 	 -999.9 	 -999.9 	 -999.9 	 -999.9 	 -999.9 	 -999.9 
11372.166016 	 -1.887916e-06 	 0.000000e+00 	 -999.9 	 -999.9 	 -999.9 	 -999.9 	 -999.9 	 -999.9 	 -999.9 
10383.049805 	 -1.893461e-06 	 0.000000e+00 	 -999.9 	 -999.9 	 -999.9 	 -999.9 	 -999.9 	 -999.9 	 -999.9 
9394.063477 	 -1.487038e-06 	 0.000000e+00 	 -999.9 	 -999.9 	 -999.9 	 -999.9 	 -999.9 	 -999.9 	 -999.9 
8405.150391 	 -1.163977e-06 	 0.000000e+00 	 -999.9 	 -999.9 	 -999.9 	 -999.9 	 -999.9 	 -999.9 	 -999.9 
7416.283691 	 -1.122206e-06 	 0.000000e+00 	 -999.9 	 -999.9 	 -999.9 	 -999.9 	 -999.9 	 -999.9 	 -999.9 
6427.467285 	 -1.167776e-06 	 0.000000e+00 	 -999.9 	 -999.9 	 -999.9 	 -999.9 	 -999.9 	 -999.9 	 -999.9 
5438.624023 	 -1.078801e-06 	 0.000000e+00 	 -999.9 	 -999.9 	 -999.9 	 -999.9 	 -999.9 	 -999.9 	 -999.9 
4449.764648 	 -1.444952e-06 	 0.000000e+00 	 -999.9 	 -999.9 	 -999.9 	 -999.9 	 -999.9 	 -999.9 	 -999.9 
3460.937256 	 -2.988732e-06 	 0.000000e+00 	 -999.9 	 -999.9 	 -999.9 	 -999.9 	 -999.9 	 -999.9 	 -999.9 
2472.098633 	 -3.808584e-06 	 0.000000e+00 	 -999.9 	 -999.9 	 -999.9 	 -999.9 	 -999.9 	 -999.9 	 -999.9 
1483.252686 	 -4.590571e-06 	 0.000000e+00 	 -999.9 	 -999.9 	 -999.9 	 -999.9 	 -999.9 	 -999.9 	 -999.9 
494.419800 	 -2.490684e-05 	 0.000000e+00 	 -999.9 	 -999.9 	 -999.9 	 -999.9 	 -999.9 	 -999.9 	 -999.9
