! $Id$
! The vertical coordinate is entered in the first column as height (z[m]) or pressure (Press[Pa]).
! Temperature can be entered as liquid water potential temperature (thlm[K]), potential temperature (thm[K]), or absolute temperature(T[K]).
! Prescribed, time-independent vertical velocity can be entered as velocity (w[m/s]) or pressure velocity ('omega[Pa/s]')
! If vertical velocity is time dependent, insert missing values throughout column.
! In all cases, missing values are denoted by -999.9
Press[Pa]	T[K]		'rt[kg/kg]'	'u[m/s]'		'v[m/s]'		'ug[m/s]'		'vg[m/s]'		'omega[Pa/s]'
101864.6	 289.4600	 0.009220000	 2.119829	 -8.000850	 2.119829	 -8.000850	 0.0
101686.750000 	 289.348541 	 9.889199e-03 	 2.119829 	 -8.000850 	 2.119829 	 -8.000850 	 0.000920 
101395.031250 	 289.085968 	 9.761801e-03 	 2.301660 	 -8.746630 	 2.301660 	 -8.746630 	 0.002429 
100990.609375 	 288.747650 	 9.691929e-03 	 2.389976 	 -9.188724 	 2.389976 	 -9.188724 	 0.004520 
100459.210938 	 288.319458 	 9.636044e-03 	 2.434676 	 -9.522673 	 2.434676 	 -9.522673 	 0.007264 
99802.007812 	 287.806702 	 9.573154e-03 	 2.445304 	 -9.823194 	 2.445304 	 -9.823194 	 0.010647 
99030.156250 	 287.254761 	 9.458208e-03 	 2.414364 	 -10.124502 	 2.414364 	 -10.124502 	 0.014600 
98128.828125 	 286.803589 	 9.207857e-03 	 2.314892 	 -10.444894 	 2.314892 	 -10.444894 	 0.019178 
97071.820312 	 287.156952 	 8.355165e-03 	 2.012392 	 -10.805983 	 2.012392 	 -10.805983 	 0.024478 
95856.031250 	 289.347961 	 6.711455e-03 	 1.460927 	 -10.880015 	 1.460927 	 -10.880015 	 0.030457 
94482.031250 	 291.414124 	 5.476913e-03 	 0.998707 	 -10.461207 	 0.998707 	 -10.461207 	 0.037027 
92949.953125 	 293.024780 	 4.595226e-03 	 0.784011 	 -9.598885 	 0.784011 	 -9.598885 	 0.044070 
91260.437500 	 293.709503 	 4.149928e-03 	 0.865122 	 -8.599876 	 0.865122 	 -8.599876 	 0.051424 
89417.437500 	 293.860138 	 3.820563e-03 	 1.103804 	 -7.575513 	 1.103804 	 -7.575513 	 0.058872 
87428.601562 	 293.631165 	 3.581839e-03 	 1.414612 	 -6.558093 	 1.414612 	 -6.558093 	 0.066142 
85301.398438 	 293.021759 	 3.476861e-03 	 1.732151 	 -5.586770 	 1.732151 	 -5.586770 	 0.072925 
83042.453125 	 292.065582 	 3.477229e-03 	 2.033381 	 -4.672063 	 2.033381 	 -4.672063 	 0.078894 
80660.781250 	 290.785767 	 3.502817e-03 	 2.301851 	 -3.820002 	 2.301851 	 -3.820002 	 0.083696 
78168.679688 	 289.204193 	 3.517512e-03 	 2.526867 	 -3.023082 	 2.526867 	 -3.023082 	 0.086985 
75578.210938 	 287.385223 	 3.439546e-03 	 2.687867 	 -2.236976 	 2.687867 	 -2.236976 	 0.088449 
72899.828125 	 285.424072 	 3.210155e-03 	 2.781242 	 -1.399742 	 2.781242 	 -1.399742 	 0.088366 
70145.468750 	 283.376678 	 2.899391e-03 	 2.792302 	 -0.478873 	 2.792302 	 -0.478873 	 0.087786 
67329.914062 	 281.241119 	 2.620819e-03 	 2.717119 	 0.487426 	 2.717119 	 0.487426 	 0.086722 
64467.347656 	 279.005829 	 2.315329e-03 	 2.589729 	 1.447120 	 2.589729 	 1.447120 	 0.085157 
61569.863281 	 276.649719 	 2.007420e-03 	 2.446215 	 2.424216 	 2.446215 	 2.424216 	 0.083086 
58650.253906 	 274.234283 	 1.693251e-03 	 2.321637 	 3.381585 	 2.321637 	 3.381585 	 0.080516 
55723.542969 	 271.631989 	 1.425995e-03 	 2.270425 	 4.191716 	 2.270425 	 4.191716 	 0.077468 
52812.289062 	 268.799622 	 1.229988e-03 	 2.285704 	 4.902865 	 2.285704 	 4.902865 	 0.073985 
49944.968750 	 265.744659 	 1.082049e-03 	 2.388203 	 5.564980 	 2.388203 	 5.564980 	 0.070134 
47149.625000 	 262.534332 	 9.251717e-04 	 2.610900 	 6.210648 	 2.610900 	 6.210648 	 0.066000 
44452.328125 	 259.258179 	 7.661786e-04 	 2.899788 	 6.917633 	 2.899788 	 6.917633 	 0.061675 
41877.273438 	 255.979202 	 6.169630e-04 	 3.158634 	 7.650903 	 3.158634 	 7.650903 	 0.057260 
39434.816406 	 252.756363 	 4.842633e-04 	 3.338287 	 8.366939 	 3.338287 	 8.366939 	 0.052831 
37121.199219 	 249.558105 	 3.786551e-04 	 3.476977 	 9.043525 	 3.476977 	 9.043525 	 0.048436 
34931.039062 	 246.350708 	 2.940272e-04 	 3.583491 	 9.689902 	 3.583491 	 9.689902 	 0.044112 
32858.558594 	 243.121552 	 2.247210e-04 	 3.673175 	 10.309344 	 3.673175 	 10.309344 	 0.039886 
30898.134766 	 239.956161 	 1.649307e-04 	 3.810448 	 10.845712 	 3.810448 	 10.845712 	 0.035780 
29044.386719 	 236.836426 	 1.162182e-04 	 4.069050 	 11.305822 	 4.069050 	 11.305822 	 0.031812 
27292.158203 	 233.747238 	 8.395623e-05 	 4.389029 	 11.794976 	 4.389029 	 11.794976 	 0.027991 
25636.527344 	 230.741516 	 6.259272e-05 	 4.576819 	 12.312450 	 4.576819 	 12.312450 	 0.024327 
24072.703125 	 227.795212 	 4.683408e-05 	 4.619872 	 12.889836 	 4.619872 	 12.889836 	 0.020824 
22596.193359 	 224.954620 	 3.462366e-05 	 4.634452 	 13.508578 	 4.634452 	 13.508578 	 0.017484 
21202.607422 	 222.219009 	 2.564904e-05 	 4.655102 	 14.047903 	 4.655102 	 14.047903 	 0.014308 
19887.812500 	 219.611771 	 1.895241e-05 	 4.655729 	 14.359591 	 4.655729 	 14.359591 	 0.011294 
18647.785156 	 217.084366 	 1.416802e-05 	 4.637072 	 14.342795 	 4.637072 	 14.342795 	 0.008439 
17478.744141 	 214.649887 	 1.075997e-05 	 4.616647 	 13.964667 	 4.616647 	 13.964667 	 0.005739 
16376.997070 	 212.353928 	 8.224182e-06 	 4.544694 	 13.312212 	 4.544694 	 13.312212 	 0.003190 
15339.079102 	 210.283127 	 6.522796e-06 	 4.339303 	 12.473124 	 4.339303 	 12.473124 	 0.000786 
14340.723633 	 208.460739 	 5.448261e-06 	 3.899838 	 11.507342 	 3.899838 	 11.507342 	 0.000000 
13350.974609 	 206.948502 	 4.637424e-06 	 3.238171 	 10.420239 	 3.238171 	 10.420239 	 0.000000 
12361.459961 	 205.897888 	 4.052846e-06 	 2.339800 	 9.148067 	 2.339800 	 9.148067 	 0.000000 
11372.166016 	 205.345367 	 3.519319e-06 	 1.046726 	 7.783111 	 1.046726 	 7.783111 	 0.000000 
10383.049805 	 205.462784 	 3.046429e-06 	 -0.529889 	 6.471846 	 -0.529889 	 6.471846 	 0.000000 
9394.063477 	 206.109177 	 2.574663e-06 	 -2.211564 	 5.250231 	 -2.211564 	 5.250231 	 0.000000 
8405.150391 	 207.238220 	 2.223448e-06 	 -3.934233 	 4.002090 	 -3.934233 	 4.002090 	 0.000000 
7416.283691 	 208.727173 	 2.020993e-06 	 -5.635286 	 2.873938 	 -5.635286 	 2.873938 	 0.000000 
6427.467285 	 210.691681 	 1.937647e-06 	 -7.366197 	 1.944483 	 -7.366197 	 1.944483 	 0.000000 
5438.624023 	 213.063568 	 1.933563e-06 	 -9.021182 	 1.127535 	 -9.021182 	 1.127535 	 0.000000 
4449.764648 	 215.552765 	 1.975038e-06 	 -10.733311 	 0.560528 	 -10.733311 	 0.560528 	 0.000000 
3460.937256 	 218.216278 	 2.070470e-06 	 -12.339474 	 0.186161 	 -12.339474 	 0.186161 	 0.000000 
2472.098633 	 222.066376 	 2.222090e-06 	 -14.651235 	 -0.138489 	 -14.651235 	 -0.138489 	 0.000000 
1483.252686 	 228.631546 	 2.456264e-06 	 -16.508650 	 -0.182913 	 -16.508650 	 -0.182913 	 0.000000 
494.419800 	 239.839996 	 2.848380e-06 	 -27.235006 	 0.173196 	 -27.235006 	 0.173196 	 0.000000
