! $Id$
! The vertical coordinate is entered in the first column as height (z[m]) or pressure (Press[Pa]).
! Temperature can be entered as liquid water potential temperature (thlm[K]), potential temperature (thm[K]), or absolute temperature(T[K]).
! Prescribed, time-independent vertical velocity can be entered as velocity (w[m/s]) or pressure velocity ('omega[Pa/s]')
! If vertical velocity is time dependent, insert missing values throughout column.
! In all cases, missing values are denoted by -999.9
Press[Pa]	T[K]		'rt[kg/kg]'	'u[m/s]'		'v[m/s]'		'ug[m/s]'		'vg[m/s]'		'omega[Pa/s]'
101407.8	299.2600	0.01717000	-7.383384	-2.742438	-7.383384	-2.742438	0
101282.070312 	 300.039978 	 1.778233e-02 	 -7.383384 	 -2.742438 	 -7.383384 	 -2.742438 	 0.000188 
100991.484375 	 299.754791 	 1.750561e-02 	 -7.953857 	 -2.937611 	 -7.953857 	 -2.937611 	 0.000621 
100588.804688 	 299.400940 	 1.736841e-02 	 -8.246347 	 -3.026433 	 -8.246347 	 -3.026433 	 0.001221 
100059.789062 	 298.950165 	 1.727067e-02 	 -8.466265 	 -3.083342 	 -8.466265 	 -3.083342 	 0.002009 
99405.718750 	 298.396545 	 1.717808e-02 	 -8.673925 	 -3.122722 	 -8.673925 	 -3.122722 	 0.002980 
98637.898438 	 297.743774 	 1.706361e-02 	 -8.896504 	 -3.147085 	 -8.896504 	 -3.147085 	 0.004114 
97741.171875 	 297.021057 	 1.685241e-02 	 -9.137125 	 -3.137057 	 -9.137125 	 -3.137057 	 0.005428 
96689.820312 	 296.249603 	 1.651972e-02 	 -9.339128 	 -3.043334 	 -9.339128 	 -3.043334 	 0.006948 
95480.664062 	 295.549469 	 1.599698e-02 	 -9.405385 	 -2.857867 	 -9.405385 	 -2.857867 	 0.008662 
94114.265625 	 294.831390 	 1.526797e-02 	 -9.413195 	 -2.624303 	 -9.413195 	 -2.624303 	 0.010545 
92590.726562 	 294.089172 	 1.446104e-02 	 -9.342834 	 -2.357168 	 -9.342834 	 -2.357168 	 0.012561 
90910.695312 	 293.327240 	 1.365759e-02 	 -9.131537 	 -2.079302 	 -9.131537 	 -2.079302 	 0.014665 
89078.062500 	 292.550079 	 1.276845e-02 	 -8.812657 	 -1.814944 	 -8.812657 	 -1.814944 	 0.016792 
87100.515625 	 291.887177 	 1.163030e-02 	 -8.481424 	 -1.557124 	 -8.481424 	 -1.557124 	 0.018863 
84985.304688 	 291.642853 	 9.824328e-03 	 -8.072625 	 -1.244235 	 -8.072625 	 -1.244235 	 0.020789 
82739.171875 	 291.329224 	 8.164589e-03 	 -7.629906 	 -0.978730 	 -7.629906 	 -0.978730 	 0.022474 
80370.953125 	 290.783386 	 6.554078e-03 	 -7.215718 	 -0.720148 	 -7.215718 	 -0.720148 	 0.023816 
77892.914062 	 289.938538 	 5.385787e-03 	 -6.824178 	 -0.514058 	 -6.824178 	 -0.514058 	 0.024715 
75316.914062 	 288.700409 	 4.648312e-03 	 -6.490789 	 -0.436377 	 -6.490789 	 -0.436377 	 0.025081 
72653.500000 	 287.286224 	 4.074777e-03 	 -6.143768 	 -0.372243 	 -6.143768 	 -0.372243 	 0.025038 
69914.335938 	 285.822968 	 3.413404e-03 	 -5.711892 	 -0.292069 	 -5.711892 	 -0.292069 	 0.024863 
67114.203125 	 284.180054 	 2.907997e-03 	 -5.264827 	 -0.209770 	 -5.264827 	 -0.209770 	 0.024553 
64267.140625 	 282.345367 	 2.524669e-03 	 -4.806037 	 -0.137651 	 -4.806037 	 -0.137651 	 0.024101 
61385.097656 	 280.408112 	 2.071790e-03 	 -4.458744 	 -0.126701 	 -4.458744 	 -0.126701 	 0.023509 
58480.820312 	 278.527466 	 1.540936e-03 	 -4.206715 	 -0.269629 	 -4.206715 	 -0.269629 	 0.022776 
55569.269531 	 276.704193 	 1.082444e-03 	 -3.915593 	 -0.546893 	 -3.915593 	 -0.546893 	 0.021909 
52672.777344 	 274.720276 	 8.235692e-04 	 -3.540468 	 -0.876780 	 -3.540468 	 -0.876780 	 0.020920 
49819.691406 	 272.361206 	 6.938319e-04 	 -3.034739 	 -1.113472 	 -3.034739 	 -1.113472 	 0.019829 
47037.890625 	 269.621124 	 6.547490e-04 	 -2.402751 	 -1.171724 	 -2.402751 	 -1.171724 	 0.018659 
44353.277344 	 266.620361 	 6.631553e-04 	 -1.740857 	 -0.922362 	 -1.740857 	 -0.922362 	 0.017435 
41790.007812 	 263.498993 	 6.319562e-04 	 -1.144143 	 -0.456478 	 -1.144143 	 -0.456478 	 0.016186 
39358.328125 	 260.307098 	 5.742753e-04 	 -0.382404 	 -0.115287 	 -0.382404 	 -0.115287 	 0.014934 
37054.527344 	 257.077789 	 5.134857e-04 	 0.599779 	 0.045426 	 0.599779 	 0.045426 	 0.013692 
34873.328125 	 253.815048 	 4.493718e-04 	 1.777708 	 0.164186 	 1.777708 	 0.164186 	 0.012471 
32808.937500 	 250.249237 	 3.674357e-04 	 3.035638 	 0.330292 	 3.035638 	 0.330292 	 0.011277 
30855.802734 	 246.762527 	 2.931947e-04 	 4.160742 	 0.535085 	 4.160742 	 0.535085 	 0.010117 
29008.595703 	 243.265854 	 2.204965e-04 	 5.153809 	 0.675300 	 5.153809 	 0.675300 	 0.008995 
27262.158203 	 239.750351 	 1.698195e-04 	 5.904598 	 0.834689 	 5.904598 	 0.834689 	 0.007915 
25611.630859 	 236.225739 	 1.346681e-04 	 6.494617 	 1.021355 	 6.494617 	 1.021355 	 0.006880 
24052.324219 	 232.702637 	 1.074392e-04 	 7.062169 	 1.156800 	 7.062169 	 1.156800 	 0.005889 
22579.699219 	 229.234314 	 8.532724e-05 	 7.656243 	 1.176980 	 7.656243 	 1.176980 	 0.004945 
21189.476562 	 225.829315 	 6.707114e-05 	 8.205837 	 1.135258 	 8.205837 	 1.135258 	 0.004047 
19877.517578 	 222.524902 	 5.243324e-05 	 8.617255 	 1.138404 	 8.617255 	 1.138404 	 0.003195 
18639.880859 	 219.340485 	 4.046542e-05 	 8.840633 	 1.166874 	 8.840633 	 1.166874 	 0.002387 
17472.789062 	 216.325226 	 3.074510e-05 	 8.914103 	 1.220971 	 8.914103 	 1.220971 	 0.001623 
16372.634766 	 213.438431 	 2.354430e-05 	 8.952281 	 1.342099 	 8.952281 	 1.342099 	 0.000901 
15335.975586 	 210.637344 	 1.794449e-05 	 8.949812 	 1.484020 	 8.949812 	 1.484020 	 0.000221 
14338.591797 	 207.867935 	 1.373681e-05 	 8.779057 	 1.513166 	 8.779057 	 1.513166 	 0.000000 
13349.600586 	 205.162292 	 1.043796e-05 	 8.258027 	 1.478485 	 8.258027 	 1.478485 	 0.000000 
12360.649414 	 202.576691 	 7.977412e-06 	 7.073876 	 1.430915 	 7.073876 	 1.430915 	 0.000000 
11371.742188 	 200.450882 	 6.172825e-06 	 5.069297 	 1.432313 	 5.069297 	 1.432313 	 0.000000 
10382.858398 	 199.616364 	 5.150398e-06 	 1.904133 	 1.226506 	 1.904133 	 1.226506 	 0.000000 
9393.996094 	 200.031006 	 4.452868e-06 	 -2.713487 	 1.003250 	 -2.713487 	 1.003250 	 0.000000 
8405.130859 	 202.214355 	 3.860014e-06 	 -7.490548 	 1.084026 	 -7.490548 	 1.084026 	 0.000000 
7416.283203 	 204.973862 	 3.233452e-06 	 -11.571074 	 0.948852 	 -11.571074 	 0.948852 	 0.000000 
6427.467285 	 207.394119 	 2.595456e-06 	 -14.482954 	 0.684623 	 -14.482954 	 0.684623 	 0.000000 
5438.624023 	 209.454361 	 2.134614e-06 	 -16.945950 	 0.384143 	 -16.945950 	 0.384143 	 0.000000 
4449.764648 	 212.113541 	 1.881971e-06 	 -19.944902 	 0.199135 	 -19.944902 	 0.199135 	 0.000000 
3460.937256 	 215.275009 	 1.724240e-06 	 -23.547865 	 0.251823 	 -23.547865 	 0.251823 	 0.000000 
2472.098633 	 218.858292 	 1.625080e-06 	 -27.675425 	 -0.199387 	 -27.675425 	 -0.199387 	 0.000000 
1483.252686 	 224.159912 	 1.621254e-06 	 -28.825773 	 -0.094121 	 -28.825773 	 -0.094121 	 0.000000 
494.419800 	 233.586609 	 1.780290e-06 	 -28.835665 	 -0.447069 	 -28.835665 	 -0.447069 	 0.000000
