! $Id$
! The vertical coordinate is entered in the first column as height (z[m]) or pressure (Press[Pa]).
! Temperature can be entered as liquid water potential temperature (thlm[K]), potential temperature (thm[K]), or absolute temperature(T[K]).
! Prescribed, time-independent vertical velocity can be entered as velocity (w[m/s]) or pressure velocity ('omega[Pa/s]')
! If vertical velocity is time dependent, insert missing values throughout column.
! In all cases, missing values are denoted by -999.9
Press[Pa]	T[K]		'rt[kg/kg]'	'u[m/s]'		'v[m/s]'		'ug[m/s]'		'vg[m/s]'		'omega[Pa/s]'
102078.5	 292.9600	 0.01013000	 -1.764706	 -6.463328	 -1.764706	 -6.463328	 0.0
101967.226562 	 293.128357 	 1.203340e-02 	 -1.764706 	 -6.463328 	 -1.764706 	 -6.463328 	 0.000313 
101674.687500 	 292.835968 	 1.187239e-02 	 -1.902147 	 -6.933005 	 -1.902147 	 -6.933005 	 0.001136 
101269.070312 	 292.482178 	 1.179823e-02 	 -1.975330 	 -7.169055 	 -1.975330 	 -7.169055 	 0.002276 
100736.000000 	 292.031555 	 1.174850e-02 	 -2.031027 	 -7.333648 	 -2.031027 	 -7.333648 	 0.003773 
100076.562500 	 291.486786 	 1.170197e-02 	 -2.084932 	 -7.471480 	 -2.084932 	 -7.471480 	 0.005619 
99302.078125 	 290.861053 	 1.164365e-02 	 -2.138605 	 -7.586833 	 -2.138605 	 -7.586833 	 0.007777 
98397.476562 	 290.181458 	 1.151431e-02 	 -2.196950 	 -7.677576 	 -2.196950 	 -7.677576 	 0.010277 
97336.523438 	 289.516571 	 1.123506e-02 	 -2.278764 	 -7.747193 	 -2.278764 	 -7.747193 	 0.013173 
96116.117188 	 289.269135 	 1.053747e-02 	 -2.396558 	 -7.736355 	 -2.396558 	 -7.736355 	 0.016442 
94736.945312 	 289.956268 	 9.130601e-03 	 -2.496455 	 -7.473561 	 -2.496455 	 -7.473561 	 0.020035 
93198.960938 	 291.378723 	 7.466021e-03 	 -2.589348 	 -7.043298 	 -2.589348 	 -7.043298 	 0.023891 
91502.812500 	 293.144379 	 5.538870e-03 	 -2.532497 	 -6.415329 	 -2.532497 	 -6.415329 	 0.027921 
89652.632812 	 293.962341 	 4.498093e-03 	 -2.215821 	 -5.834288 	 -2.215821 	 -5.834288 	 0.032009 
87655.992188 	 294.047546 	 4.263277e-03 	 -1.719782 	 -5.277780 	 -1.719782 	 -5.277780 	 0.036005 
85520.437500 	 293.594543 	 4.267195e-03 	 -1.177887 	 -4.755561 	 -1.177887 	 -4.755561 	 0.039744 
83252.664062 	 292.723877 	 4.367314e-03 	 -0.642503 	 -4.206623 	 -0.642503 	 -4.206623 	 0.043046 
80861.585938 	 291.518463 	 4.412248e-03 	 -0.143203 	 -3.599416 	 -0.143203 	 -3.599416 	 0.045721 
78359.750000 	 290.056030 	 4.294878e-03 	 0.305991 	 -2.911515 	 0.305991 	 -2.911515 	 0.047580 
75759.242188 	 288.361176 	 4.054677e-03 	 0.695325 	 -2.161942 	 0.695325 	 -2.161942 	 0.048451 
73070.531250 	 286.479736 	 3.717108e-03 	 1.030693 	 -1.381633 	 1.030693 	 -1.381633 	 0.048436 
70305.648438 	 284.541718 	 3.224497e-03 	 1.357024 	 -0.568422 	 1.357024 	 -0.568422 	 0.048132 
67479.390625 	 282.592499 	 2.748600e-03 	 1.759508 	 0.256053 	 1.759508 	 0.256053 	 0.047561 
64606.128906 	 280.510864 	 2.458910e-03 	 2.209378 	 1.061245 	 2.209378 	 1.061245 	 0.046714 
61697.882812 	 278.287201 	 2.154913e-03 	 2.628213 	 1.777672 	 2.628213 	 1.777672 	 0.045587 
58767.621094 	 276.034424 	 1.740481e-03 	 2.904488 	 2.428751 	 2.904488 	 2.428751 	 0.044184 
55830.453125 	 273.760834 	 1.391244e-03 	 3.078990 	 3.085278 	 3.078990 	 3.085278 	 0.042518 
52908.933594 	 271.291962 	 1.170964e-03 	 3.287023 	 3.811831 	 3.287023 	 3.811831 	 0.040611 
50031.796875 	 268.624695 	 1.056477e-03 	 3.612160 	 4.665366 	 3.612160 	 4.665366 	 0.038501 
47227.078125 	 265.781982 	 9.276437e-04 	 4.106247 	 5.534060 	 4.106247 	 5.534060 	 0.036233 
44520.949219 	 262.836517 	 7.550842e-04 	 4.748359 	 6.272646 	 4.748359 	 6.272646 	 0.033861 
41937.781250 	 259.804260 	 5.953104e-04 	 5.295829 	 6.860781 	 5.295829 	 6.860781 	 0.031437 
39487.859375 	 256.794403 	 4.607958e-04 	 5.722164 	 7.331815 	 5.722164 	 7.331815 	 0.029005 
37167.378906 	 253.884369 	 3.597005e-04 	 6.149948 	 7.799759 	 6.149948 	 7.799759 	 0.026592 
34971.035156 	 250.972122 	 2.929407e-04 	 6.574686 	 8.305156 	 6.574686 	 8.305156 	 0.024217 
32892.953125 	 247.635040 	 2.341078e-04 	 6.937899 	 8.823817 	 6.937899 	 8.823817 	 0.021897 
30927.472656 	 244.332184 	 1.877694e-04 	 7.223833 	 9.364826 	 7.223833 	 9.364826 	 0.019642 
29069.203125 	 241.068069 	 1.474672e-04 	 7.478463 	 9.909716 	 7.478463 	 9.909716 	 0.017462 
27312.953125 	 237.856186 	 1.135439e-04 	 7.688785 	 10.435421 	 7.688785 	 10.435421 	 0.015364 
25653.757812 	 234.741287 	 8.660520e-05 	 7.799604 	 10.953671 	 7.799604 	 10.953671 	 0.013352 
24086.828125 	 231.707901 	 6.506134e-05 	 7.799360 	 11.498331 	 7.799360 	 11.498331 	 0.011429 
22607.609375 	 228.797470 	 4.850750e-05 	 7.755764 	 12.078723 	 7.755764 	 12.078723 	 0.009595 
21211.714844 	 226.029587 	 3.615713e-05 	 7.728041 	 12.573542 	 7.728041 	 12.573542 	 0.007852 
19894.929688 	 223.438110 	 2.711736e-05 	 7.684403 	 12.850131 	 7.684403 	 12.850131 	 0.006198 
18653.277344 	 221.008606 	 2.068671e-05 	 7.573258 	 12.960802 	 7.573258 	 12.960802 	 0.004631 
17482.861328 	 218.752548 	 1.582652e-05 	 7.435286 	 12.951554 	 7.435286 	 12.951554 	 0.003150 
16380.028320 	 216.642548 	 1.223544e-05 	 7.276660 	 12.724938 	 7.276660 	 12.724938 	 0.001752 
15341.242188 	 214.662277 	 9.583372e-06 	 6.790815 	 12.150321 	 6.790815 	 12.150321 	 0.000433 
14342.193359 	 212.791946 	 7.834222e-06 	 5.794562 	 11.343320 	 5.794562 	 11.343320 	 0.000000 
13351.916016 	 211.083191 	 6.712038e-06 	 4.435431 	 10.498372 	 4.435431 	 10.498372 	 0.000000 
12362.024414 	 209.710007 	 6.079764e-06 	 2.918778 	 9.581617 	 2.918778 	 9.581617 	 0.000000 
11372.455078 	 208.870346 	 5.527819e-06 	 1.319402 	 8.378739 	 1.319402 	 8.378739 	 0.000000 
10383.190430 	 208.843323 	 4.898504e-06 	 -0.516244 	 6.902999 	 -0.516244 	 6.902999 	 0.000000 
9394.112305 	 208.956757 	 3.872189e-06 	 -2.500829 	 5.508637 	 -2.500829 	 5.508637 	 0.000000 
8405.158203 	 209.356995 	 3.035556e-06 	 -4.514142 	 4.245561 	 -4.514142 	 4.245561 	 0.000000 
7416.283691 	 210.176239 	 2.542149e-06 	 -6.501903 	 3.046999 	 -6.501903 	 3.046999 	 0.000000 
6427.467285 	 211.477615 	 2.243027e-06 	 -8.507687 	 1.991872 	 -8.507687 	 1.991872 	 0.000000 
5438.624023 	 213.158493 	 2.048497e-06 	 -10.338009 	 1.182673 	 -10.338009 	 1.182673 	 0.000000 
4449.764648 	 215.061203 	 1.917764e-06 	 -12.219547 	 0.650525 	 -12.219547 	 0.650525 	 0.000000 
3460.937256 	 217.072754 	 1.845344e-06 	 -13.718453 	 0.279872 	 -13.718453 	 0.279872 	 0.000000 
2472.098633 	 220.279068 	 1.840196e-06 	 -15.853921 	 -0.135159 	 -15.853921 	 -0.135159 	 0.000000 
1483.252686 	 226.076248 	 1.903924e-06 	 -17.743120 	 -0.291773 	 -17.743120 	 -0.291773 	 0.000000 
494.419800 	 236.417328 	 2.062636e-06 	 -28.888086 	 0.083573 	 -28.888086 	 0.083573 	 0.000000
