! $Id$
! The vertical coordinate is entered in the first column as height (z[m]) or pressure (Press[Pa]).
! Temperature can be entered as liquid water potential temperature (thlm[K]), potential temperature (thm[K]), or absolute temperature(T[K]).
! Prescribed, time-independent vertical velocity can be entered as velocity (w[m/s]) or pressure velocity ('omega[Pa/s]')
! If vertical velocity is time dependent, insert missing values throughout column.
! In all cases, missing values are denoted by -999.9
Press[Pa]	T[K]		'rt[kg/kg]'	'u[m/s]'		'v[m/s]'		'ug[m/s]'		'vg[m/s]'		'omega[Pa/s]'
102078.5	 290.9600	 0.01013000	 -1.764706	 -6.463328	 -1.764706	 -6.463328	 0.0
101967.226562 	 291.128357 	 1.059256e-02 	 -1.764706 	 -6.463328 	 -1.764706 	 -6.463328 	 0.000353 
101674.687500 	 290.835968 	 1.044831e-02 	 -1.902147 	 -6.933005 	 -1.902147 	 -6.933005 	 0.001282 
101269.070312 	 290.482178 	 1.037999e-02 	 -1.975330 	 -7.169055 	 -1.975330 	 -7.169055 	 0.002569 
100736.000000 	 290.031555 	 1.033232e-02 	 -2.031027 	 -7.333648 	 -2.031027 	 -7.333648 	 0.004258 
100076.562500 	 289.486786 	 1.028664e-02 	 -2.084932 	 -7.471480 	 -2.084932 	 -7.471480 	 0.006341 
99302.078125 	 288.861053 	 1.022987e-02 	 -2.138605 	 -7.586833 	 -2.138605 	 -7.586833 	 0.008776 
98397.476562 	 288.181458 	 1.011024e-02 	 -2.196950 	 -7.677576 	 -2.196950 	 -7.677576 	 0.011597 
97336.523438 	 287.516571 	 9.859212e-03 	 -2.278764 	 -7.747193 	 -2.278764 	 -7.747193 	 0.014865 
96116.117188 	 287.261383 	 9.240088e-03 	 -2.396558 	 -7.736355 	 -2.396558 	 -7.736355 	 0.018553 
94736.945312 	 287.925323 	 7.998668e-03 	 -2.496455 	 -7.473561 	 -2.496455 	 -7.473561 	 0.022608 
93198.960938 	 289.323761 	 6.537764e-03 	 -2.589348 	 -7.043298 	 -2.589348 	 -7.043298 	 0.026959 
91502.812500 	 291.065857 	 4.849586e-03 	 -2.532497 	 -6.415329 	 -2.532497 	 -6.415329 	 0.031507 
89652.632812 	 291.857849 	 3.934071e-03 	 -2.215821 	 -5.834288 	 -2.215821 	 -5.834288 	 0.036119 
87655.992188 	 291.913208 	 3.721524e-03 	 -1.719782 	 -5.277780 	 -1.719782 	 -5.277780 	 0.040628 
85520.437500 	 291.425323 	 3.714904e-03 	 -1.177887 	 -4.755561 	 -1.177887 	 -4.755561 	 0.044847 
83252.664062 	 290.513519 	 3.788855e-03 	 -0.642503 	 -4.206623 	 -0.642503 	 -4.206623 	 0.048574 
80861.585938 	 289.259552 	 3.811365e-03 	 -0.143203 	 -3.599416 	 -0.143203 	 -3.599416 	 0.051593 
78359.750000 	 287.740021 	 3.690755e-03 	 0.305991 	 -2.911515 	 0.305991 	 -2.911515 	 0.053690 
75759.242188 	 285.978149 	 3.462769e-03 	 0.695325 	 -2.161942 	 0.695325 	 -2.161942 	 0.054673 
73070.531250 	 284.018433 	 3.151285e-03 	 1.030693 	 -1.381633 	 1.030693 	 -1.381633 	 0.054656 
70305.648438 	 281.991211 	 2.710893e-03 	 1.357024 	 -0.568422 	 1.357024 	 -0.568422 	 0.054313 
67479.390625 	 279.941589 	 2.289154e-03 	 1.759508 	 0.256053 	 1.759508 	 0.256053 	 0.053669 
64606.128906 	 277.744873 	 2.025659e-03 	 2.209378 	 1.061245 	 2.209378 	 1.061245 	 0.052712 
61697.882812 	 275.389343 	 1.752840e-03 	 2.628213 	 1.777672 	 2.628213 	 1.777672 	 0.051441 
58767.621094 	 272.988800 	 1.395561e-03 	 2.904488 	 2.428751 	 2.904488 	 2.428751 	 0.049858 
55830.453125 	 270.550598 	 1.097643e-03 	 3.078990 	 3.085278 	 3.078990 	 3.085278 	 0.047978 
52908.933594 	 267.894409 	 9.065709e-04 	 3.287023 	 3.811831 	 3.287023 	 3.811831 	 0.045826 
50031.796875 	 265.016205 	 8.001997e-04 	 3.612160 	 4.665366 	 3.612160 	 4.665366 	 0.043445 
47227.078125 	 261.940369 	 6.852034e-04 	 4.106247 	 5.534060 	 4.106247 	 5.534060 	 0.040886 
44520.949219 	 258.744415 	 5.423331e-04 	 4.748359 	 6.272646 	 4.748359 	 6.272646 	 0.038209 
41937.781250 	 255.449432 	 4.146358e-04 	 5.295829 	 6.860781 	 5.295829 	 6.860781 	 0.035474 
39487.859375 	 252.172379 	 3.106280e-04 	 5.722164 	 7.331815 	 5.722164 	 7.331815 	 0.032730 
37167.378906 	 248.995270 	 2.343657e-04 	 6.149948 	 7.799759 	 6.149948 	 7.799759 	 0.030007 
34971.035156 	 245.822922 	 1.842720e-04 	 6.574686 	 8.305156 	 6.574686 	 8.305156 	 0.027327 
32892.953125 	 242.623077 	 1.470888e-04 	 6.937899 	 8.823817 	 6.937899 	 8.823817 	 0.024708 
30927.472656 	 239.450043 	 1.177767e-04 	 7.223833 	 9.364826 	 7.223833 	 9.364826 	 0.022164 
29069.203125 	 236.308655 	 9.229892e-05 	 7.478463 	 9.909716 	 7.478463 	 9.909716 	 0.019705 
27312.953125 	 233.212753 	 7.088484e-05 	 7.688785 	 10.435421 	 7.688785 	 10.435421 	 0.017337 
25653.757812 	 230.207443 	 5.391814e-05 	 7.799604 	 10.953671 	 7.799604 	 10.953671 	 0.015067 
24086.828125 	 227.277542 	 4.038344e-05 	 7.799360 	 11.498331 	 7.799360 	 11.498331 	 0.012896 
22607.609375 	 224.464798 	 3.001641e-05 	 7.755764 	 12.078723 	 7.755764 	 12.078723 	 0.010828 
21211.714844 	 221.789108 	 2.230726e-05 	 7.728041 	 12.573542 	 7.728041 	 12.573542 	 0.008860 
19894.929688 	 219.284607 	 1.668489e-05 	 7.684403 	 12.850131 	 7.684403 	 12.850131 	 0.006994 
18653.277344 	 216.937103 	 1.269689e-05 	 7.573258 	 12.960802 	 7.573258 	 12.960802 	 0.005226 
17482.861328 	 214.758347 	 9.693273e-06 	 7.435286 	 12.951554 	 7.435286 	 12.951554 	 0.003555 
16380.028320 	 212.721176 	 7.479741e-06 	 7.276660 	 12.724938 	 7.276660 	 12.724938 	 0.001977 
15341.242188 	 210.809509 	 5.848523e-06 	 6.790815 	 12.150321 	 6.790815 	 12.150321 	 0.000489 
14342.193359 	 209.005173 	 4.774295e-06 	 5.794562 	 11.343320 	 5.794562 	 11.343320 	 0.000000 
13351.916016 	 207.361816 	 4.088135e-06 	 4.435431 	 10.498372 	 4.435431 	 10.498372 	 0.000000 
12362.024414 	 206.054001 	 3.708099e-06 	 2.918778 	 9.581617 	 2.918778 	 9.581617 	 0.000000 
11372.455078 	 205.279709 	 3.386390e-06 	 1.319402 	 8.378739 	 1.319402 	 8.378739 	 0.000000 
10383.190430 	 205.318008 	 3.027830e-06 	 -0.516244 	 6.902999 	 -0.516244 	 6.902999 	 0.000000 
9394.112305 	 205.850586 	 2.538252e-06 	 -2.500829 	 5.508637 	 -2.500829 	 5.508637 	 0.000000 
8405.158203 	 206.893646 	 2.177456e-06 	 -4.514142 	 4.245561 	 -4.514142 	 4.245561 	 0.000000 
7416.283691 	 208.355652 	 1.994845e-06 	 -6.501903 	 3.046999 	 -6.501903 	 3.046999 	 0.000000 
6427.467285 	 210.299759 	 1.922756e-06 	 -8.507687 	 1.991872 	 -8.507687 	 1.991872 	 0.000000 
5438.624023 	 212.623383 	 1.912910e-06 	 -10.338009 	 1.182673 	 -10.338009 	 1.182673 	 0.000000 
4449.764648 	 215.168854 	 1.943735e-06 	 -12.219547 	 0.650525 	 -12.219547 	 0.650525 	 0.000000 
3460.937256 	 217.823151 	 2.022134e-06 	 -13.718453 	 0.279872 	 -13.718453 	 0.279872 	 0.000000 
2472.098633 	 221.672211 	 2.167775e-06 	 -15.853921 	 -0.135159 	 -15.853921 	 -0.135159 	 0.000000 
1483.252686 	 228.112137 	 2.386476e-06 	 -17.743120 	 -0.291773 	 -17.743120 	 -0.291773 	 0.000000 
494.419800 	 239.095963 	 2.738439e-06 	 -28.888086 	 0.083573 	 -28.888086 	 0.083573 	 0.000000
