! $Id$
! The vertical coordinate is entered in the first column as height (z[m]) or pressure (Press[Pa]).
! Temperature can be entered as liquid water potential temperature (thlm_f[K\s]), potential temperature (thm_f[K\s]), or absolute temperature(T_f[K\s]).
! Prescribed, time-independent vertical velocity can be entered as velocity (w[m/s]) or pressure velocity (omega[Pa\s] or omega[mb\hr])
! In all cases, missing values are denoted by -999.9
! The blanks are filled first vertically and then across time. This means that if you have a column that is completely filled with missing values
! it will be replaced with an interpolation of the values before and after.
! The format of this file is:
! [Variable list ...]
! [Time of Profile] [# of elements in profile]
! [Vertical Coordinate] [Data ...]
! [Vertical Coordinate] [Data ...]
! ...
! [Time of Profile] [# of elements in profile]
! [Vertical Coordinate] [Data ...]
! [Vertical Coordinate] [Data ...]
! ...
!
Press[Pa]   	T_f[K\s]       	rtm_f[kg\kg\s]  'um_ref[m/s]'  	vm_ref[m\s]   	um_f[m\s^2]   	vm_f[m\s^2]   	w[m/s]   	ug[m\s]   	vg[m/s]   
0.0         62
101686.750000 	 -1.279885e-05 	 -8.250319e-09 	 -999.9 	 -999.9 	 -999.9 	 -999.9 	 -999.9 	 -999.9 	 -999.9 
101395.031250 	 -1.279885e-05 	 -8.250319e-09 	 -999.9 	 -999.9 	 -999.9 	 -999.9 	 -999.9 	 -999.9 	 -999.9 
100990.609375 	 -1.279885e-05 	 -8.250319e-09 	 -999.9 	 -999.9 	 -999.9 	 -999.9 	 -999.9 	 -999.9 	 -999.9 
100459.210938 	 -1.279885e-05 	 -8.250319e-09 	 -999.9 	 -999.9 	 -999.9 	 -999.9 	 -999.9 	 -999.9 	 -999.9 
99802.007812 	 -1.279885e-05 	 -8.250319e-09 	 -999.9 	 -999.9 	 -999.9 	 -999.9 	 -999.9 	 -999.9 	 -999.9 
99030.156250 	 -1.279885e-05 	 -8.250319e-09 	 -999.9 	 -999.9 	 -999.9 	 -999.9 	 -999.9 	 -999.9 	 -999.9 
98128.828125 	 -1.279885e-05 	 -8.250319e-09 	 -999.9 	 -999.9 	 -999.9 	 -999.9 	 -999.9 	 -999.9 	 -999.9 
97071.820312 	 -1.279885e-05 	 -8.250319e-09 	 -999.9 	 -999.9 	 -999.9 	 -999.9 	 -999.9 	 -999.9 	 -999.9 
95856.031250 	 -1.279885e-05 	 -8.250319e-09 	 -999.9 	 -999.9 	 -999.9 	 -999.9 	 -999.9 	 -999.9 	 -999.9 
94482.031250 	 -1.279885e-05 	 -8.250319e-09 	 -999.9 	 -999.9 	 -999.9 	 -999.9 	 -999.9 	 -999.9 	 -999.9 
92949.953125 	 -1.279885e-05 	 -8.250319e-09 	 -999.9 	 -999.9 	 -999.9 	 -999.9 	 -999.9 	 -999.9 	 -999.9 
91260.437500 	 -1.279885e-05 	 -8.250319e-09 	 -999.9 	 -999.9 	 -999.9 	 -999.9 	 -999.9 	 -999.9 	 -999.9 
89417.437500 	 -1.334052e-05 	 -7.832861e-09 	 -999.9 	 -999.9 	 -999.9 	 -999.9 	 -999.9 	 -999.9 	 -999.9 
87428.601562 	 -1.518974e-05 	 -6.407685e-09 	 -999.9 	 -999.9 	 -999.9 	 -999.9 	 -999.9 	 -999.9 	 -999.9 
85301.398438 	 -1.716762e-05 	 -4.883357e-09 	 -999.9 	 -999.9 	 -999.9 	 -999.9 	 -999.9 	 -999.9 	 -999.9 
83042.453125 	 -1.926799e-05 	 -3.264623e-09 	 -999.9 	 -999.9 	 -999.9 	 -999.9 	 -999.9 	 -999.9 	 -999.9 
80660.781250 	 -2.148248e-05 	 -1.557946e-09 	 -999.9 	 -999.9 	 -999.9 	 -999.9 	 -999.9 	 -999.9 	 -999.9 
78168.679688 	 -2.047563e-05 	 4.869079e-12 	 -999.9 	 -999.9 	 -999.9 	 -999.9 	 -999.9 	 -999.9 	 -999.9 
75578.210938 	 -2.023224e-05 	 4.527673e-09 	 -999.9 	 -999.9 	 -999.9 	 -999.9 	 -999.9 	 -999.9 	 -999.9 
72899.828125 	 -2.186100e-05 	 8.889494e-09 	 -999.9 	 -999.9 	 -999.9 	 -999.9 	 -999.9 	 -999.9 	 -999.9 
70145.468750 	 -2.374074e-05 	 9.011690e-09 	 -999.9 	 -999.9 	 -999.9 	 -999.9 	 -999.9 	 -999.9 	 -999.9 
67329.914062 	 -2.478082e-05 	 8.460749e-09 	 -999.9 	 -999.9 	 -999.9 	 -999.9 	 -999.9 	 -999.9 	 -999.9 
64467.347656 	 -2.479509e-05 	 8.960844e-09 	 -999.9 	 -999.9 	 -999.9 	 -999.9 	 -999.9 	 -999.9 	 -999.9 
61569.863281 	 -2.582312e-05 	 8.894552e-09 	 -999.9 	 -999.9 	 -999.9 	 -999.9 	 -999.9 	 -999.9 	 -999.9 
58650.253906 	 -2.581737e-05 	 8.234440e-09 	 -999.9 	 -999.9 	 -999.9 	 -999.9 	 -999.9 	 -999.9 	 -999.9 
55723.542969 	 -2.346990e-05 	 6.119644e-09 	 -999.9 	 -999.9 	 -999.9 	 -999.9 	 -999.9 	 -999.9 	 -999.9 
52812.289062 	 -2.070673e-05 	 4.064632e-09 	 -999.9 	 -999.9 	 -999.9 	 -999.9 	 -999.9 	 -999.9 	 -999.9 
49944.968750 	 -1.806244e-05 	 3.556409e-09 	 -999.9 	 -999.9 	 -999.9 	 -999.9 	 -999.9 	 -999.9 	 -999.9 
47149.625000 	 -1.671892e-05 	 3.890090e-09 	 -999.9 	 -999.9 	 -999.9 	 -999.9 	 -999.9 	 -999.9 	 -999.9 
44452.328125 	 -1.576378e-05 	 3.806419e-09 	 -999.9 	 -999.9 	 -999.9 	 -999.9 	 -999.9 	 -999.9 	 -999.9 
41877.273438 	 -1.524452e-05 	 3.557650e-09 	 -999.9 	 -999.9 	 -999.9 	 -999.9 	 -999.9 	 -999.9 	 -999.9 
39434.816406 	 -1.372577e-05 	 3.008998e-09 	 -999.9 	 -999.9 	 -999.9 	 -999.9 	 -999.9 	 -999.9 	 -999.9 
37121.199219 	 -1.215794e-05 	 2.331106e-09 	 -999.9 	 -999.9 	 -999.9 	 -999.9 	 -999.9 	 -999.9 	 -999.9 
34931.039062 	 -3.103098e-06 	 2.043673e-09 	 -999.9 	 -999.9 	 -999.9 	 -999.9 	 -999.9 	 -999.9 	 -999.9 
32858.558594 	 1.210006e-06 	 1.801263e-09 	 -999.9 	 -999.9 	 -999.9 	 -999.9 	 -999.9 	 -999.9 	 -999.9 
30898.134766 	 5.806843e-07 	 1.439789e-09 	 -999.9 	 -999.9 	 -999.9 	 -999.9 	 -999.9 	 -999.9 	 -999.9 
29044.386719 	 9.016458e-07 	 9.990051e-10 	 -999.9 	 -999.9 	 -999.9 	 -999.9 	 -999.9 	 -999.9 	 -999.9 
27292.158203 	 4.626673e-07 	 5.959256e-10 	 -999.9 	 -999.9 	 -999.9 	 -999.9 	 -999.9 	 -999.9 	 -999.9 
25636.527344 	 5.120667e-07 	 3.840870e-10 	 -999.9 	 -999.9 	 -999.9 	 -999.9 	 -999.9 	 -999.9 	 -999.9 
24072.703125 	 5.006909e-07 	 2.678176e-10 	 -999.9 	 -999.9 	 -999.9 	 -999.9 	 -999.9 	 -999.9 	 -999.9 
22596.193359 	 -1.244796e-07 	 1.805651e-10 	 -999.9 	 -999.9 	 -999.9 	 -999.9 	 -999.9 	 -999.9 	 -999.9 
21202.607422 	 -1.256915e-06 	 1.158573e-10 	 -999.9 	 -999.9 	 -999.9 	 -999.9 	 -999.9 	 -999.9 	 -999.9 
19887.812500 	 -1.967097e-06 	 7.144751e-11 	 -999.9 	 -999.9 	 -999.9 	 -999.9 	 -999.9 	 -999.9 	 -999.9 
18647.785156 	 -1.983625e-06 	 4.000411e-11 	 -999.9 	 -999.9 	 -999.9 	 -999.9 	 -999.9 	 -999.9 	 -999.9 
17478.744141 	 -1.561958e-06 	 2.123917e-11 	 -999.9 	 -999.9 	 -999.9 	 -999.9 	 -999.9 	 -999.9 	 -999.9 
16376.997070 	 -8.498773e-07 	 9.023689e-12 	 -999.9 	 -999.9 	 -999.9 	 -999.9 	 -999.9 	 -999.9 	 -999.9 
15339.079102 	 1.048178e-06 	 1.492899e-12 	 -999.9 	 -999.9 	 -999.9 	 -999.9 	 -999.9 	 -999.9 	 -999.9 
14340.723633 	 1.379025e-06 	 0.000000e+00 	 -999.9 	 -999.9 	 -999.9 	 -999.9 	 -999.9 	 -999.9 	 -999.9 
13350.974609 	 5.269558e-07 	 0.000000e+00 	 -999.9 	 -999.9 	 -999.9 	 -999.9 	 -999.9 	 -999.9 	 -999.9 
12361.459961 	 9.780592e-08 	 0.000000e+00 	 -999.9 	 -999.9 	 -999.9 	 -999.9 	 -999.9 	 -999.9 	 -999.9 
11372.166016 	 -1.375640e-07 	 0.000000e+00 	 -999.9 	 -999.9 	 -999.9 	 -999.9 	 -999.9 	 -999.9 	 -999.9 
10383.049805 	 5.080051e-08 	 0.000000e+00 	 -999.9 	 -999.9 	 -999.9 	 -999.9 	 -999.9 	 -999.9 	 -999.9 
9394.063477 	 1.400410e-07 	 0.000000e+00 	 -999.9 	 -999.9 	 -999.9 	 -999.9 	 -999.9 	 -999.9 	 -999.9 
8405.150391 	 -1.143808e-07 	 0.000000e+00 	 -999.9 	 -999.9 	 -999.9 	 -999.9 	 -999.9 	 -999.9 	 -999.9 
7416.283691 	 -4.534058e-07 	 0.000000e+00 	 -999.9 	 -999.9 	 -999.9 	 -999.9 	 -999.9 	 -999.9 	 -999.9 
6427.467285 	 -8.445988e-07 	 0.000000e+00 	 -999.9 	 -999.9 	 -999.9 	 -999.9 	 -999.9 	 -999.9 	 -999.9 
5438.624023 	 -1.159554e-06 	 0.000000e+00 	 -999.9 	 -999.9 	 -999.9 	 -999.9 	 -999.9 	 -999.9 	 -999.9 
4449.764648 	 -2.042916e-06 	 0.000000e+00 	 -999.9 	 -999.9 	 -999.9 	 -999.9 	 -999.9 	 -999.9 	 -999.9 
3460.937256 	 -4.189669e-06 	 0.000000e+00 	 -999.9 	 -999.9 	 -999.9 	 -999.9 	 -999.9 	 -999.9 	 -999.9 
2472.098633 	 -5.621858e-06 	 0.000000e+00 	 -999.9 	 -999.9 	 -999.9 	 -999.9 	 -999.9 	 -999.9 	 -999.9 
1483.252686 	 -7.159425e-06 	 0.000000e+00 	 -999.9 	 -999.9 	 -999.9 	 -999.9 	 -999.9 	 -999.9 	 -999.9 
494.419800 	 -2.884483e-05 	 0.000000e+00 	 -999.9 	 -999.9 	 -999.9 	 -999.9 	 -999.9 	 -999.9 	 -999.9   
864000.0   62
101686.750000 	 -1.279885e-05 	 -8.250319e-09 	 -999.9 	 -999.9 	 -999.9 	 -999.9 	 -999.9 	 -999.9 	 -999.9 
101395.031250 	 -1.279885e-05 	 -8.250319e-09 	 -999.9 	 -999.9 	 -999.9 	 -999.9 	 -999.9 	 -999.9 	 -999.9 
100990.609375 	 -1.279885e-05 	 -8.250319e-09 	 -999.9 	 -999.9 	 -999.9 	 -999.9 	 -999.9 	 -999.9 	 -999.9 
100459.210938 	 -1.279885e-05 	 -8.250319e-09 	 -999.9 	 -999.9 	 -999.9 	 -999.9 	 -999.9 	 -999.9 	 -999.9 
99802.007812 	 -1.279885e-05 	 -8.250319e-09 	 -999.9 	 -999.9 	 -999.9 	 -999.9 	 -999.9 	 -999.9 	 -999.9 
99030.156250 	 -1.279885e-05 	 -8.250319e-09 	 -999.9 	 -999.9 	 -999.9 	 -999.9 	 -999.9 	 -999.9 	 -999.9 
98128.828125 	 -1.279885e-05 	 -8.250319e-09 	 -999.9 	 -999.9 	 -999.9 	 -999.9 	 -999.9 	 -999.9 	 -999.9 
97071.820312 	 -1.279885e-05 	 -8.250319e-09 	 -999.9 	 -999.9 	 -999.9 	 -999.9 	 -999.9 	 -999.9 	 -999.9 
95856.031250 	 -1.279885e-05 	 -8.250319e-09 	 -999.9 	 -999.9 	 -999.9 	 -999.9 	 -999.9 	 -999.9 	 -999.9 
94482.031250 	 -1.279885e-05 	 -8.250319e-09 	 -999.9 	 -999.9 	 -999.9 	 -999.9 	 -999.9 	 -999.9 	 -999.9 
92949.953125 	 -1.279885e-05 	 -8.250319e-09 	 -999.9 	 -999.9 	 -999.9 	 -999.9 	 -999.9 	 -999.9 	 -999.9 
91260.437500 	 -1.279885e-05 	 -8.250319e-09 	 -999.9 	 -999.9 	 -999.9 	 -999.9 	 -999.9 	 -999.9 	 -999.9 
89417.437500 	 -1.334052e-05 	 -7.832861e-09 	 -999.9 	 -999.9 	 -999.9 	 -999.9 	 -999.9 	 -999.9 	 -999.9 
87428.601562 	 -1.518974e-05 	 -6.407685e-09 	 -999.9 	 -999.9 	 -999.9 	 -999.9 	 -999.9 	 -999.9 	 -999.9 
85301.398438 	 -1.716762e-05 	 -4.883357e-09 	 -999.9 	 -999.9 	 -999.9 	 -999.9 	 -999.9 	 -999.9 	 -999.9 
83042.453125 	 -1.926799e-05 	 -3.264623e-09 	 -999.9 	 -999.9 	 -999.9 	 -999.9 	 -999.9 	 -999.9 	 -999.9 
80660.781250 	 -2.148248e-05 	 -1.557946e-09 	 -999.9 	 -999.9 	 -999.9 	 -999.9 	 -999.9 	 -999.9 	 -999.9 
78168.679688 	 -2.047563e-05 	 4.869079e-12 	 -999.9 	 -999.9 	 -999.9 	 -999.9 	 -999.9 	 -999.9 	 -999.9 
75578.210938 	 -2.023224e-05 	 4.527673e-09 	 -999.9 	 -999.9 	 -999.9 	 -999.9 	 -999.9 	 -999.9 	 -999.9 
72899.828125 	 -2.186100e-05 	 8.889494e-09 	 -999.9 	 -999.9 	 -999.9 	 -999.9 	 -999.9 	 -999.9 	 -999.9 
70145.468750 	 -2.374074e-05 	 9.011690e-09 	 -999.9 	 -999.9 	 -999.9 	 -999.9 	 -999.9 	 -999.9 	 -999.9 
67329.914062 	 -2.478082e-05 	 8.460749e-09 	 -999.9 	 -999.9 	 -999.9 	 -999.9 	 -999.9 	 -999.9 	 -999.9 
64467.347656 	 -2.479509e-05 	 8.960844e-09 	 -999.9 	 -999.9 	 -999.9 	 -999.9 	 -999.9 	 -999.9 	 -999.9 
61569.863281 	 -2.582312e-05 	 8.894552e-09 	 -999.9 	 -999.9 	 -999.9 	 -999.9 	 -999.9 	 -999.9 	 -999.9 
58650.253906 	 -2.581737e-05 	 8.234440e-09 	 -999.9 	 -999.9 	 -999.9 	 -999.9 	 -999.9 	 -999.9 	 -999.9 
55723.542969 	 -2.346990e-05 	 6.119644e-09 	 -999.9 	 -999.9 	 -999.9 	 -999.9 	 -999.9 	 -999.9 	 -999.9 
52812.289062 	 -2.070673e-05 	 4.064632e-09 	 -999.9 	 -999.9 	 -999.9 	 -999.9 	 -999.9 	 -999.9 	 -999.9 
49944.968750 	 -1.806244e-05 	 3.556409e-09 	 -999.9 	 -999.9 	 -999.9 	 -999.9 	 -999.9 	 -999.9 	 -999.9 
47149.625000 	 -1.671892e-05 	 3.890090e-09 	 -999.9 	 -999.9 	 -999.9 	 -999.9 	 -999.9 	 -999.9 	 -999.9 
44452.328125 	 -1.576378e-05 	 3.806419e-09 	 -999.9 	 -999.9 	 -999.9 	 -999.9 	 -999.9 	 -999.9 	 -999.9 
41877.273438 	 -1.524452e-05 	 3.557650e-09 	 -999.9 	 -999.9 	 -999.9 	 -999.9 	 -999.9 	 -999.9 	 -999.9 
39434.816406 	 -1.372577e-05 	 3.008998e-09 	 -999.9 	 -999.9 	 -999.9 	 -999.9 	 -999.9 	 -999.9 	 -999.9 
37121.199219 	 -1.215794e-05 	 2.331106e-09 	 -999.9 	 -999.9 	 -999.9 	 -999.9 	 -999.9 	 -999.9 	 -999.9 
34931.039062 	 -3.103098e-06 	 2.043673e-09 	 -999.9 	 -999.9 	 -999.9 	 -999.9 	 -999.9 	 -999.9 	 -999.9 
32858.558594 	 1.210006e-06 	 1.801263e-09 	 -999.9 	 -999.9 	 -999.9 	 -999.9 	 -999.9 	 -999.9 	 -999.9 
30898.134766 	 5.806843e-07 	 1.439789e-09 	 -999.9 	 -999.9 	 -999.9 	 -999.9 	 -999.9 	 -999.9 	 -999.9 
29044.386719 	 9.016458e-07 	 9.990051e-10 	 -999.9 	 -999.9 	 -999.9 	 -999.9 	 -999.9 	 -999.9 	 -999.9 
27292.158203 	 4.626673e-07 	 5.959256e-10 	 -999.9 	 -999.9 	 -999.9 	 -999.9 	 -999.9 	 -999.9 	 -999.9 
25636.527344 	 5.120667e-07 	 3.840870e-10 	 -999.9 	 -999.9 	 -999.9 	 -999.9 	 -999.9 	 -999.9 	 -999.9 
24072.703125 	 5.006909e-07 	 2.678176e-10 	 -999.9 	 -999.9 	 -999.9 	 -999.9 	 -999.9 	 -999.9 	 -999.9 
22596.193359 	 -1.244796e-07 	 1.805651e-10 	 -999.9 	 -999.9 	 -999.9 	 -999.9 	 -999.9 	 -999.9 	 -999.9 
21202.607422 	 -1.256915e-06 	 1.158573e-10 	 -999.9 	 -999.9 	 -999.9 	 -999.9 	 -999.9 	 -999.9 	 -999.9 
19887.812500 	 -1.967097e-06 	 7.144751e-11 	 -999.9 	 -999.9 	 -999.9 	 -999.9 	 -999.9 	 -999.9 	 -999.9 
18647.785156 	 -1.983625e-06 	 4.000411e-11 	 -999.9 	 -999.9 	 -999.9 	 -999.9 	 -999.9 	 -999.9 	 -999.9 
17478.744141 	 -1.561958e-06 	 2.123917e-11 	 -999.9 	 -999.9 	 -999.9 	 -999.9 	 -999.9 	 -999.9 	 -999.9 
16376.997070 	 -8.498773e-07 	 9.023689e-12 	 -999.9 	 -999.9 	 -999.9 	 -999.9 	 -999.9 	 -999.9 	 -999.9 
15339.079102 	 1.048178e-06 	 1.492899e-12 	 -999.9 	 -999.9 	 -999.9 	 -999.9 	 -999.9 	 -999.9 	 -999.9 
14340.723633 	 1.379025e-06 	 0.000000e+00 	 -999.9 	 -999.9 	 -999.9 	 -999.9 	 -999.9 	 -999.9 	 -999.9 
13350.974609 	 5.269558e-07 	 0.000000e+00 	 -999.9 	 -999.9 	 -999.9 	 -999.9 	 -999.9 	 -999.9 	 -999.9 
12361.459961 	 9.780592e-08 	 0.000000e+00 	 -999.9 	 -999.9 	 -999.9 	 -999.9 	 -999.9 	 -999.9 	 -999.9 
11372.166016 	 -1.375640e-07 	 0.000000e+00 	 -999.9 	 -999.9 	 -999.9 	 -999.9 	 -999.9 	 -999.9 	 -999.9 
10383.049805 	 5.080051e-08 	 0.000000e+00 	 -999.9 	 -999.9 	 -999.9 	 -999.9 	 -999.9 	 -999.9 	 -999.9 
9394.063477 	 1.400410e-07 	 0.000000e+00 	 -999.9 	 -999.9 	 -999.9 	 -999.9 	 -999.9 	 -999.9 	 -999.9 
8405.150391 	 -1.143808e-07 	 0.000000e+00 	 -999.9 	 -999.9 	 -999.9 	 -999.9 	 -999.9 	 -999.9 	 -999.9 
7416.283691 	 -4.534058e-07 	 0.000000e+00 	 -999.9 	 -999.9 	 -999.9 	 -999.9 	 -999.9 	 -999.9 	 -999.9 
6427.467285 	 -8.445988e-07 	 0.000000e+00 	 -999.9 	 -999.9 	 -999.9 	 -999.9 	 -999.9 	 -999.9 	 -999.9 
5438.624023 	 -1.159554e-06 	 0.000000e+00 	 -999.9 	 -999.9 	 -999.9 	 -999.9 	 -999.9 	 -999.9 	 -999.9 
4449.764648 	 -2.042916e-06 	 0.000000e+00 	 -999.9 	 -999.9 	 -999.9 	 -999.9 	 -999.9 	 -999.9 	 -999.9 
3460.937256 	 -4.189669e-06 	 0.000000e+00 	 -999.9 	 -999.9 	 -999.9 	 -999.9 	 -999.9 	 -999.9 	 -999.9 
2472.098633 	 -5.621858e-06 	 0.000000e+00 	 -999.9 	 -999.9 	 -999.9 	 -999.9 	 -999.9 	 -999.9 	 -999.9 
1483.252686 	 -7.159425e-06 	 0.000000e+00 	 -999.9 	 -999.9 	 -999.9 	 -999.9 	 -999.9 	 -999.9 	 -999.9 
494.419800 	 -2.884483e-05 	 0.000000e+00 	 -999.9 	 -999.9 	 -999.9 	 -999.9 	 -999.9 	 -999.9 	 -999.9
