! $Id$
! The vertical coordinate is entered in the first column as height (z[m]) or pressure (Press[Pa]).
! Temperature can be entered as liquid water potential temperature (thlm[K]), potential temperature (thm[K]), or absolute temperature(T[K]).
! Prescribed, time-independent vertical velocity can be entered as velocity (w[m/s]) or pressure velocity ('omega[Pa/s]')
! If vertical velocity is time dependent, insert missing values throughout column.
! In all cases, missing values are denoted by -999.9
Press[Pa]	T[K]		'rt[kg/kg]'	'u[m/s]'		'v[m/s]'		'ug[m/s]'		'vg[m/s]'		'omega[Pa/s]'
101407.8	297.2600	0.01518000	-7.383384	-2.742438	-7.383384	-2.742438	0
101282.070312 	 298.039978 	 1.573174e-02 	 -7.383384 	 -2.742438 	 -7.383384 	 -2.742438 	 0.000212 
100991.484375 	 297.754791 	 1.548382e-02 	 -7.953857 	 -2.937611 	 -7.953857 	 -2.937611 	 0.000701 
100588.804688 	 297.400940 	 1.535858e-02 	 -8.246347 	 -3.026433 	 -8.246347 	 -3.026433 	 0.001378 
100059.789062 	 296.950165 	 1.526718e-02 	 -8.466265 	 -3.083342 	 -8.466265 	 -3.083342 	 0.002267 
99405.718750 	 296.396545 	 1.517919e-02 	 -8.673925 	 -3.122722 	 -8.673925 	 -3.122722 	 0.003363 
98637.898438 	 295.743774 	 1.507076e-02 	 -8.896504 	 -3.147085 	 -8.896504 	 -3.147085 	 0.004643 
97741.171875 	 295.021057 	 1.487613e-02 	 -9.137125 	 -3.137057 	 -9.137125 	 -3.137057 	 0.006125 
96689.820312 	 294.249603 	 1.457379e-02 	 -9.339128 	 -3.043334 	 -9.339128 	 -3.043334 	 0.007840 
95480.664062 	 293.549469 	 1.410478e-02 	 -9.405385 	 -2.857867 	 -9.405385 	 -2.857867 	 0.009774 
94114.265625 	 292.823517 	 1.344743e-02 	 -9.413195 	 -2.624303 	 -9.413195 	 -2.624303 	 0.011899 
92590.726562 	 292.058014 	 1.270993e-02 	 -9.342834 	 -2.357168 	 -9.342834 	 -2.357168 	 0.014174 
90910.695312 	 291.269135 	 1.197517e-02 	 -9.131537 	 -2.079302 	 -9.131537 	 -2.079302 	 0.016548 
89078.062500 	 290.461090 	 1.116557e-02 	 -8.812657 	 -1.814944 	 -8.812657 	 -1.814944 	 0.018948 
87100.515625 	 289.763763 	 1.014129e-02 	 -8.481424 	 -1.557124 	 -8.481424 	 -1.557124 	 0.021285 
84985.304688 	 289.483215 	 8.543922e-03 	 -8.072625 	 -1.244235 	 -8.072625 	 -1.244235 	 0.023459 
82739.171875 	 289.130035 	 7.079640e-03 	 -7.629906 	 -0.978730 	 -7.629906 	 -0.978730 	 0.025360 
80370.953125 	 288.539734 	 5.663318e-03 	 -7.215718 	 -0.720148 	 -7.215718 	 -0.720148 	 0.026874 
77892.914062 	 287.643768 	 4.634094e-03 	 -6.824178 	 -0.514058 	 -6.824178 	 -0.514058 	 0.027888 
75316.914062 	 286.345123 	 3.978347e-03 	 -6.490789 	 -0.436377 	 -6.490789 	 -0.436377 	 0.028302 
72653.500000 	 284.861359 	 3.465893e-03 	 -6.143768 	 -0.372243 	 -6.143768 	 -0.372243 	 0.028253 
69914.335938 	 283.319916 	 2.883145e-03 	 -5.711892 	 -0.292069 	 -5.711892 	 -0.292069 	 0.028056 
67114.203125 	 281.586975 	 2.436270e-03 	 -5.264827 	 -0.209770 	 -5.264827 	 -0.209770 	 0.027705 
64267.140625 	 279.648163 	 2.094911e-03 	 -4.806037 	 -0.137651 	 -4.806037 	 -0.137651 	 0.027196 
61385.097656 	 277.592438 	 1.700255e-03 	 -4.458744 	 -0.126701 	 -4.458744 	 -0.126701 	 0.026527 
58480.820312 	 275.581390 	 1.249332e-03 	 -4.206715 	 -0.269629 	 -4.206715 	 -0.269629 	 0.025700 
55569.269531 	 273.615326 	 8.659897e-04 	 -3.915593 	 -0.546893 	 -3.915593 	 -0.546893 	 0.024722 
52672.777344 	 271.468811 	 6.487712e-04 	 -3.540468 	 -0.876780 	 -3.540468 	 -0.876780 	 0.023607 
49819.691406 	 268.917664 	 5.363310e-04 	 -3.034739 	 -1.113472 	 -3.034739 	 -1.113472 	 0.022375 
47037.890625 	 265.952911 	 4.946202e-04 	 -2.402751 	 -1.171724 	 -2.402751 	 -1.171724 	 0.021055 
44353.277344 	 262.699036 	 4.876597e-04 	 -1.740857 	 -0.922362 	 -1.740857 	 -0.922362 	 0.019674 
41790.007812 	 259.304504 	 4.508603e-04 	 -1.144143 	 -0.456478 	 -1.144143 	 -0.456478 	 0.018265 
39358.328125 	 255.826477 	 3.963246e-04 	 -0.382404 	 -0.115287 	 -0.382404 	 -0.115287 	 0.016852 
37054.527344 	 252.305115 	 3.419387e-04 	 0.599779 	 0.045426 	 0.599779 	 0.045426 	 0.015451 
34873.328125 	 248.776108 	 2.887855e-04 	 1.777708 	 0.164186 	 1.777708 	 0.164186 	 0.014072 
32808.937500 	 245.338013 	 2.355590e-04 	 3.035638 	 0.330292 	 3.035638 	 0.330292 	 0.012725 
30855.802734 	 241.972153 	 1.874467e-04 	 4.160742 	 0.535085 	 4.160742 	 0.535085 	 0.011416 
29008.595703 	 238.589767 	 1.404831e-04 	 5.153809 	 0.675300 	 5.153809 	 0.675300 	 0.010150 
27262.158203 	 235.182312 	 1.077418e-04 	 5.904598 	 0.834689 	 5.904598 	 0.834689 	 0.008932 
25611.630859 	 231.759827 	 8.501895e-05 	 6.494617 	 1.021355 	 6.494617 	 1.021355 	 0.007763 
24052.324219 	 228.333206 	 6.744621e-05 	 7.062169 	 1.156800 	 7.062169 	 1.156800 	 0.006646 
22579.699219 	 224.955994 	 5.323701e-05 	 7.656243 	 1.176980 	 7.656243 	 1.176980 	 0.005580 
21189.476562 	 221.637009 	 4.157153e-05 	 8.205837 	 1.135258 	 8.205837 	 1.135258 	 0.004567 
19877.517578 	 218.413773 	 3.227641e-05 	 8.617255 	 1.138404 	 8.617255 	 1.138404 	 0.003605 
18639.880859 	 215.305923 	 2.473520e-05 	 8.840633 	 1.166874 	 8.840633 	 1.166874 	 0.002693 
17472.789062 	 212.362869 	 1.866472e-05 	 8.914103 	 1.220971 	 8.914103 	 1.220971 	 0.001831 
16372.634766 	 209.544144 	 1.419487e-05 	 8.952281 	 1.342099 	 8.952281 	 1.342099 	 0.001017 
15335.975586 	 206.807205 	 1.074166e-05 	 8.949812 	 1.484020 	 8.949812 	 1.484020 	 0.000249 
14338.591797 	 204.099503 	 8.161378e-06 	 8.779057 	 1.513166 	 8.779057 	 1.513166 	 0.000000 
13349.600586 	 201.455048 	 6.155567e-06 	 8.258027 	 1.478485 	 8.258027 	 1.478485 	 0.000000 
12360.649414 	 198.930634 	 4.672199e-06 	 7.073876 	 1.430915 	 7.073876 	 1.430915 	 0.000000 
11371.742188 	 196.866013 	 3.600392e-06 	 5.069297 	 1.432313 	 5.069297 	 1.432313 	 0.000000 
10382.858398 	 196.092682 	 3.016479e-06 	 1.904133 	 1.226506 	 1.904133 	 1.226506 	 0.000000 
9393.996094 	 196.924911 	 2.788345e-06 	 -2.713487 	 1.003250 	 -2.713487 	 1.003250 	 0.000000 
8405.130859 	 199.751022 	 2.691796e-06 	 -7.490548 	 1.084026 	 -7.490548 	 1.084026 	 0.000000 
7416.283203 	 203.153275 	 2.500425e-06 	 -11.571074 	 0.948852 	 -11.571074 	 0.948852 	 0.000000 
6427.467285 	 206.216263 	 2.208984e-06 	 -14.482954 	 0.684623 	 -14.482954 	 0.684623 	 0.000000 
5438.624023 	 208.919250 	 1.987668e-06 	 -16.945950 	 0.384143 	 -16.945950 	 0.384143 	 0.000000 
4449.764648 	 212.221191 	 1.908288e-06 	 -19.944902 	 0.199135 	 -19.944902 	 0.199135 	 0.000000 
3460.937256 	 216.025406 	 1.892753e-06 	 -23.547865 	 0.251823 	 -23.547865 	 0.251823 	 0.000000 
2472.098633 	 220.251434 	 1.918978e-06 	 -27.675425 	 -0.199387 	 -27.675425 	 -0.199387 	 0.000000 
1483.252686 	 226.195801 	 2.040601e-06 	 -28.825773 	 -0.094121 	 -28.825773 	 -0.094121 	 0.000000 
494.419800 	 236.265244 	 2.371037e-06 	 -28.835665 	 -0.447069 	 -28.835665 	 -0.447069 	 0.000000
