! $Id$
! The vertical coordinate is entered in the first column as height (z[m]) or pressure (Press[Pa]).
! Temperature can be entered as liquid water potential temperature (thlm[K]), potential temperature (thm[K]), or absolute temperature(T[K]).
! Prescribed, time-independent vertical velocity can be entered as velocity (w[m/s]) or pressure velocity ('omega[Pa/s]')
! If vertical velocity is time dependent, insert missing values throughout column.
! In all cases, missing values are denoted by -999.9
Press[Pa]	T[K]		'rt[kg/kg]'	'u[m/s]'		'v[m/s]'		'ug[m/s]'		'vg[m/s]'		'omega[Pa/s]'
101864.6	 291.4600	 0.009220000	 2.119829	 -8.000850	 2.119829	 -8.000850	 0.0
101686.750000 	 291.348541 	 1.125067e-02 	 2.119829 	 -8.000850 	 2.119829 	 -8.000850 	 0.000815 
101395.031250 	 291.085968 	 1.110823e-02 	 2.301660 	 -8.746630 	 2.301660 	 -8.746630 	 0.002153 
100990.609375 	 290.747650 	 1.103194e-02 	 2.389976 	 -9.188724 	 2.389976 	 -9.188724 	 0.004006 
100459.210938 	 290.319458 	 1.097242e-02 	 2.434676 	 -9.522673 	 2.434676 	 -9.522673 	 0.006437 
99802.007812 	 289.806702 	 1.090573e-02 	 2.445304 	 -9.823194 	 2.445304 	 -9.823194 	 0.009436 
99030.156250 	 289.254761 	 1.078007e-02 	 2.414364 	 -10.124502 	 2.414364 	 -10.124502 	 0.012939 
98128.828125 	 288.803589 	 1.049905e-02 	 2.314892 	 -10.444894 	 2.314892 	 -10.444894 	 0.016995 
97071.820312 	 289.156952 	 9.524120e-03 	 2.012392 	 -10.805983 	 2.012392 	 -10.805983 	 0.021692 
95856.031250 	 291.356323 	 7.640730e-03 	 1.460927 	 -10.880015 	 1.460927 	 -10.880015 	 0.026991 
94482.031250 	 293.443054 	 6.233332e-03 	 0.998707 	 -10.461207 	 0.998707 	 -10.461207 	 0.032813 
92949.953125 	 295.074524 	 5.230516e-03 	 0.784011 	 -9.598885 	 0.784011 	 -9.598885 	 0.039054 
91260.437500 	 295.782013 	 4.728282e-03 	 0.865122 	 -8.599876 	 0.865122 	 -8.599876 	 0.045572 
89417.437500 	 295.958130 	 4.359813e-03 	 1.103804 	 -7.575513 	 1.103804 	 -7.575513 	 0.052173 
87428.601562 	 295.757996 	 4.095861e-03 	 1.414612 	 -6.558093 	 1.414612 	 -6.558093 	 0.058615 
85301.398438 	 295.181946 	 3.986430e-03 	 1.732151 	 -5.586770 	 1.732151 	 -5.586770 	 0.064627 
83042.453125 	 294.264893 	 4.000186e-03 	 2.033381 	 -4.672063 	 2.033381 	 -4.672063 	 0.069916 
80660.781250 	 293.031372 	 4.046264e-03 	 2.301851 	 -3.820002 	 2.301851 	 -3.820002 	 0.074172 
78168.679688 	 291.504822 	 4.083743e-03 	 2.526867 	 -3.023082 	 2.526867 	 -3.023082 	 0.077086 
75578.210938 	 289.750763 	 4.017363e-03 	 2.687867 	 -2.236976 	 2.687867 	 -2.236976 	 0.078384 
72899.828125 	 287.865021 	 3.775879e-03 	 2.781242 	 -1.399742 	 2.781242 	 -1.399742 	 0.078310 
70145.468750 	 285.904083 	 3.437979e-03 	 2.792302 	 -0.478873 	 2.792302 	 -0.478873 	 0.077796 
67329.914062 	 283.867340 	 3.136568e-03 	 2.717119 	 0.487426 	 2.717119 	 0.487426 	 0.076853 
64467.347656 	 281.744873 	 2.800622e-03 	 2.589729 	 1.447120 	 2.589729 	 1.447120 	 0.075466 
61569.863281 	 279.517670 	 2.458225e-03 	 2.446215 	 2.424216 	 2.446215 	 2.424216 	 0.073631 
58650.253906 	 277.247467 	 2.102706e-03 	 2.321637 	 3.381585 	 2.321637 	 3.381585 	 0.071353 
55723.542969 	 274.811615 	 1.800016e-03 	 2.270425 	 4.191716 	 2.270425 	 4.191716 	 0.068652 
52812.289062 	 272.169922 	 1.582730e-03 	 2.285704 	 4.902865 	 2.285704 	 4.902865 	 0.065565 
49944.968750 	 269.330383 	 1.423903e-03 	 2.388203 	 5.564980 	 2.388203 	 5.564980 	 0.062153 
47149.625000 	 266.357330 	 1.248928e-03 	 2.610900 	 6.210648 	 2.610900 	 6.210648 	 0.058489 
44452.328125 	 263.334839 	 1.063961e-03 	 2.899788 	 6.917633 	 2.899788 	 6.917633 	 0.054657 
41877.273438 	 260.319855 	 8.833680e-04 	 3.158634 	 7.650903 	 3.158634 	 7.650903 	 0.050743 
39434.816406 	 257.365662 	 7.162042e-04 	 3.338287 	 8.366939 	 3.338287 	 8.366939 	 0.046819 
37121.199219 	 254.438095 	 5.794841e-04 	 3.476977 	 9.043525 	 3.476977 	 9.043525 	 0.042924 
34931.039062 	 251.487259 	 4.658898e-04 	 3.583491 	 9.689902 	 3.583491 	 9.689902 	 0.039092 
32858.558594 	 248.122055 	 3.565494e-04 	 3.673175 	 10.309344 	 3.673175 	 10.309344 	 0.035347 
30898.134766 	 244.827988 	 2.621216e-04 	 3.810448 	 10.845712 	 3.810448 	 10.845712 	 0.031709 
29044.386719 	 241.586563 	 1.850871e-04 	 4.069050 	 11.305822 	 4.069050 	 11.305822 	 0.028191 
27292.158203 	 238.382355 	 1.340477e-04 	 4.389029 	 11.794976 	 4.389029 	 11.794976 	 0.024806 
25636.527344 	 235.267944 	 1.002154e-04 	 4.576819 	 12.312450 	 4.576819 	 12.312450 	 0.021558 
24072.703125 	 232.218994 	 7.521776e-05 	 4.619872 	 12.889836 	 4.619872 	 12.889836 	 0.018454 
22596.193359 	 229.281479 	 5.578580e-05 	 4.634452 	 13.508578 	 4.634452 	 13.508578 	 0.015494 
21202.607422 	 226.454376 	 4.146215e-05 	 4.655102 	 14.047903 	 4.655102 	 14.047903 	 0.012680 
19887.812500 	 223.760834 	 3.073641e-05 	 4.655729 	 14.359591 	 4.655729 	 14.359591 	 0.010009 
18647.785156 	 221.152039 	 2.305577e-05 	 4.637072 	 14.342795 	 4.637072 	 14.342795 	 0.007478 
17478.744141 	 218.640808 	 1.757120e-05 	 4.616647 	 13.964667 	 4.616647 	 13.964667 	 0.005086 
16376.997070 	 216.272537 	 1.347494e-05 	 4.544694 	 13.312212 	 4.544694 	 13.312212 	 0.002827 
15339.079102 	 214.133606 	 1.071560e-05 	 4.339303 	 12.473124 	 4.339303 	 12.473124 	 0.000696 
14340.723633 	 212.245682 	 8.964727e-06 	 3.899838 	 11.507342 	 3.899838 	 11.507342 	 0.000000 
13350.974609 	 210.668472 	 7.629898e-06 	 3.238171 	 10.420239 	 3.238171 	 10.420239 	 0.000000 
12361.459961 	 209.552902 	 6.649894e-06 	 2.339800 	 9.148067 	 2.339800 	 9.148067 	 0.000000 
11372.166016 	 208.935440 	 5.742292e-06 	 1.046726 	 7.783111 	 1.046726 	 7.783111 	 0.000000 
10383.049805 	 208.987930 	 4.924630e-06 	 -0.529889 	 6.471846 	 -0.529889 	 6.471846 	 0.000000 
9394.063477 	 209.215317 	 3.922914e-06 	 -2.211564 	 5.250231 	 -2.211564 	 5.250231 	 0.000000 
8405.150391 	 209.701569 	 3.095717e-06 	 -3.934233 	 4.002090 	 -3.934233 	 4.002090 	 0.000000 
7416.283691 	 210.547760 	 2.572905e-06 	 -5.635286 	 2.873938 	 -5.635286 	 2.873938 	 0.000000 
6427.467285 	 211.869537 	 2.258902e-06 	 -7.366197 	 1.944483 	 -7.366197 	 1.944483 	 0.000000 
5438.624023 	 213.598679 	 2.069939e-06 	 -9.021182 	 1.127535 	 -9.021182 	 1.127535 	 0.000000 
4449.764648 	 215.445114 	 1.948756e-06 	 -10.733311 	 0.560528 	 -10.733311 	 0.560528 	 0.000000 
3460.937256 	 217.465881 	 1.890167e-06 	 -12.339474 	 0.186161 	 -12.339474 	 0.186161 	 0.000000 
2472.098633 	 220.673233 	 1.887542e-06 	 -14.651235 	 -0.138489 	 -14.651235 	 -0.138489 	 0.000000 
1483.252686 	 226.595657 	 1.961743e-06 	 -16.508650 	 -0.182913 	 -16.508650 	 -0.182913 	 0.000000 
494.419800 	 237.161362 	 2.146691e-06 	 -27.235006 	 0.173196 	 -27.235006 	 0.173196 	 0.000000
