! $Id$
! The vertical coordinate is entered in the first column as height (z[m]) or pressure (Press[Pa]).
! Temperature can be entered as liquid water potential temperature (thlm_f[K\s]), potential temperature (thm_f[K\s]), or absolute temperature(T_f[K\s]).
! Prescribed, time-independent vertical velocity can be entered as velocity (w[m/s]) or pressure velocity (omega[Pa\s] or omega[mb\hr])
! In all cases, missing values are denoted by -999.9
! The blanks are filled first vertically and then across time. This means that if you have a column that is completely filled with missing values
! it will be replaced with an interpolation of the values before and after.
! The format of this file is:
! [Variable list ...]
! [Time of Profile] [# of elements in profile]
! [Vertical Coordinate] [Data ...]
! [Vertical Coordinate] [Data ...]
! ...
! [Time of Profile] [# of elements in profile]
! [Vertical Coordinate] [Data ...]
! [Vertical Coordinate] [Data ...]
! ...
!
Press[Pa]   	T_f[K\s]      	"rtm_f[kg/kg/s]" "um_ref[m/s]" "vm_ref[m/s]"  	um_f[m\s^2]  	"vm_f[m/s^2]"  	w[m/s]   	ug[m\s]  	"vg[ms]"  
0.0         62
101282.070312 	 -1.268352e-05 	 -1.149401e-08 	 -999.9 	 -999.9 	 -999.9 	 -999.9 	 -999.9 	 -999.9 	 -999.9 
100991.484375 	 -1.268352e-05 	 -1.149401e-08 	 -999.9 	 -999.9 	 -999.9 	 -999.9 	 -999.9 	 -999.9 	 -999.9 
100588.804688 	 -1.268352e-05 	 -1.149401e-08 	 -999.9 	 -999.9 	 -999.9 	 -999.9 	 -999.9 	 -999.9 	 -999.9 
100059.789062 	 -1.268352e-05 	 -1.149401e-08 	 -999.9 	 -999.9 	 -999.9 	 -999.9 	 -999.9 	 -999.9 	 -999.9 
99405.718750 	 -1.268352e-05 	 -1.149401e-08 	 -999.9 	 -999.9 	 -999.9 	 -999.9 	 -999.9 	 -999.9 	 -999.9 
98637.898438 	 -1.268352e-05 	 -1.149401e-08 	 -999.9 	 -999.9 	 -999.9 	 -999.9 	 -999.9 	 -999.9 	 -999.9 
97741.171875 	 -1.268352e-05 	 -1.149401e-08 	 -999.9 	 -999.9 	 -999.9 	 -999.9 	 -999.9 	 -999.9 	 -999.9 
96689.820312 	 -1.268352e-05 	 -1.149401e-08 	 -999.9 	 -999.9 	 -999.9 	 -999.9 	 -999.9 	 -999.9 	 -999.9 
95480.664062 	 -1.268352e-05 	 -1.149401e-08 	 -999.9 	 -999.9 	 -999.9 	 -999.9 	 -999.9 	 -999.9 	 -999.9 
94114.265625 	 -1.268352e-05 	 -1.149401e-08 	 -999.9 	 -999.9 	 -999.9 	 -999.9 	 -999.9 	 -999.9 	 -999.9 
92590.726562 	 -1.268352e-05 	 -1.149401e-08 	 -999.9 	 -999.9 	 -999.9 	 -999.9 	 -999.9 	 -999.9 	 -999.9 
90910.695312 	 -1.268352e-05 	 -1.149401e-08 	 -999.9 	 -999.9 	 -999.9 	 -999.9 	 -999.9 	 -999.9 	 -999.9 
89078.062500 	 -1.182198e-05 	 -9.208557e-09 	 -999.9 	 -999.9 	 -999.9 	 -999.9 	 -999.9 	 -999.9 	 -999.9 
87100.515625 	 -9.973970e-06 	 -4.306289e-09 	 -999.9 	 -999.9 	 -999.9 	 -999.9 	 -999.9 	 -999.9 	 -999.9 
84985.304688 	 -7.997315e-06 	 9.372445e-10 	 -999.9 	 -999.9 	 -999.9 	 -999.9 	 -999.9 	 -999.9 	 -999.9 
82739.171875 	 -5.898315e-06 	 6.505329e-09 	 -999.9 	 -999.9 	 -999.9 	 -999.9 	 -999.9 	 -999.9 	 -999.9 
80370.953125 	 -3.685225e-06 	 1.237606e-08 	 -999.9 	 -999.9 	 -999.9 	 -999.9 	 -999.9 	 -999.9 	 -999.9 
77892.914062 	 -1.880806e-06 	 9.040431e-09 	 -999.9 	 -999.9 	 -999.9 	 -999.9 	 -999.9 	 -999.9 	 -999.9 
75316.914062 	 -6.000992e-07 	 5.931792e-09 	 -999.9 	 -999.9 	 -999.9 	 -999.9 	 -999.9 	 -999.9 	 -999.9 
72653.500000 	 -6.925508e-07 	 5.735467e-09 	 -999.9 	 -999.9 	 -999.9 	 -999.9 	 -999.9 	 -999.9 	 -999.9 
69914.335938 	 -1.678014e-08 	 5.438335e-09 	 -999.9 	 -999.9 	 -999.9 	 -999.9 	 -999.9 	 -999.9 	 -999.9 
67114.203125 	 1.752900e-06 	 3.670803e-09 	 -999.9 	 -999.9 	 -999.9 	 -999.9 	 -999.9 	 -999.9 	 -999.9 
64267.140625 	 3.333404e-06 	 3.369562e-09 	 -999.9 	 -999.9 	 -999.9 	 -999.9 	 -999.9 	 -999.9 	 -999.9 
61385.097656 	 3.141298e-06 	 3.965262e-09 	 -999.9 	 -999.9 	 -999.9 	 -999.9 	 -999.9 	 -999.9 	 -999.9 
58480.820312 	 1.079560e-06 	 3.844354e-09 	 -999.9 	 -999.9 	 -999.9 	 -999.9 	 -999.9 	 -999.9 	 -999.9 
55569.269531 	 -5.247858e-07 	 2.561118e-09 	 -999.9 	 -999.9 	 -999.9 	 -999.9 	 -999.9 	 -999.9 	 -999.9 
52672.777344 	 3.143016e-07 	 1.280300e-09 	 -999.9 	 -999.9 	 -999.9 	 -999.9 	 -999.9 	 -999.9 	 -999.9 
49819.691406 	 2.006943e-06 	 5.907725e-10 	 -999.9 	 -999.9 	 -999.9 	 -999.9 	 -999.9 	 -999.9 	 -999.9 
47037.890625 	 3.572378e-06 	 1.227303e-10 	 -999.9 	 -999.9 	 -999.9 	 -999.9 	 -999.9 	 -999.9 	 -999.9 
44353.277344 	 5.187542e-06 	 1.402520e-10 	 -999.9 	 -999.9 	 -999.9 	 -999.9 	 -999.9 	 -999.9 	 -999.9 
41790.007812 	 6.507028e-06 	 3.593818e-10 	 -999.9 	 -999.9 	 -999.9 	 -999.9 	 -999.9 	 -999.9 	 -999.9 
39358.328125 	 7.448798e-06 	 3.950095e-10 	 -999.9 	 -999.9 	 -999.9 	 -999.9 	 -999.9 	 -999.9 	 -999.9 
37054.527344 	 8.265522e-06 	 3.675416e-10 	 -999.9 	 -999.9 	 -999.9 	 -999.9 	 -999.9 	 -999.9 	 -999.9 
34873.328125 	 8.524929e-06 	 3.571696e-10 	 -999.9 	 -999.9 	 -999.9 	 -999.9 	 -999.9 	 -999.9 	 -999.9 
32808.937500 	 8.633680e-06 	 3.184476e-10 	 -999.9 	 -999.9 	 -999.9 	 -999.9 	 -999.9 	 -999.9 	 -999.9 
30855.802734 	 9.410214e-06 	 2.913891e-10 	 -999.9 	 -999.9 	 -999.9 	 -999.9 	 -999.9 	 -999.9 	 -999.9 
29008.595703 	 9.560002e-06 	 2.286757e-10 	 -999.9 	 -999.9 	 -999.9 	 -999.9 	 -999.9 	 -999.9 	 -999.9 
27262.158203 	 9.356856e-06 	 1.407665e-10 	 -999.9 	 -999.9 	 -999.9 	 -999.9 	 -999.9 	 -999.9 	 -999.9 
25611.630859 	 9.249752e-06 	 9.565330e-11 	 -999.9 	 -999.9 	 -999.9 	 -999.9 	 -999.9 	 -999.9 	 -999.9 
24052.324219 	 9.004433e-06 	 6.896796e-11 	 -999.9 	 -999.9 	 -999.9 	 -999.9 	 -999.9 	 -999.9 	 -999.9 
22579.699219 	 8.322450e-06 	 5.024635e-11 	 -999.9 	 -999.9 	 -999.9 	 -999.9 	 -999.9 	 -999.9 	 -999.9 
21189.476562 	 6.919198e-06 	 3.522814e-11 	 -999.9 	 -999.9 	 -999.9 	 -999.9 	 -999.9 	 -999.9 	 -999.9 
19877.517578 	 5.325961e-06 	 2.357232e-11 	 -999.9 	 -999.9 	 -999.9 	 -999.9 	 -999.9 	 -999.9 	 -999.9 
18639.880859 	 3.774341e-06 	 1.527673e-11 	 -999.9 	 -999.9 	 -999.9 	 -999.9 	 -999.9 	 -999.9 	 -999.9 
17472.789062 	 2.631453e-06 	 8.431604e-12 	 -999.9 	 -999.9 	 -999.9 	 -999.9 	 -999.9 	 -999.9 	 -999.9 
16372.634766 	 1.616116e-06 	 3.725800e-12 	 -999.9 	 -999.9 	 -999.9 	 -999.9 	 -999.9 	 -999.9 	 -999.9 
15335.975586 	 6.366270e-07 	 7.342374e-13 	 -999.9 	 -999.9 	 -999.9 	 -999.9 	 -999.9 	 -999.9 	 -999.9 
14338.591797 	 -9.023172e-07 	 0.000000e+00 	 -999.9 	 -999.9 	 -999.9 	 -999.9 	 -999.9 	 -999.9 	 -999.9 
13349.600586 	 -2.753492e-06 	 0.000000e+00 	 -999.9 	 -999.9 	 -999.9 	 -999.9 	 -999.9 	 -999.9 	 -999.9 
12360.649414 	 -4.678468e-06 	 0.000000e+00 	 -999.9 	 -999.9 	 -999.9 	 -999.9 	 -999.9 	 -999.9 	 -999.9 
11371.742188 	 -6.451484e-06 	 0.000000e+00 	 -999.9 	 -999.9 	 -999.9 	 -999.9 	 -999.9 	 -999.9 	 -999.9 
10382.858398 	 -7.284773e-06 	 0.000000e+00 	 -999.9 	 -999.9 	 -999.9 	 -999.9 	 -999.9 	 -999.9 	 -999.9 
9393.996094 	 -6.714491e-06 	 0.000000e+00 	 -999.9 	 -999.9 	 -999.9 	 -999.9 	 -999.9 	 -999.9 	 -999.9 
8405.130859 	 -4.832197e-06 	 0.000000e+00 	 -999.9 	 -999.9 	 -999.9 	 -999.9 	 -999.9 	 -999.9 	 -999.9 
7416.283203 	 -2.985224e-06 	 0.000000e+00 	 -999.9 	 -999.9 	 -999.9 	 -999.9 	 -999.9 	 -999.9 	 -999.9 
6427.467285 	 -2.099880e-06 	 0.000000e+00 	 -999.9 	 -999.9 	 -999.9 	 -999.9 	 -999.9 	 -999.9 	 -999.9 
5438.624023 	 -1.969724e-06 	 0.000000e+00 	 -999.9 	 -999.9 	 -999.9 	 -999.9 	 -999.9 	 -999.9 	 -999.9 
4449.764648 	 -1.243935e-06 	 0.000000e+00 	 -999.9 	 -999.9 	 -999.9 	 -999.9 	 -999.9 	 -999.9 	 -999.9 
3460.937256 	 -3.378855e-07 	 0.000000e+00 	 -999.9 	 -999.9 	 -999.9 	 -999.9 	 -999.9 	 -999.9 	 -999.9 
2472.098633 	 -1.645694e-07 	 0.000000e+00 	 -999.9 	 -999.9 	 -999.9 	 -999.9 	 -999.9 	 -999.9 	 -999.9 
1483.252686 	 -1.823211e-06 	 0.000000e+00 	 -999.9 	 -999.9 	 -999.9 	 -999.9 	 -999.9 	 -999.9 	 -999.9 
494.419800 	 -2.393210e-05 	 0.000000e+00 	 -999.9 	 -999.9 	 -999.9 	 -999.9 	 -999.9 	 -999.9 	 -999.9
864000.0   62
101282.070312 	 -1.268352e-05 	 -1.149401e-08 	 -999.9 	 -999.9 	 -999.9 	 -999.9 	 -999.9 	 -999.9 	 -999.9 
100991.484375 	 -1.268352e-05 	 -1.149401e-08 	 -999.9 	 -999.9 	 -999.9 	 -999.9 	 -999.9 	 -999.9 	 -999.9 
100588.804688 	 -1.268352e-05 	 -1.149401e-08 	 -999.9 	 -999.9 	 -999.9 	 -999.9 	 -999.9 	 -999.9 	 -999.9 
100059.789062 	 -1.268352e-05 	 -1.149401e-08 	 -999.9 	 -999.9 	 -999.9 	 -999.9 	 -999.9 	 -999.9 	 -999.9 
99405.718750 	 -1.268352e-05 	 -1.149401e-08 	 -999.9 	 -999.9 	 -999.9 	 -999.9 	 -999.9 	 -999.9 	 -999.9 
98637.898438 	 -1.268352e-05 	 -1.149401e-08 	 -999.9 	 -999.9 	 -999.9 	 -999.9 	 -999.9 	 -999.9 	 -999.9 
97741.171875 	 -1.268352e-05 	 -1.149401e-08 	 -999.9 	 -999.9 	 -999.9 	 -999.9 	 -999.9 	 -999.9 	 -999.9 
96689.820312 	 -1.268352e-05 	 -1.149401e-08 	 -999.9 	 -999.9 	 -999.9 	 -999.9 	 -999.9 	 -999.9 	 -999.9 
95480.664062 	 -1.268352e-05 	 -1.149401e-08 	 -999.9 	 -999.9 	 -999.9 	 -999.9 	 -999.9 	 -999.9 	 -999.9 
94114.265625 	 -1.268352e-05 	 -1.149401e-08 	 -999.9 	 -999.9 	 -999.9 	 -999.9 	 -999.9 	 -999.9 	 -999.9 
92590.726562 	 -1.268352e-05 	 -1.149401e-08 	 -999.9 	 -999.9 	 -999.9 	 -999.9 	 -999.9 	 -999.9 	 -999.9 
90910.695312 	 -1.268352e-05 	 -1.149401e-08 	 -999.9 	 -999.9 	 -999.9 	 -999.9 	 -999.9 	 -999.9 	 -999.9 
89078.062500 	 -1.182198e-05 	 -9.208557e-09 	 -999.9 	 -999.9 	 -999.9 	 -999.9 	 -999.9 	 -999.9 	 -999.9 
87100.515625 	 -9.973970e-06 	 -4.306289e-09 	 -999.9 	 -999.9 	 -999.9 	 -999.9 	 -999.9 	 -999.9 	 -999.9 
84985.304688 	 -7.997315e-06 	 9.372445e-10 	 -999.9 	 -999.9 	 -999.9 	 -999.9 	 -999.9 	 -999.9 	 -999.9 
82739.171875 	 -5.898315e-06 	 6.505329e-09 	 -999.9 	 -999.9 	 -999.9 	 -999.9 	 -999.9 	 -999.9 	 -999.9 
80370.953125 	 -3.685225e-06 	 1.237606e-08 	 -999.9 	 -999.9 	 -999.9 	 -999.9 	 -999.9 	 -999.9 	 -999.9 
77892.914062 	 -1.880806e-06 	 9.040431e-09 	 -999.9 	 -999.9 	 -999.9 	 -999.9 	 -999.9 	 -999.9 	 -999.9 
75316.914062 	 -6.000992e-07 	 5.931792e-09 	 -999.9 	 -999.9 	 -999.9 	 -999.9 	 -999.9 	 -999.9 	 -999.9 
72653.500000 	 -6.925508e-07 	 5.735467e-09 	 -999.9 	 -999.9 	 -999.9 	 -999.9 	 -999.9 	 -999.9 	 -999.9 
69914.335938 	 -1.678014e-08 	 5.438335e-09 	 -999.9 	 -999.9 	 -999.9 	 -999.9 	 -999.9 	 -999.9 	 -999.9 
67114.203125 	 1.752900e-06 	 3.670803e-09 	 -999.9 	 -999.9 	 -999.9 	 -999.9 	 -999.9 	 -999.9 	 -999.9 
64267.140625 	 3.333404e-06 	 3.369562e-09 	 -999.9 	 -999.9 	 -999.9 	 -999.9 	 -999.9 	 -999.9 	 -999.9 
61385.097656 	 3.141298e-06 	 3.965262e-09 	 -999.9 	 -999.9 	 -999.9 	 -999.9 	 -999.9 	 -999.9 	 -999.9 
58480.820312 	 1.079560e-06 	 3.844354e-09 	 -999.9 	 -999.9 	 -999.9 	 -999.9 	 -999.9 	 -999.9 	 -999.9 
55569.269531 	 -5.247858e-07 	 2.561118e-09 	 -999.9 	 -999.9 	 -999.9 	 -999.9 	 -999.9 	 -999.9 	 -999.9 
52672.777344 	 3.143016e-07 	 1.280300e-09 	 -999.9 	 -999.9 	 -999.9 	 -999.9 	 -999.9 	 -999.9 	 -999.9 
49819.691406 	 2.006943e-06 	 5.907725e-10 	 -999.9 	 -999.9 	 -999.9 	 -999.9 	 -999.9 	 -999.9 	 -999.9 
47037.890625 	 3.572378e-06 	 1.227303e-10 	 -999.9 	 -999.9 	 -999.9 	 -999.9 	 -999.9 	 -999.9 	 -999.9 
44353.277344 	 5.187542e-06 	 1.402520e-10 	 -999.9 	 -999.9 	 -999.9 	 -999.9 	 -999.9 	 -999.9 	 -999.9 
41790.007812 	 6.507028e-06 	 3.593818e-10 	 -999.9 	 -999.9 	 -999.9 	 -999.9 	 -999.9 	 -999.9 	 -999.9 
39358.328125 	 7.448798e-06 	 3.950095e-10 	 -999.9 	 -999.9 	 -999.9 	 -999.9 	 -999.9 	 -999.9 	 -999.9 
37054.527344 	 8.265522e-06 	 3.675416e-10 	 -999.9 	 -999.9 	 -999.9 	 -999.9 	 -999.9 	 -999.9 	 -999.9 
34873.328125 	 8.524929e-06 	 3.571696e-10 	 -999.9 	 -999.9 	 -999.9 	 -999.9 	 -999.9 	 -999.9 	 -999.9 
32808.937500 	 8.633680e-06 	 3.184476e-10 	 -999.9 	 -999.9 	 -999.9 	 -999.9 	 -999.9 	 -999.9 	 -999.9 
30855.802734 	 9.410214e-06 	 2.913891e-10 	 -999.9 	 -999.9 	 -999.9 	 -999.9 	 -999.9 	 -999.9 	 -999.9 
29008.595703 	 9.560002e-06 	 2.286757e-10 	 -999.9 	 -999.9 	 -999.9 	 -999.9 	 -999.9 	 -999.9 	 -999.9 
27262.158203 	 9.356856e-06 	 1.407665e-10 	 -999.9 	 -999.9 	 -999.9 	 -999.9 	 -999.9 	 -999.9 	 -999.9 
25611.630859 	 9.249752e-06 	 9.565330e-11 	 -999.9 	 -999.9 	 -999.9 	 -999.9 	 -999.9 	 -999.9 	 -999.9 
24052.324219 	 9.004433e-06 	 6.896796e-11 	 -999.9 	 -999.9 	 -999.9 	 -999.9 	 -999.9 	 -999.9 	 -999.9 
22579.699219 	 8.322450e-06 	 5.024635e-11 	 -999.9 	 -999.9 	 -999.9 	 -999.9 	 -999.9 	 -999.9 	 -999.9 
21189.476562 	 6.919198e-06 	 3.522814e-11 	 -999.9 	 -999.9 	 -999.9 	 -999.9 	 -999.9 	 -999.9 	 -999.9 
19877.517578 	 5.325961e-06 	 2.357232e-11 	 -999.9 	 -999.9 	 -999.9 	 -999.9 	 -999.9 	 -999.9 	 -999.9 
18639.880859 	 3.774341e-06 	 1.527673e-11 	 -999.9 	 -999.9 	 -999.9 	 -999.9 	 -999.9 	 -999.9 	 -999.9 
17472.789062 	 2.631453e-06 	 8.431604e-12 	 -999.9 	 -999.9 	 -999.9 	 -999.9 	 -999.9 	 -999.9 	 -999.9 
16372.634766 	 1.616116e-06 	 3.725800e-12 	 -999.9 	 -999.9 	 -999.9 	 -999.9 	 -999.9 	 -999.9 	 -999.9 
15335.975586 	 6.366270e-07 	 7.342374e-13 	 -999.9 	 -999.9 	 -999.9 	 -999.9 	 -999.9 	 -999.9 	 -999.9 
14338.591797 	 -9.023172e-07 	 0.000000e+00 	 -999.9 	 -999.9 	 -999.9 	 -999.9 	 -999.9 	 -999.9 	 -999.9 
13349.600586 	 -2.753492e-06 	 0.000000e+00 	 -999.9 	 -999.9 	 -999.9 	 -999.9 	 -999.9 	 -999.9 	 -999.9 
12360.649414 	 -4.678468e-06 	 0.000000e+00 	 -999.9 	 -999.9 	 -999.9 	 -999.9 	 -999.9 	 -999.9 	 -999.9 
11371.742188 	 -6.451484e-06 	 0.000000e+00 	 -999.9 	 -999.9 	 -999.9 	 -999.9 	 -999.9 	 -999.9 	 -999.9 
10382.858398 	 -7.284773e-06 	 0.000000e+00 	 -999.9 	 -999.9 	 -999.9 	 -999.9 	 -999.9 	 -999.9 	 -999.9 
9393.996094 	 -6.714491e-06 	 0.000000e+00 	 -999.9 	 -999.9 	 -999.9 	 -999.9 	 -999.9 	 -999.9 	 -999.9 
8405.130859 	 -4.832197e-06 	 0.000000e+00 	 -999.9 	 -999.9 	 -999.9 	 -999.9 	 -999.9 	 -999.9 	 -999.9 
7416.283203 	 -2.985224e-06 	 0.000000e+00 	 -999.9 	 -999.9 	 -999.9 	 -999.9 	 -999.9 	 -999.9 	 -999.9 
6427.467285 	 -2.099880e-06 	 0.000000e+00 	 -999.9 	 -999.9 	 -999.9 	 -999.9 	 -999.9 	 -999.9 	 -999.9 
5438.624023 	 -1.969724e-06 	 0.000000e+00 	 -999.9 	 -999.9 	 -999.9 	 -999.9 	 -999.9 	 -999.9 	 -999.9 
4449.764648 	 -1.243935e-06 	 0.000000e+00 	 -999.9 	 -999.9 	 -999.9 	 -999.9 	 -999.9 	 -999.9 	 -999.9 
3460.937256 	 -3.378855e-07 	 0.000000e+00 	 -999.9 	 -999.9 	 -999.9 	 -999.9 	 -999.9 	 -999.9 	 -999.9 
2472.098633 	 -1.645694e-07 	 0.000000e+00 	 -999.9 	 -999.9 	 -999.9 	 -999.9 	 -999.9 	 -999.9 	 -999.9 
1483.252686 	 -1.823211e-06 	 0.000000e+00 	 -999.9 	 -999.9 	 -999.9 	 -999.9 	 -999.9 	 -999.9 	 -999.9 
494.419800 	 -2.393210e-05 	 0.000000e+00 	 -999.9 	 -999.9 	 -999.9 	 -999.9 	 -999.9 	 -999.9 	 -999.9
