z[m]      thetal[K]   rt[kg\kg]    u[m\s]     v[m\s]     ug[m\s]    vg[m\s]    
2213.     291.2204    0.00127      -12.       4.6        -12.       4.6        
2811.7    293.0677    0.00184478   -10.5914   3.656      -10.5914   3.656      
3125.01   293.9558    0.00224925   -8.9084    2.6583     -8.9084    2.6583     
3339.06   295.0941    0.00222318   -5.2075    2.3807     -5.2075    2.3807     
3533.88   295.8578    0.00203998   -2.7326    2.1569     -2.7326    2.1569     
3727.29   296.467     0.00198162   -2.1338    1.9755     -2.1338    1.9755     
3799.31   296.6714    0.00195712   -0.9683    1.3874     -0.9683    1.3874     
4005.98   298.4436    0.00176816   3.5454     0.9002     3.5454     0.9002     
4528.19   299.1539    0.00152516   3.9574     -1.0854    3.9574     -1.0854    
4700.58   300.0663    0.00143694   4.5818     -1.3371    4.5818     -1.3371    
4701.9    300.0117    0.00144375   5.6433     -1.5321    5.6433     -1.5321    
4940.48   299.2956    0.00136807   5.8265     -3.0618    5.8265     -3.0618    
5147.99   301.7175    0.0013679    6.387      -5.4852    6.387      -5.4852    
5186.71   304.1406    0.00107      6.6467     -6.5378    6.6467     -6.5378    
6816.71   309.9374    0.00037      10.8692    -13.7604   10.8692    -13.7604   
