Press[Pa]	T[K]		rt[kg\kg]	u[m\s]		v[m\s]		ug[m\s]		vg[m\s]		omega[Pa\s]
100000		291.0078	0.01016563	-1.979786	-7.182222	-1.979786	-7.182222	0
98994.07	291.0309	0.01067209	-2.074366	-7.444462	-2.074366	-7.444462	0.003594832
94814.59	291.1269	0.01220706	-2.408003	-7.706246	-2.408003	-7.706246	0.0182176
88429.96	291.2737	0.003653157	-2.168708	-5.781431	-2.168708	-5.781431	0.03782737
80311.41	288.0848	0.003284006	-0.214322	-3.685905	-0.214322	-3.685905	0.05377686
71023.28	282.6582	0.002599786	1.186159	-0.9942133	1.186159	-0.9942133	0.05660889
61186.85	275.6747	0.001860992	2.620438	1.764373	2.620438	1.764373	0.05323579
51984.22	267.3103	0.00116611	3.34425		3.962061	3.34425		3.962061	0.04689349
44161.84	259.0741	0.00066078	4.760542	6.285735	4.760542	6.285735	0.03935363
37512.69	250.9371	0.000346554	6.047436	7.687623	6.047436	7.687623	0.03163705
31860.8		242.7299	0.000178661	7.067477	9.068989	7.067477	9.068989	0.02431593
27056.6		234.5986	0.00011099	7.699893	10.48737	7.699893	10.48737	0.01766838
22972.96	226.6559	4.69E-05	7.768114	11.9143		7.768114	11.9143		0.01179413
19501.8		219.0494	1.89E-05	7.651834	12.88256	7.651834	12.88256	0.006692358
16551.25	213.0636	8.82E-06	7.303322	12.76303	7.303322	12.76303	0.002310663
14043.24	208.5187	4.90E-06	5.392233	11.0932		5.392233	11.0932		0
11911.39	205.7029	3.41E-06	2.193574	9.036198	2.193574	9.036198	0
10099.28	205.4706	2.49E-06	-1.084918	6.503451	-1.084918	6.503451	0
8558.965	206.7314	2.49E-06	-4.200891	4.442082	-4.200891	4.442082	0
7005.914	209.1625	2.49E-06	-7.33432	2.609112	-7.33432	2.609112	0
5311.46		212.9507	2.49E-06	-10.57997	1.114241	-10.57997	1.114241	0
3723.029	217.1196	2.49E-06	-13.32116	0.3781146	-13.32116	0.3781146	0
2394.463	222.1778	2.49E-06	-16.00224	-0.1474547	-16.00224	-0.1474547	0
1396.721	229.0733	2.49E-06	-18.7184	-0.2589273	-18.7184	-0.2589273	0
738.8813	236.3805	2.49E-06	-26.1328	-0.00922102	-26.1328	-0.00922102	0
354.4638	240.6506	2.49E-06	-30.46551	0.1366982	-30.46551	0.1366982	0
