! The vertical coordinate is entered in the first column as height (z[m]) or pressure (Press[Pa]).
! Temperature can be entered as liquid water potential temperature (thlm[K]), potential temperature (thm[K]), or absolute temperature(T[K]).
! Prescribed, time-independent vertical velocity can be entered as velocity (w[m/s]) or pressure velocity ('omega[Pa/s]')
! If vertical velocity is time dependent, insert missing values throughout column.
! In all cases, missing values are denoted by -999.9
Press[Pa]	T[K]		'rt[kg/kg]'	'u[m/s]'		'v[m/s]'		'ug[m/s]'		'vg[m/s]'		'omega[Pa/s]'
101407.8	299.2600	0.01717000	-7.383384	-2.742438	-7.383384	-2.742438	0
100731.4	300.0400	0.01778274	-7.383384	-2.742438	-7.383384	-2.742438	0.001660626
100442.4	299.7548	0.01750601	-7.953857	-2.937611	-7.953857	-2.937611	0.002083357
100042.0	299.4009	0.01736880	-8.246347	-3.026433	-8.246347	-3.026433	0.002667905
99516.45	298.9502	0.01727105	-8.466265	-3.083342	-8.466265	-3.083342	0.003433046
98866.70	298.3965	0.01717845	-8.673925	-3.122722	-8.673925	-3.122722	0.004374333
98104.07	297.7438	0.01706397	-8.896504	-3.147085	-8.896504	-3.147085	0.005471023
97213.86	297.0211	0.01685275	-9.137125	-3.137057	-9.137125	-3.137057	0.006737258
96170.13	296.2496	0.01652004	-9.339128	-3.043334	-9.339128	-3.043334	0.008198365
94969.97	295.5495	0.01599728	-9.405385	-2.857867	-9.405385	-2.857867	0.009840409
93613.80	294.8429	0.01527929	-9.413195	-2.624303	-9.413195	-2.624303	0.01163718
92101.95	294.1008	0.01447188	-9.342834	-2.357168	-9.342834	-2.357168	0.01355353
90434.77	293.3389	0.01366794	-9.131537	-2.079302	-9.131537	-2.079302	0.01554347
88616.34	292.5618	0.01277822	-8.812657	-1.814944	-8.812657	-1.814944	0.01754505
86654.10	291.8989	0.01163923	-8.481424	-1.557124	-8.481424	-1.557124	0.01948201
84555.31	291.6544	0.009831758	-8.072625	-1.244235	-8.072625	-1.244235	0.02126964
82326.62	291.3405	0.008170665	-7.629906	-0.9787304	-7.629906	-0.9787304	0.02281715
79976.70	290.7945	0.006558909	-7.215718	-0.7201477	-7.215718	-0.7201477	0.02402935
77517.73	289.9496	0.005389759	-6.824178	-0.5140576	-6.824178	-0.5140576	0.02481257
74961.51	288.7116	0.004651792	-6.490789	-0.4363771	-6.490789	-0.4363771	0.02508388
72318.39	287.2975	0.004077893	-6.143768	-0.3722432	-6.143768	-0.3722432	0.02502210
69599.90	285.8344	0.003416072	-5.711892	-0.2920693	-5.711892	-0.2920693	0.02483364
66820.70	284.1917	0.002910335	-5.264827	-0.2097700	-5.264827	-0.2097700	0.02451100
63994.70	282.3573	0.002526774	-4.806037	-0.1376510	-4.806037	-0.1376510	0.02404994
61133.74	280.4204	0.002073587	-4.458744	-0.1267008	-4.458744	-0.1267008	0.02344915
58250.39	278.5401	0.001542322	-4.206715	-0.2696286	-4.206715	-0.2696286	0.02271064
55359.41	276.7170	0.001083449	-3.915593	-0.5468928	-3.915593	-0.5468928	0.02184032
52482.98	274.7334	0.0008243639	-3.540468	-0.8767797	-3.540468	-0.8767797	0.02085027
49649.27	272.3749	0.0006945402	-3.034739	-1.113472	-3.034739	-1.113472	0.01975931
46885.87	269.6356	0.0006554688	-2.402751	-1.171724	-2.402751	-1.171724	0.01859070
44218.53	266.6358	0.0006639491	-1.740857	-0.9223623	-1.740857	-0.9223623	0.01737039
41671.25	263.5154	0.0006327814	-1.144143	-0.4564777	-1.144143	-0.4564777	0.01612588
39254.24	260.3245	0.0005750920	-0.3824044	-0.1152867	-0.3824044	-0.1152867	0.01487864
36963.82	257.0962	0.0005142766	0.5997787	0.04542611	0.5997787	0.04542611	0.01364169
34794.80	253.8186	0.0004495115	1.777708	0.1641860	1.777708	0.1641860	0.01242502
32741.42	250.2528	0.0003675526	3.035638	0.3302924	3.035638	0.3302924	0.01123623
30798.21	246.7661	0.0002932895	4.160742	0.5350849	4.160742	0.5350849	0.01008127
28959.87	243.2693	0.0002205683	5.153809	0.6753002	5.153809	0.6753002	0.008964588
27221.34	239.7537	0.0001698749	5.904598	0.8346893	5.904598	0.8346893	0.007889387
25577.79	236.2289	0.0001347117	6.494617	1.021355	6.494617	1.021355	0.006857867
24024.58	232.7057	0.0001074735	7.062169	1.156800	7.062169	1.156800	0.005871337
22557.28	229.2372	8.535386e-05	7.656243	1.176980	7.656243	1.176980	0.004930431
21171.61	225.8320	6.709137e-05	8.205837	1.135258	8.205837	1.135258	0.004035172
19863.52	222.5274	5.244834e-05	8.617255	1.138404	8.617255	1.138404	0.003185143
18629.12	219.3428	4.047640e-05	8.840633	1.166874	8.840633	1.166874	0.002379553
17464.70	216.3273	3.075284e-05	8.914103	1.220971	8.914103	1.220971	0.001617344
16366.70	213.4402	2.354970e-05	8.952281	1.342099	8.952281	1.342099	0.0008972251
15331.74	210.6389	1.794815e-05	8.949812	1.484020	8.949812	1.484020	0.0002177608
14335.69	207.8692	1.373922e-05	8.779057	1.513166	8.779057	1.513166	0
13347.75	205.1633	1.043945e-05	8.258027	1.478485	8.258027	1.478485	0
12359.56	202.5774	7.978255e-06	7.073876	1.430915	7.073876	1.430915	0
11371.16	200.4513	6.173217e-06	5.069297	1.432313	5.069297	1.432313	0
10382.59	199.6165	5.150485e-06	1.904133	1.226506	1.904133	1.226506	0
9393.892	200.0309	4.452824e-06	-2.713487	1.003250	-2.713487	1.003250	0
8405.123	202.2144	3.860011e-06	-7.490548	1.084026	-7.490548	1.084026	0
7416.280	204.9739	3.233451e-06	-11.57107	0.9488524	-11.57107	0.9488524	0
6427.467	207.3941	2.595456e-06	-14.48295	0.6846232	-14.48295	0.6846232	0
5438.624	209.4544	2.134614e-06	-16.94595	0.3841434	-16.94595	0.3841434	0
4449.765	212.1135	1.881971e-06	-19.94490	0.1991348	-19.94490	0.1991348	0
3460.937	215.2750	1.724240e-06	-23.54786	0.2518231	-23.54786	0.2518231	0
2472.099	218.8583	1.625080e-06	-27.67542	-0.1993866	-27.67542	-0.1993866	0
1483.253	224.1599	1.621254e-06	-28.82577	-0.09412074	-28.82577	-0.09412074	0
494.4198	233.5866	1.780290e-06	-28.83566	-0.4470693	-28.83566	-0.4470693	0
