! The vertical coordinate is entered in the first column as height (z[m]) or pressure (Press[Pa]).
! Temperature can be entered as liquid water potential temperature (thlm[K]), potential temperature (thm[K]), or absolute temperature(T[K]).
! Prescribed, time-independent vertical velocity can be entered as velocity (w[m/s]) or pressure velocity ('omega[Pa/s]')
! If vertical velocity is time dependent, insert missing values throughout column.
! In all cases, missing values are denoted by -999.9
Press[Pa]	T[K]		'rt[kg/kg]'	'u[m/s]'		'v[m/s]'		'ug[m/s]'		'vg[m/s]'		'omega[Pa/s]'
102078.5	292.9600	0.01151000	-1.764706	-6.463328	-1.764706	-6.463328	0
100731.4	293.1284	0.01203382	-1.764706	-6.463328	-1.764706	-6.463328	0.003210544
100442.4	292.8360	0.01187279	-1.902147	-6.933005	-1.902147	-6.933005	0.004027823
100042  	292.4822	0.01179863	-1.975330	-7.169055	-1.975330	-7.169055	0.005157949
99516.45	292.0316	0.01174889	-2.031027	-7.333648	-2.031027	-7.333648	0.006637222
98866.70	291.4868	0.01170235	-2.084932	-7.471480	-2.084932	-7.471480	0.008457043
98104.07	290.8611	0.01164401	-2.138605	-7.586833	-2.138605	-7.586833	0.01057731
97213.86	290.1815	0.01151465	-2.196950	-7.677576	-2.196950	-7.677576	0.01302537
96170.13	289.5166	0.01123539	-2.278764	-7.747193	-2.278764	-7.747193	0.01585017
94969.97	289.2776	0.01054358	-2.396558	-7.736355	-2.396558	-7.736355	0.01902479
93613.8 	289.9644	0.009135674	-2.496455	-7.473561	-2.496455	-7.473561	0.02249856
92101.95	291.3862	0.007469866	-2.589348	-7.043298	-2.589348	-7.043298	0.0262035
90434.77	293.1511	0.005541448	-2.532497	-6.415329	-2.532497	-6.415329	0.0300507
88616.34	293.9684	0.004500021	-2.215821	-5.834288	-2.215821	-5.834288	0.03392044
86654.1 	294.0532	0.004264984	-1.719782	-5.277780	-1.719782	-5.277780	0.03766522
84555.31	293.5998	0.004268807	-1.177887	-4.755561	-1.177887	-4.755561	0.04112129
82326.62	292.7288	0.004368878	-0.6425033	-4.206623	-0.6425033	-4.206623	0.04411316
79976.7 	291.5231	0.004413750	-0.1432030	-3.599416	-0.143203	-3.599416	0.04645675
77517.73	290.0604	0.004296268	0.3059908	-2.911515	0.3059908	-2.911515	0.04797097
74961.51	288.3653	0.004055923	0.6953246	-2.161942	0.6953246	-2.161942	0.0484955
72318.39	286.4836	0.003718190	1.030693	-1.381633	1.030693	-1.381633	0.04837606
69599.9 	284.5453	0.003225375	1.357024	-0.5684221	1.357024	-0.5684221	0.04801169
66820.7 	282.5957	0.002749286	1.759508	0.2560531	1.759508	0.2560531	0.04738792
63994.7 	280.5137	0.002459466	2.209378	1.061245	2.209378	1.061245	0.04649654
61133.74	278.2897	0.002155346	2.628213	1.777672	2.628213	1.777672	0.04533503
58250.39	276.0365	0.001740778	2.904488	2.428751	2.904488	2.428751	0.04390724
55359.41	273.7624	0.001391432	3.078990	3.085278	3.078990	3.085278	0.04222462
52482.98	271.2930	0.001171078	3.287023	3.811831	3.287023	3.811831	0.04031051
49649.27	268.6252	0.001056537	3.612160	4.665366	3.612160	4.665366	0.03820134
46885.87	265.7820	0.0009276546	4.106247	5.534060	4.106247	5.534060	0.03594203
44218.53	262.8358	0.0007550533	4.748359	6.272646	4.748359	6.272646	0.03358275
41671.25	259.8028	0.0005952484	5.295829	6.860781	5.295829	6.860781	0.0311767
39254.24	256.7921	0.0004607108	5.722164	7.331815	5.722164	7.331815	0.02876538
36963.82	253.8809	0.0003595973	6.149948	7.799759	6.149948	7.799759	0.02637393
34794.8 	250.9345	0.0002919729	6.574686	8.305156	6.574686	8.305156	0.0240217
32741.42	247.6012	0.0002333909	6.937899	8.823817	6.937899	8.823817	0.02172338
30798.21	244.3018	0.0001872381	7.223833	9.364826	7.223833	9.364826	0.01949046
28959.87	241.0410	0.0001470829	7.478463	9.909716	7.478463	9.909716	0.01733154
27221.34	237.8320	0.0001132725	7.688785	10.43542	7.688785	10.43542	0.01525281
25577.79	234.7199	8.641627e-05	7.799604	10.95367	7.799604	10.95367	0.01325854
24024.58	231.6891	6.493247e-05	7.799360	11.49833	7.799360	11.49833	0.01135125
22557.28	228.7810	4.842082e-05	7.755764	12.07872	7.755764	12.07872	0.009532166
21171.61	226.0152	3.609925e-05	7.728041	12.57354	7.728041	12.57354	0.007801331
19863.52	223.4257	2.707883e-05	7.684403	12.85013	7.684403	12.85013	0.006157943
18629.12	220.9980	2.066087e-05	7.573258	12.96080	7.573258	12.96080	0.004600469
17464.7 	218.7435	1.580935e-05	7.435286	12.95155	7.435286	12.95155	0.003126865
16366.7 	216.6350	1.222407e-05	7.276660,	12.72494	7.276660	12.72494	0.001734635
15331.74	214.6561	9.575888e-06	6.790815	12.15032	6.790815	12.15032	0.0004210041
14335.69	212.7870	7.829225e-06	5.794562	11.34332	5.794562	11.34332	0
13347.75	211.0794	6.708719e-06	4.435431	10.49837	4.435431	10.49837	0
12359.56	209.7074	6.077638e-06	2.918778	9.581617	2.918778	9.581617	0
11371.16	208.8688	5.526692e-06	1.319402	8.378739	1.319402	8.378739	0
10382.59	208.8429	4.898215e-06	-0.516244	6.902999	-0.516244	6.902999	0
9393.892	208.9566	3.872115e-06	-2.500829	5.508637	-2.500829	5.508637	0
8405.123	209.3570	3.035547e-06	-4.514142	4.245561	-4.514142	4.245561	0
7416.28 	210.1762	2.542148e-06	-6.501903	3.046999	-6.501903	3.046999	0
6427.467	211.4776	2.243027e-06	-8.507687	1.991872	-8.507687	1.991872	0
5438.624	213.1585	2.048497e-06	-10.33801	1.182673	-10.33801	1.182673	0
4449.765	215.0612	1.917764e-06	-12.21955	0.6505248	-12.21955	0.6505248	0
3460.937	217.0728	1.845344e-06	-13.71845	0.2798719	-13.71845	0.2798719	0
2472.099	220.2791	1.840196e-06	-15.85392	-0.1351587	-15.85392	-0.1351587	0
1483.253	226.0762	1.903924e-06	-17.74312	-0.2917734	-17.74312	-0.2917734	0
494.4198	236.4173	2.062636e-06	-28.88809	0.08357295	-28.88809	0.08357295	0
