! The levels of the vertical coordinate (z or pressure) are assumed to be the same as those in the corresponding sounding.in file.
'o3[kg/kg]'
4.926006e-08
4.926006e-08
4.935455e-08
4.949317e-08
4.967916e-08
4.991242e-08
5.018964e-08
5.052547e-08
5.094026e-08
5.146127e-08
5.207767e-08
5.279415e-08
5.362218e-08
5.440121e-08
5.530928e-08
5.641893e-08
5.764861e-08
5.896505e-08
6.049476e-08
6.211275e-08
6.387600e-08
6.567783e-08
6.758108e-08
6.964729e-08
7.225171e-08
7.527878e-08
7.863916e-08
8.261710e-08
8.684053e-08
9.200655e-08
9.784194e-08
1.037086e-07
1.094549e-07
1.159376e-07
1.246881e-07
1.338972e-07
1.426343e-07
1.515903e-07
1.665715e-07
1.870406e-07
2.076235e-07
2.252708e-07
2.438325e-07
2.750601e-07
3.109102e-07
3.490796e-07
3.908345e-07
4.353200e-07
4.704823e-07
5.098466e-07
5.622827e-07
6.293737e-07
7.548550e-07
9.380357e-07
1.208923e-06
1.624977e-06
2.219339e-06
3.056976e-06
4.242119e-06
5.827425e-06
7.828455e-06
1.030376e-05
9.143799e-06
