! The vertical coordinate is entered in the first column as height (z[m]) or pressure (Press[Pa]).
! Temperature can be entered as liquid water potential temperature (thlm[K]), potential temperature (thm[K]), or absolute temperature(T[K]).
! Prescribed, time-independent vertical velocity can be entered as velocity (w[m/s]) or pressure velocity ('omega[Pa/s]')
! If vertical velocity is time dependent, insert missing values throughout column.
! In all cases, missing values are denoted by -999.9
Press[Pa]	T[K]		'rt[kg/kg]'	'u[m/s]'		'v[m/s]'		'ug[m/s]'		'vg[m/s]'		'omega[Pa/s]'
101407.8	297.2600	0.01518000	-7.383384	-2.742438	-7.383384	-2.742438	0
100731.4        298.0400        0.01573174      -7.383384       -2.742438       -7.383384       -2.742438       0.001873975
100442.4        297.7548        0.01548382      -7.953857       -2.937611       -7.953857       -2.937611       0.002351016
100042.0        297.4009        0.01535858      -8.246347       -3.026433       -8.246347       -3.026433       0.003010664
99516.45        296.9502        0.01526718      -8.466265       -3.083342       -8.466265       -3.083342       0.003874106
98866.70        296.3965        0.01517919      -8.673925       -3.122722       -8.673925       -3.122722       0.004936325
98104.07        295.7438        0.01507076      -8.896504       -3.147085       -8.896504       -3.147085       0.006173912
97213.86        295.0211        0.01487613      -9.137125       -3.137057       -9.137125       -3.137057       0.007602826
96170.13        294.2496        0.01457379      -9.339128       -3.043334       -9.339128       -3.043334       0.009251648
94969.97        293.5495        0.01410478      -9.405385       -2.857867       -9.405385       -2.857867       0.01110465
93613.80        292.8235        0.01344743      -9.413195       -2.624303       -9.413195       -2.624303       0.01313227
92101.95        292.0580        0.01270993      -9.342834       -2.357168       -9.342834       -2.357168       0.01529482
90434.77        291.2691        0.01197517      -9.131537       -2.079302       -9.131537       -2.079302       0.01754041
88616.34        290.4611        0.01116557      -8.812657       -1.814944       -8.812657       -1.814944       0.01979915
86654.10        289.7638        0.01014129      -8.481424       -1.557124       -8.481424       -1.557124       0.02198496
84555.31        289.4832        0.008543922     -8.072625       -1.244235       -8.072625       -1.244235       0.02400225
82326.62        289.1300        0.007079640     -7.629906       -0.9787304      -7.629906       -0.9787304      0.02574858
79976.70        288.5397        0.005663318     -7.215718       -0.7201477      -7.215718       -0.7201477      0.02711652
77517.73        287.6438        0.004634094     -6.824178       -0.5140576      -6.824178       -0.5140576      0.02800036
74961.51        286.3451        0.003978347     -6.490789       -0.4363771      -6.490789       -0.4363771      0.02830653
72318.39        284.8614        0.003465893     -6.143768       -0.3722432      -6.143768       -0.3722432      0.02823681
69599.90        283.3199        0.002883145     -5.711892       -0.2920693      -5.711892       -0.2920693      0.02802413
66820.70        281.5870        0.002436270     -5.264827       -0.2097700      -5.264827       -0.2097700      0.02766004
63994.70        279.6482        0.002094911     -4.806037       -0.1376510      -4.806037       -0.1376510      0.02713975
61133.74        277.5924        0.001700255     -4.458744       -0.1267008      -4.458744       -0.1267008      0.02646178
58250.39        275.5814        0.001249332     -4.206715       -0.2696286      -4.206715       -0.2696286      0.02562839
55359.41        273.6153        0.0008659897    -3.915593       -0.5468928      -3.915593       -0.5468928      0.02464625
52482.98        271.4688        0.0006487712    -3.540468       -0.8767797      -3.540468       -0.8767797      0.02352900
49649.27        268.9177        0.0005363310    -3.034739       -1.113472       -3.034739       -1.113472       0.02229789
46885.87        265.9529        0.0004946202    -2.402751       -1.171724       -2.402751       -1.171724       0.02097914
44218.53        262.6990        0.0004876597    -1.740857       -0.9223623      -1.740857       -0.9223623      0.01960205
41671.25        259.3045        0.0004508603    -1.144143       -0.4564777      -1.144143       -0.4564777      0.01819765
39254.24        255.8265        0.0003963246    -0.3824044      -0.1152867      -0.3824044      -0.1152867      0.01679017
36963.82        252.3051        0.0003419387    0.5997787       0.04542611      0.5997787       0.04542611      0.01539430
34794.80        248.7761        0.0002887855    1.777708        0.1641860       1.777708        0.1641860       0.01402132
32741.42        245.3380        0.0002355590    3.035638        0.3302924       3.035638        0.3302924       0.01267980
30798.21        241.9722        0.0001874467    4.160742        0.5350849       4.160742        0.5350849       0.01137646
28959.87        238.5898        0.0001404831    5.153809        0.6753002       5.153809        0.6753002       0.01011631
27221.34        235.1823        0.0001077418    5.904598        0.8346893       5.904598        0.8346893       0.008902974
25577.79        231.7598        8.501895e-05    6.494617        1.021355        6.494617        1.021355        0.007738930
24024.58        228.3332        6.744621e-05    7.062169        1.156800        7.062169        1.156800        0.006625656
22557.28        224.9560        5.323701e-05    7.656243        1.176980        7.656243        1.176980        0.005563867
21171.61        221.6370        4.157153e-05    8.205837        1.135258        8.205837        1.135258        0.004553590
19863.52        218.4138        3.227641e-05    8.617255        1.138404        8.617255        1.138404        0.003594354
18629.12        215.3059        2.473520e-05    8.840633        1.166874        8.840633        1.166874        0.002685266
17464.70        212.3629        1.866472e-05    8.914103        1.220971        8.914103        1.220971        0.001825132
16366.70        209.5441        1.419487e-05    8.952281        1.342099        8.952281        1.342099        0.001012496
15331.74        206.8072        1.074166e-05    8.949812        1.484020        8.949812        1.484020        0.0002457375
14335.69        204.0995        8.161378e-06    8.779057        1.513166        8.779057        1.513166        0
13347.75        201.4550        6.155567e-06    8.258027        1.478485        8.258027        1.478485        0
12359.56        198.9306        4.672199e-06    7.073876        1.430915        7.073876        1.430915        0
11371.16        196.8660        3.600392e-06    5.069297        1.432313        5.069297        1.432313        0
10382.59        196.0927        3.016479e-06    1.904133        1.226506        1.904133        1.226506        0
9393.892        196.9249        2.788345e-06    -2.713487       1.003250        -2.713487       1.003250        0
8405.123        199.7510        2.691796e-06    -7.490548       1.084026        -7.490548       1.084026        0
7416.280        203.1533        2.500425e-06    -11.57107       0.9488524       -11.57107       0.9488524       0
6427.467        206.2163        2.208984e-06    -14.48295       0.6846232       -14.48295       0.6846232       0
5438.624        208.9193        1.987668e-06    -16.94595       0.3841434       -16.94595       0.3841434       0
4449.765        212.2212        1.908288e-06    -19.94490       0.1991348       -19.94490       0.1991348       0
3460.937        216.0254        1.892753e-06    -23.54786       0.2518231       -23.54786       0.2518231       0
2472.099        220.2514        1.918978e-06    -27.67542       -0.1993866      -27.67542       -0.1993866      0
1483.253        226.1958        2.040601e-06    -28.82577       -0.09412074     -28.82577       -0.09412074     0
494.4198        236.2652        2.371037e-06    -28.83566       -0.4470693      -28.83566       -0.4470693      0
