! The vertical coordinate is entered in the first column as height (z[m]) or pressure (Press[Pa]).
! Temperature can be entered as liquid water potential temperature (thlm[K]), potential temperature (thm[K]), or absolute temperature(T[K]).
! Prescribed, time-independent vertical velocity can be entered as velocity (w[m/s]) or pressure velocity ('omega[Pa/s]')
! If vertical velocity is time dependent, insert missing values throughout column.
! In all cases, missing values are denoted by -999.9
Press[Pa]	T[K]		'rt[kg/kg]'	'u[m/s]'		'v[m/s]'		'ug[m/s]'		'vg[m/s]'		'omega[Pa/s]'
101864.6	291.4600	0.01048000	2.119829	-8.000850	2.119829	-8.000850	0
100731.4	291.3485	0.01125094	2.119829	-8.000850	2.119829	-8.000850	0.005535421
100442.4	291.0860	0.01110850	2.301660	-8.746630	2.301660	-8.746630	0.006944523
100042.0	290.7477	0.01103220	2.389976	-9.188724	2.389976	-9.188724	0.008893017
99516.45	290.3195	0.01097268	2.434676	-9.522673	2.434676	-9.522673	0.01144349
98866.70	289.8067	0.01090597	2.445304	-9.823194	2.445304	-9.823194	0.01458111
98104.07	289.2548	0.01078031	2.414364	-10.12450	2.414364	-10.12450	0.01823674
97213.86	288.8036	0.01049928	2.314892	-10.44489	2.314892	-10.44489	0.02245753
96170.13	289.1704	0.009532673	2.012392	-10.80598	2.012392	-10.80598	0.02732788
94969.97	291.3802	0.007652629	1.460927	-10.88002	1.460927	-10.88002	0.03280136
93613.80	293.4652	0.006242269	0.9987070	-10.46121	0.998707	-10.46121	0.03879061
92101.95	295.0952	0.005237464	0.7840111	-9.598885	0.7840111	-9.598885	0.04517844
90434.77	295.8017	0.004734273	0.8651217	-8.599876	0.8651217	-8.599876	0.05181156
88616.34	295.9772	0.004365174	1.103804	-7.575513	1.103804	-7.575513	0.05848351
86654.10	295.7766	0.004100807	1.414612	-6.558093	1.414612	-6.558093	0.06494003
84555.31	295.2004	0.003991220	1.732151	-5.586770	1.732151	-5.586770	0.07089879
82326.62	294.2834	0.004005029	2.033381	-4.672063	2.033381	-4.672063	0.07605717
79976.70	293.0501	0.004051257	2.301851	-3.820002	2.301851	-3.820002	0.08009785
77517.73	291.5240	0.004088939	2.526867	-3.023082	2.526867	-3.023082	0.08270857
74961.51	289.7706	0.004022680	2.687867	-2.236976	2.687867	-2.236976	0.08361293
72318.39	287.8855	0.003781101	2.781242	-1.399742	2.781242	-1.399742	0.08340701
69599.90	285.9253	0.003442959	2.792302	-0.4788734	2.792302	-0.4788734	0.08277879
66820.70	283.8894	0.003141339	2.717119	0.4874265	2.717119	0.4874265	0.08170332
63994.70	281.7678	0.002805109	2.589729	1.447120	2.589729	1.447120	0.08016645
61133.74	279.5416	0.002462391	2.446215	2.424216	2.446215	2.424216	0.07816385
58250.39	277.2724	0.002106479	2.321637	3.381585	2.321637	3.381585	0.07570215
55359.41	274.8378	0.001803460	2.270425	4.191716	2.270425	4.191716	0.07280108
52482.98	272.1975	0.001585985	2.285704	4.902865	2.285704	4.902865	0.06950089
49649.27	269.3597	0.001427074	2.388203	5.564980	2.388203	5.564980	0.06586438
46885.87	266.3885	0.001251951	2.610900	6.210648	2.610900	6.210648	0.06196901
44218.53	263.3678	0.001066755	2.899788	6.917633	2.899788	6.917633	0.05790131
41671.25	260.3546	0.0008858721	3.158634	7.650903	3.158634	7.650903	0.05375294
39254.24	257.4020	0.0007183791	3.338287	8.366939	3.338287	8.366939	0.04959548
36963.82	254.4758	0.0005813561	3.476977	9.043525	3.476977	9.043525	0.04547229
34794.80	251.4999	0.0004664073	3.583491	9.689902	3.583491	9.689902	0.04141672
32741.42	248.1342	0.0003569399	3.673175	10.30934	3.673175	10.30934	0.03745410
30798.21	244.8395	0.0002624033	3.810448	10.84571	3.810448	10.84571	0.03360425
28959.87	241.5975	0.0001852815	4.069050	11.30582	4.069050	11.30582	0.02988196
27221.34	238.3927	0.0001341847	4.389029	11.79498	4.389029	11.79498	0.02629795
25577.79	235.2776	0.0001003144	4.576819	12.31245	4.576819	12.31245	0.02285956
24024.58	232.2280	7.528907e-05	4.619872	12.88984	4.619872	12.88984	0.01957112
22557.28	229.2898	5.583619e-05	4.634452	13.50858	4.634452	13.50858	0.01643477
21171.61	226.4621	4.149752e-05	4.655102	14.04790	4.655102	14.04790	0.01345057
19863.52	223.7678	3.076091e-05	4.655729	14.35959	4.655729	14.35959	0.01061714
18629.12	221.1583	2.307275e-05	4.637072	14.34280	4.637072	14.34280	0.007931844
17464.70	218.6464	1.758298e-05	4.616647	13.96467	4.616647	13.96467	0.005391147
16366.70	216.2774	1.348302e-05	4.544694	13.31221	4.544694	13.31221	0.002990750
15331.74	214.1378	1.072123e-05	4.339303	12.47312	4.339303	12.47312	0.0007258692
14335.69	212.2491	8.968703e-06	3.899838	11.50734	3.899838	11.50734	0
13347.75	210.6712	7.632600e-06	3.238171	10.42024	3.238171	10.42024	0
12359.56	209.5548	6.651595e-06	2.339800	9.148067	2.339800	9.148067	0
11371.16	208.9366	5.743156e-06	1.046726	7.783111	1.046726	7.783111	0
10382.59	208.9882	4.924829e-06	-0.529889	6.471846	-0.529889	6.471846	0
9393.892	209.2152	3.922855e-06	-2.211564	5.250231	-2.211564	5.250231	0
8405.123	209.7016	3.095710e-06	-3.934233	4.002090	-3.934233	4.002090	0
7416.280	210.5478	2.572904e-06	-5.635286	2.873938	-5.635286	2.873938	0
6427.467	211.8695	2.258902e-06	-7.366197	1.944483	-7.366197	1.944483	0
5438.624	213.5987	2.069939e-06	-9.021182	1.127535	-9.021182	1.127535	0
4449.765	215.4451	1.948756e-06	-10.73331	0.5605285	-10.73331	0.5605285	0
3460.937	217.4659	1.890167e-06	-12.33947	0.1861610	-12.33947	0.1861610	0
2472.099	220.6732	1.887542e-06	-14.65123	-0.1384888	-14.65123	-0.1384888	0
1483.253	226.5957	1.961743e-06	-16.50865	-0.1829128	-16.50865	-0.1829128	0
494.4198	237.1614	2.146691e-06	-27.23501	0.1731955	-27.23501	0.1731955	0
