! The vertical coordinate is entered in the first column as height (z[m]) or pressure (Press[Pa]).
! Temperature can be entered as liquid water potential temperature (thlm_f[K\s]), potential temperature (thm_f[K\s]), or absolute temperature(T_f[K\s]).
! Prescribed, time-independent vertical velocity can be entered as velocity (w[m\s]) or pressure velocity (omega[Pa\s] or omega[mb\hr])
! In all cases, missing values are denoted by -999.9
! The blanks are filled first vertically and then across time. This means that if you have a column that is completely filled with missing values
Press[Pa]   T_f[K\s]       rtm_f[kg\kg\s]   um_ref[m\s]   vm_ref[m\s]   um_f[m\s^2]   vm_f[m\s^2]   w[m\s]   ug[m\s]   vg[m\s]   
0.0         26                                                                                                                   
100000      -1.2692e-05    -1.10931e-08     -999.9        -999.9        -999.9        -999.9        -999.9   -999.9    -999.9    
98994.07    -1.2692e-05    -1.10931e-08     -999.9        -999.9        -999.9        -999.9        -999.9   -999.9    -999.9    
94814.59    -1.2692e-05    -1.10931e-08     -999.9        -999.9        -999.9        -999.9        -999.9   -999.9    -999.9    
88429.96    -9.46998e-06   -4.39926e-09     -999.9        -999.9        -999.9        -999.9        -999.9   -999.9    -999.9    
80311.41    -5.3729e-06    4.11252e-09      -999.9        -999.9        -999.9        -999.9        -999.9   -999.9    -999.9    
71023.28    -5.3729e-06    4.11252e-09      -999.9        -999.9        -999.9        -999.9        -999.9   -999.9    -999.9    
61186.85    -3.04161e-06   1.92265e-09      -999.9        -999.9        -999.9        -999.9        -999.9   -999.9    -999.9    
51984.22    7.1943e-07     1.72929e-09      -999.9        -999.9        -999.9        -999.9        -999.9   -999.9    -999.9    
44161.84    4.06532e-06    1.38383e-09      -999.9        -999.9        -999.9        -999.9        -999.9   -999.9    -999.9    
37512.69    7.80709e-06    9.26009e-10      -999.9        -999.9        -999.9        -999.9        -999.9   -999.9    -999.9    
31860.8     9.35391e-06    4.66047e-10      -999.9        -999.9        -999.9        -999.9        -999.9   -999.9    -999.9    
27056.6     1.07783e-05    1.95545e-10      -999.9        -999.9        -999.9        -999.9        -999.9   -999.9    -999.9    
22972.96    1.18252e-05    1.0209e-10       -999.9        -999.9        -999.9        -999.9        -999.9   -999.9    -999.9    
19501.8     1.08467e-05    4.39073e-11      -999.9        -999.9        -999.9        -999.9        -999.9   -999.9    -999.9    
16551.25    7.3043e-06     9.77855e-12      -999.9        -999.9        -999.9        -999.9        -999.9   -999.9    -999.9    
14043.24    2.54911e-06    0                -999.9        -999.9        -999.9        -999.9        -999.9   -999.9    -999.9    
11911.39    -1.63923e-06   0                -999.9        -999.9        -999.9        -999.9        -999.9   -999.9    -999.9    
10099.28    -5.17999e-06   0                -999.9        -999.9        -999.9        -999.9        -999.9   -999.9    -999.9    
8558.965    -5.08122e-06   0                -999.9        -999.9        -999.9        -999.9        -999.9   -999.9    -999.9    
7005.914    -4.63838e-06   0                -999.9        -999.9        -999.9        -999.9        -999.9   -999.9    -999.9    
5311.46     -5.94735e-06   0                -999.9        -999.9        -999.9        -999.9        -999.9   -999.9    -999.9    
3723.029    -6.62506e-06   0                -999.9        -999.9        -999.9        -999.9        -999.9   -999.9    -999.9    
2394.463    -7.00635e-06   0                -999.9        -999.9        -999.9        -999.9        -999.9   -999.9    -999.9    
1396.721    -7.27968e-06   0                -999.9        -999.9        -999.9        -999.9        -999.9   -999.9    -999.9    
738.8813    -4.53155e-06   0                -999.9        -999.9        -999.9        -999.9        -999.9   -999.9    -999.9    
354.4638    -9.95245e-06   0                -999.9        -999.9        -999.9        -999.9        -999.9   -999.9    -999.9    
2592000.0   26                                                                                                                   
100000      -1.2692e-05    -1.10931e-08     -999.9        -999.9        -999.9        -999.9        -999.9   -999.9    -999.9    
98994.07    -1.2692e-05    -1.10931e-08     -999.9        -999.9        -999.9        -999.9        -999.9   -999.9    -999.9    
94814.59    -1.2692e-05    -1.10931e-08     -999.9        -999.9        -999.9        -999.9        -999.9   -999.9    -999.9    
88429.96    -9.46998e-06   -4.39926e-09     -999.9        -999.9        -999.9        -999.9        -999.9   -999.9    -999.9    
80311.41    -5.3729e-06    4.11252e-09      -999.9        -999.9        -999.9        -999.9        -999.9   -999.9    -999.9    
71023.28    -5.3729e-06    4.11252e-09      -999.9        -999.9        -999.9        -999.9        -999.9   -999.9    -999.9    
61186.85    -3.04161e-06   1.92265e-09      -999.9        -999.9        -999.9        -999.9        -999.9   -999.9    -999.9    
51984.22    7.1943e-07     1.72929e-09      -999.9        -999.9        -999.9        -999.9        -999.9   -999.9    -999.9    
44161.84    4.06532e-06    1.38383e-09      -999.9        -999.9        -999.9        -999.9        -999.9   -999.9    -999.9    
37512.69    7.80709e-06    9.26009e-10      -999.9        -999.9        -999.9        -999.9        -999.9   -999.9    -999.9    
31860.8     9.35391e-06    4.66047e-10      -999.9        -999.9        -999.9        -999.9        -999.9   -999.9    -999.9    
27056.6     1.07783e-05    1.95545e-10      -999.9        -999.9        -999.9        -999.9        -999.9   -999.9    -999.9    
22972.96    1.18252e-05    1.0209e-10       -999.9        -999.9        -999.9        -999.9        -999.9   -999.9    -999.9    
19501.8     1.08467e-05    4.39073e-11      -999.9        -999.9        -999.9        -999.9        -999.9   -999.9    -999.9    
16551.25    7.3043e-06     9.77855e-12      -999.9        -999.9        -999.9        -999.9        -999.9   -999.9    -999.9    
14043.24    2.54911e-06    0                -999.9        -999.9        -999.9        -999.9        -999.9   -999.9    -999.9    
11911.39    -1.63923e-06   0                -999.9        -999.9        -999.9        -999.9        -999.9   -999.9    -999.9    
10099.28    -5.17999e-06   0                -999.9        -999.9        -999.9        -999.9        -999.9   -999.9    -999.9    
8558.965    -5.08122e-06   0                -999.9        -999.9        -999.9        -999.9        -999.9   -999.9    -999.9    
7005.914    -4.63838e-06   0                -999.9        -999.9        -999.9        -999.9        -999.9   -999.9    -999.9    
5311.46     -5.94735e-06   0                -999.9        -999.9        -999.9        -999.9        -999.9   -999.9    -999.9    
3723.029    -6.62506e-06   0                -999.9        -999.9        -999.9        -999.9        -999.9   -999.9    -999.9    
2394.463    -7.00635e-06   0                -999.9        -999.9        -999.9        -999.9        -999.9   -999.9    -999.9    
1396.721    -7.27968e-06   0                -999.9        -999.9        -999.9        -999.9        -999.9   -999.9    -999.9    
738.8813    -4.53155e-06   0                -999.9        -999.9        -999.9        -999.9        -999.9   -999.9    -999.9    
354.4638    -9.95245e-06   0                -999.9        -999.9        -999.9        -999.9        -999.9   -999.9    -999.9    
