! The vertical coordinate is entered in the first column as height (z[m]) or pressure (Press[Pa]).
! Temperature can be entered as liquid water potential temperature (thlm[K]), potential temperature (thm[K]), or absolute temperature(T[K]).
! Prescribed, time-independent vertical velocity can be entered as velocity (w[m/s]) or pressure velocity ('omega[Pa/s]')
! If vertical velocity is time dependent, insert missing values throughout column.
! In all cases, missing values are denoted by -999.9
Press[Pa]	T[K]		'rt[kg/kg]'	'u[m/s]'		'v[m/s]'		'ug[m/s]'		'vg[m/s]'		'omega[Pa/s]'
101864.6	289.4600	0.009220000	2.119829	-8.000850	2.119829	-8.000850	0
100731.4        289.3485        0.009889199     2.119829        -8.000850       2.119829        -8.000850       0.006246583
100442.4        289.0860        0.009761801     2.301660        -8.746630       2.301660        -8.746630       0.00783672
100042.0        288.7477        0.009691929     2.389976        -9.188724       2.389976        -9.188724       0.01003554
99516.45        288.3195        0.009636044     2.434676        -9.522673       2.434676        -9.522673       0.01291369
98866.70        287.8067        0.009573154     2.445304        -9.823194       2.445304        -9.823194       0.01645442
98104.07        287.2548        0.009458208     2.414364        -10.12450       2.414364        -10.12450       0.02057971
97213.86        286.8036        0.009207857     2.314892        -10.44489       2.314892        -10.44489       0.02534275
96170.13        287.1570        0.008355165     2.012392        -10.80598       2.012392        -10.80598       0.03083882
94969.97        289.3480        0.006711455     1.460927        -10.88002       1.460927        -10.88002       0.03701551
93613.80        291.4141        0.005476913     0.998707        -10.46121       0.998707        -10.46121       0.04377423
92101.95        293.0248        0.004595226     0.7840111       -9.598885       0.7840111       -9.598885       0.05098274
90434.77        293.7095        0.004149928     0.8651217       -8.599876       0.8651217       -8.599876       0.05846804
88616.34        293.8601        0.003820563     1.103804        -7.575513       1.103804        -7.575513       0.06599718
86654.10        293.6312        0.003581839     1.414612        -6.558093       1.414612        -6.558093       0.07328319
84555.31        293.0218        0.003476861     1.732151        -5.586770       1.732151        -5.586770       0.08000749
82326.62        292.0656        0.003477229     2.033381        -4.672063       2.033381        -4.672063       0.08582859
79976.70        290.7858        0.003502817     2.301851        -3.820002       2.301851        -3.820002       0.09038839
77517.73        289.2042        0.003517512     2.526867        -3.023082       2.526867        -3.023082       0.09333453
74961.51        287.3852        0.003439546     2.687867        -2.236976       2.687867        -2.236976       0.09435509
72318.39        285.4241        0.003210155     2.781242        -1.399742       2.781242        -1.399742       0.09412271
69599.90        283.3767        0.002899391     2.792302        -0.4788734      2.792302        -0.4788734      0.09341378
66820.70        281.2411        0.002620819     2.717119        0.4874265       2.717119        0.4874265       0.09220014
63994.70        279.0058        0.002315329     2.589729        1.447120        2.589729        1.447120        0.09046583
61133.74        276.6497        0.002007420     2.446215        2.424216        2.446215        2.424216        0.08820593
58250.39        274.2343        0.001693251     2.321637        3.381585        2.321637        3.381585        0.08542796
55359.41        271.6320        0.001425995     2.270425        4.191716        2.270425        4.191716        0.08215418
52482.98        268.7996        0.001229988     2.285704        4.902865        2.285704        4.902865        0.07842999
49649.27        265.7447        0.001082049     2.388203        5.564980        2.388203        5.564980        0.07432629
46885.87        262.5343        0.0009251717    2.610900        6.210648        2.610900        6.210648        0.06993046
44218.53        259.2582        0.0007661786    2.899788        6.917633        2.899788        6.917633        0.06534017
41671.25        255.9792        0.0006169630    3.158634        7.650903        3.158634        7.650903        0.06065884
39254.24        252.7564        0.0004842633    3.338287        8.366939        3.338287        8.366939        0.05596725
36963.82        249.5581        0.0003786551    3.476977        9.043525        3.476977        9.043525        0.05131434
34794.80        246.3507        0.0002940272    3.583491        9.689902        3.583491        9.689902        0.04673772
32741.42        243.1216        0.0002247210    3.673175        10.30934        3.673175        10.30934        0.04226601
30798.21        239.9562        0.0001649307    3.810448        10.84571        3.810448        10.84571        0.03792155
28959.87        236.8364        0.0001162182    4.069050        11.30582        4.069050        11.30582        0.03372104
27221.34        233.7472        8.395623e-05    4.389029        11.79498        4.389029        11.79498        0.02967658
25577.79        230.7415        6.259272e-05    4.576819        12.31245        4.576819        12.31245        0.02579643
24024.58        227.7952        4.683408e-05    4.619872        12.88984        4.619872        12.88984        0.02208552
22557.28        224.9546        3.462366e-05    4.634452        13.50858        4.634452        13.50858        0.01854622
21171.61        222.2190        2.564904e-05    4.655102        14.04790        4.655102        14.04790        0.01517863
19863.52        219.6118        1.895241e-05    4.655729        14.35959        4.655729        14.35959        0.01198118
18629.12        217.0844        1.416802e-05    4.637072        14.34280        4.637072        14.34280        0.008950885
17464.70        214.6499        1.075997e-05    4.616647        13.96467        4.616647        13.96467        0.006083773
16366.70        212.3539        8.224182e-06    4.544694        13.31221        4.544694        13.31221        0.003374986
15331.74        210.2831        6.522796e-06    4.339303        12.47312        4.339303        12.47312        0.0008191251
14335.69        208.4607        5.448261e-06    3.899838        11.50734        3.899838        11.50734        0
13347.75        206.9485        4.637424e-06    3.238171        10.42024        3.238171        10.42024        0
12359.56        205.8979        4.052846e-06    2.339800        9.148067        2.339800        9.148067        0
11371.16        205.3454        3.519319e-06    1.046726        7.783111        1.046726        7.783111        0
10382.59        205.4628        3.046429e-06    -0.529889       6.471846        -0.529889       6.471846        0
9393.892        206.1092        2.574663e-06    -2.211564       5.250231        -2.211564       5.250231        0
8405.123        207.2382        2.223448e-06    -3.934233       4.002090        -3.934233       4.002090        0
7416.280        208.7272        2.020993e-06    -5.635286       2.873938        -5.635286       2.873938        0
6427.467        210.6917        1.937647e-06    -7.366197       1.944483        -7.366197       1.944483        0
5438.624        213.0636        1.933563e-06    -9.021182       1.127535        -9.021182       1.127535        0
4449.765        215.5528        1.975038e-06    -10.73331       0.5605285       -10.73331       0.5605285       0
3460.937        218.2163        2.070470e-06    -12.33947       0.1861610       -12.33947       0.1861610       0
2472.099        222.0664        2.222090e-06    -14.65123       -0.1384888      -14.65123       -0.1384888      0
1483.253        228.6315        2.456264e-06    -16.50865       -0.1829128      -16.50865       -0.1829128      0
494.4198        239.8400        2.848380e-06    -27.23501       0.1731955       -27.23501       0.1731955       0
