! The vertical coordinate is entered in the first column as height (z[m]) or pressure (Press[Pa]).
! Temperature can be entered as liquid water potential temperature (thlm_f[K\s]), potential temperature (thm_f[K\s]), or absolute temperature(T_f[K\s]).
! Prescribed, time-independent vertical velocity can be entered as velocity (w[m\s]) or pressure velocity (omega[Pa\s] or omega[mb\hr])
! In all cases, missing values are denoted by -999.9
! The blanks are filled first vertically and then across time. This means that if you have a column that is completely filled with missing values
Press[Pa]   T_f[K\s]       rtm_f[kg\kg\s]   um_ref[m\s]   vm_ref[m\s]   um_f[m\s^2]   vm_f[m\s^2]   w[m\s]   ug[m\s]   vg[m\s]   
0.0         26                                                                                                                   
100000      -1.79942e-05   -1.13438e-08     -999.9        -999.9        -999.9        -999.9        -999.9   -999.9    -999.9    
98994.07    -1.79942e-05   -1.13438e-08     -999.9        -999.9        -999.9        -999.9        -999.9   -999.9    -999.9    
94814.59    -1.79942e-05   -1.13438e-08     -999.9        -999.9        -999.9        -999.9        -999.9   -999.9    -999.9    
88429.96    -1.78506e-05   -4.56329e-09     -999.9        -999.9        -999.9        -999.9        -999.9   -999.9    -999.9    
80311.41    -1.76679e-05   4.0587e-09       -999.9        -999.9        -999.9        -999.9        -999.9   -999.9    -999.9    
71023.28    -1.76679e-05   4.0587e-09       -999.9        -999.9        -999.9        -999.9        -999.9   -999.9    -999.9    
61186.85    -1.39171e-05   3.90715e-09      -999.9        -999.9        -999.9        -999.9        -999.9   -999.9    -999.9    
51984.22    -1.09528e-05   3.27894e-09      -999.9        -999.9        -999.9        -999.9        -999.9   -999.9    -999.9    
44161.84    -8.43028e-06   2.3589e-09       -999.9        -999.9        -999.9        -999.9        -999.9   -999.9    -999.9    
37512.69    -4.30973e-06   1.48275e-09      -999.9        -999.9        -999.9        -999.9        -999.9   -999.9    -999.9    
31860.8     8.25542e-07    7.36137e-10      -999.9        -999.9        -999.9        -999.9        -999.9   -999.9    -999.9    
27056.6     8.15285e-06    3.82732e-10      -999.9        -999.9        -999.9        -999.9        -999.9   -999.9    -999.9    
22972.96    8.99918e-06    2.15384e-10      -999.9        -999.9        -999.9        -999.9        -999.9   -999.9    -999.9    
19501.8     4.13717e-06    6.01865e-11      -999.9        -999.9        -999.9        -999.9        -999.9   -999.9    -999.9    
16551.25    2.29793e-06    9.09795e-12      -999.9        -999.9        -999.9        -999.9        -999.9   -999.9    -999.9    
14043.24    1.26536e-06    0                -999.9        -999.9        -999.9        -999.9        -999.9   -999.9    -999.9    
11911.39    1.07011e-06    0                -999.9        -999.9        -999.9        -999.9        -999.9   -999.9    -999.9    
10099.28    -1.64366e-08   0                -999.9        -999.9        -999.9        -999.9        -999.9   -999.9    -999.9    
8558.965    -8.95723e-07   0                -999.9        -999.9        -999.9        -999.9        -999.9   -999.9    -999.9    
7005.914    -2.29558e-06   0                -999.9        -999.9        -999.9        -999.9        -999.9   -999.9    -999.9    
5311.46     -4.88417e-06   0                -999.9        -999.9        -999.9        -999.9        -999.9   -999.9    -999.9    
3723.029    -8.45711e-06   0                -999.9        -999.9        -999.9        -999.9        -999.9   -999.9    -999.9    
2394.463    -1.08082e-05   0                -999.9        -999.9        -999.9        -999.9        -999.9   -999.9    -999.9    
1396.721    -1.05446e-05   0                -999.9        -999.9        -999.9        -999.9        -999.9   -999.9    -999.9    
738.8813    -7.56856e-06   0                -999.9        -999.9        -999.9        -999.9        -999.9   -999.9    -999.9    
354.4638    -8.43226e-06   0                -999.9        -999.9        -999.9        -999.9        -999.9   -999.9    -999.9    
2592000.0   26                                                                                                                   
100000      -1.79942e-05   -1.13438e-08     -999.9        -999.9        -999.9        -999.9        -999.9   -999.9    -999.9    
98994.07    -1.79942e-05   -1.13438e-08     -999.9        -999.9        -999.9        -999.9        -999.9   -999.9    -999.9    
94814.59    -1.79942e-05   -1.13438e-08     -999.9        -999.9        -999.9        -999.9        -999.9   -999.9    -999.9    
88429.96    -1.78506e-05   -4.56329e-09     -999.9        -999.9        -999.9        -999.9        -999.9   -999.9    -999.9    
80311.41    -1.76679e-05   4.0587e-09       -999.9        -999.9        -999.9        -999.9        -999.9   -999.9    -999.9    
71023.28    -1.76679e-05   4.0587e-09       -999.9        -999.9        -999.9        -999.9        -999.9   -999.9    -999.9    
61186.85    -1.39171e-05   3.90715e-09      -999.9        -999.9        -999.9        -999.9        -999.9   -999.9    -999.9    
51984.22    -1.09528e-05   3.27894e-09      -999.9        -999.9        -999.9        -999.9        -999.9   -999.9    -999.9    
44161.84    -8.43028e-06   2.3589e-09       -999.9        -999.9        -999.9        -999.9        -999.9   -999.9    -999.9    
37512.69    -4.30973e-06   1.48275e-09      -999.9        -999.9        -999.9        -999.9        -999.9   -999.9    -999.9    
31860.8     8.25542e-07    7.36137e-10      -999.9        -999.9        -999.9        -999.9        -999.9   -999.9    -999.9    
27056.6     8.15285e-06    3.82732e-10      -999.9        -999.9        -999.9        -999.9        -999.9   -999.9    -999.9    
22972.96    8.99918e-06    2.15384e-10      -999.9        -999.9        -999.9        -999.9        -999.9   -999.9    -999.9    
19501.8     4.13717e-06    6.01865e-11      -999.9        -999.9        -999.9        -999.9        -999.9   -999.9    -999.9    
16551.25    2.29793e-06    9.09795e-12      -999.9        -999.9        -999.9        -999.9        -999.9   -999.9    -999.9    
14043.24    1.26536e-06    0                -999.9        -999.9        -999.9        -999.9        -999.9   -999.9    -999.9    
11911.39    1.07011e-06    0                -999.9        -999.9        -999.9        -999.9        -999.9   -999.9    -999.9    
10099.28    -1.64366e-08   0                -999.9        -999.9        -999.9        -999.9        -999.9   -999.9    -999.9    
8558.965    -8.95723e-07   0                -999.9        -999.9        -999.9        -999.9        -999.9   -999.9    -999.9    
7005.914    -2.29558e-06   0                -999.9        -999.9        -999.9        -999.9        -999.9   -999.9    -999.9    
5311.46     -4.88417e-06   0                -999.9        -999.9        -999.9        -999.9        -999.9   -999.9    -999.9    
3723.029    -8.45711e-06   0                -999.9        -999.9        -999.9        -999.9        -999.9   -999.9    -999.9    
2394.463    -1.08082e-05   0                -999.9        -999.9        -999.9        -999.9        -999.9   -999.9    -999.9    
1396.721    -1.05446e-05   0                -999.9        -999.9        -999.9        -999.9        -999.9   -999.9    -999.9    
738.8813    -7.56856e-06   0                -999.9        -999.9        -999.9        -999.9        -999.9   -999.9    -999.9    
354.4638    -8.43226e-06   0                -999.9        -999.9        -999.9        -999.9        -999.9   -999.9    -999.9    
