! The levels of the vertical coordinate (z or pressure) are assumed to be the same as those in the corresponding sounding.in file.
'o3[kg/kg]'
4.617446e-08
4.617446e-08
4.626531e-08
4.63961e-08
4.657198e-08
4.679467e-08
4.7068e-08
4.742441e-08
4.799817e-08
4.897559e-08
5.003988e-08
5.11424e-08
5.220692e-08
5.296256e-08
5.373407e-08
5.453178e-08
5.536676e-08
5.617664e-08
5.676561e-08
5.739446e-08
5.8088e-08
5.85218e-08
5.885856e-08
5.924405e-08
6.029214e-08
6.167097e-08
6.315378e-08
6.465808e-08
6.627201e-08
6.78748e-08
6.957465e-08
7.129683e-08
7.307931e-08
7.558174e-08
7.926136e-08
8.312815e-08
8.722252e-08
9.155332e-08
9.787272e-08
1.050049e-07
1.126726e-07
1.209761e-07
1.298043e-07
1.394075e-07
1.495982e-07
1.587595e-07
1.675981e-07
1.780471e-07
1.922324e-07
2.086271e-07
2.247524e-07
2.436326e-07
3.188061e-07
4.326551e-07
5.852489e-07
8.826722e-07
1.425643e-06
2.276464e-06
3.611593e-06
5.819912e-06
8.580055e-06
1.148196e-05
9.301226e-06
