!This is a dummy file that has no effect on the code. It is needed so that the cobra_surface.in file can be read in due to how CLUBB is written.
!
z[m]        thlm_f[K\s]     rtm_f[kg\kg\s]   um_ref[m\s]   vm_ref[m\s]   um_f[m\s^2]   vm_f[m\s^2]   w[m\s]   ug[m\s]   vg[m\s]   
84586.      18                                                                                                                    
59.21       -999.9     -999.9       -999.9          -999.9           -999.9        -999.9        -999.9   -999.9    -999.9    
524.304     -999.9     -999.9       -999.9          -999.9           -999.9        -999.9        -999.9   -999.9    -999.9    
1008.614    -999.9     -999.9       -999.9          -999.9           -999.9        -999.9        -999.9   -999.9    -999.9    
1515.234    -999.9     -999.9       -999.9          -999.9           -999.9        -999.9        -999.9   -999.9    -999.9    
2047.661    -999.9     -999.9       -999.9          -999.9           -999.9        -999.9        -999.9   -999.9    -999.9    
2609.434    -999.9     -999.9       -999.9          -999.9           -999.9        -999.9        -999.9   -999.9    -999.9    
3203.96     -999.9     -999.9       -999.9          -999.9           -999.9        -999.9        -999.9   -999.9    -999.9    
3835.436    -999.9     -999.9       -999.9          -999.9           -999.9        -999.9        -999.9   -999.9    -999.9    
4509.983    -999.9     -999.9       -999.9          -999.9           -999.9        -999.9        -999.9   -999.9    -999.9    
5235.93     -999.9     -999.9       -999.9          -999.9           -999.9        -999.9        -999.9   -999.9    -999.9    
6023.204    -999.9     -999.9       -999.9          -999.9           -999.9        -999.9        -999.9   -999.9    -999.9    
6882.909    -999.9     -999.9       -999.9          -999.9           -999.9        -999.9        -999.9   -999.9    -999.9    
7828.958    -999.9     -999.9       -999.9          -999.9           -999.9        -999.9        -999.9   -999.9    -999.9    
8881.194    -999.9     -999.9       -999.9          -999.9           -999.9        -999.9        -999.9   -999.9    -999.9    
10071.93    -999.9     -999.9       -999.9          -999.9           -999.9        -999.9        -999.9   -999.9    -999.9     
11458.434   -999.9     -999.9       -999.9          -999.9           -999.9        -999.9        -999.9   -999.9    -999.9    
13147.343   -999.9     -999.9       -999.9          -999.9           -999.9        -999.9        -999.9   -999.9    -999.9      
15385.763   -999.9     -999.9       -999.9          -999.9           -999.9        -999.9        -999.9   -999.9    -999.9    
