z[m]    thetal[K]   rt[kg\kg]   u[m\s]   v[m\s]   w[m\s]   ug[m\s]   vg[m\s]   
0.      289.        0.009       7.       -5.5     0.       7.        -5.5      
600.    289.        0.009       7.       -5.5     -999.9   7.        -5.5      
650.    289.        0.009       7.       -5.5     -999.9   7.        -5.5      
840.    289.        0.009       7.       -5.5     -999.9   7.        -5.5      
840.5   297.5       0.0015      7.       -5.5     -999.9   7.        -5.5      
860.    300.21      0.0015      7.       -5.5     -999.9   7.        -5.5      
900.    301.41      0.0015      7.       -5.5     -999.9   7.        -5.5      
1000.   302.93      0.0015      7.       -5.5     -999.9   7.        -5.5      
1100.   303.88      0.0015      7.       -5.5     -999.9   7.        -5.5      
1200.   304.61      0.0015      7.       -5.5     -999.9   7.        -5.5      
1300.   305.22      0.0015      7.       -5.5     -999.9   7.        -5.5      
1400.   305.74      0.0015      7.       -5.5     -999.9   7.        -5.5      
1500.   306.2       0.0015      7.       -5.5     -999.9   7.        -5.5      
1600.   306.62      0.0015      7.       -5.5     -0.006   7.        -5.5      
