Time[s]    thlm[K]   rt[kg\kg]    Press[Pa]   upwp_sfc[(m\s)^2]   vpwp_sfc[(m\s)^2]
86400.     291.28    0.0100       102210      0.0737614           0.00226843
90000.     290.34    0.0099       102200      0.0482287           0.000667833
93600.     289.45    0.0100       102200      0.0363999           -0.000157663
97200.     288.62    0.0099       102180      0.0286854           -0.000541389
100800.    288.43    0.0099       102190      0.0301782           -0.00124838
104400.    289.95    0.0104       102210      0.0416914           -0.0039836
108000.    292.38    0.0109       102230      0.0649769           -0.0144245
111600.    294.16    0.0113       102230      0.0699305           -0.0162457
115200.    296.55    0.0121       102230      0.0694219           -0.00523466
118800.    298.45    0.0129       102220      0.0943223           0.0124799
