z[m]     theta[K]   rt[kg\kg]           u[m\s]    v[m\s]    ug[m\s]   vg[m\s]   
0.0E+0   298.0898   9.387301907742E-3   0.0E+0    0.0E+0    0.0E+0    0.0E+0    
2.0      298.3053   9.387301907742E-3   -0.8      -0.08     -0.8      -0.08     
10.0     297.786    8.572869389813E-3   -4.0      -0.4      -4.0      -0.4      
20.0     297.6837   8.471157724889E-3   -4.0437   -0.4029   -4.0437   -0.4029   
40.0     297.5783   8.369466572552E-3   -4.1312   -0.4087   -4.1312   -0.4087   
80.0     297.5666   8.267795926598E-3   -4.3061   -0.4204   -4.3061   -0.4204   
140.0    297.4492   8.166145780825E-3   -4.5685   -0.4379   -4.5685   -0.4379   
205.0    297.3901   8.064516129032E-3   -4.8528   -0.4569   -4.8528   -0.4569   
1800.0   297.7659   7.556675062972E-3   -2.9186   1.3438    -2.9186   1.3438    
2200.0   301.7001   2.004008016032E-3   -2.0      2.0       -2.0      2.0       
5000.0   315.0654   3.00090027008E-4    -2.0      2.0       -2.0      2.0       
