"rt[kg/kg]"       thm[K]     
0.0185469         297.5924   
0.0165131         300.4496   
0.0164649         300.8142   
0.0146163         303.2788   
0.012772101       305.7706   
0.0109566         308.5074   
0.0091329         311.0645   
0.008561701       313.7156   
0.0074557         316.1895   
0.0067084003      318.2611   
0.0060460004      319.9731   
0.0052372         322.3978   
0.0043251         324.89     
0.0035266         327.6849   
0.0030717002      329.3629   
0.0022173         331.6133   
0.001999          333.1885   
0.0015877001      334.2248   
0.0009643         336.2921   
0.00082470005     337.9      
0.0006192         339.5067   
0.0004209         341.3365   
0.0002915         342.595    
0.00022300001     343.5854   
0.00020560001     344.655    
0.0001231         345.6043   
0.000078100005    347.0636   
0.000050000002    347.6107   
0.0000326         348.0988   
0.0000175         348.9892   
0.000009200001    350.1689   
0.0000055         352.8745   
0.000003          355.242    
0.0000017000001   358.9141   
0.0000011000001   362.8484   
0.0000011000001   371.5976   
0.0000012000002   381.916    
0.0000011000001   388.507    
0.0000011000001   398.8011   
0.0000016         414.3179   
0.0000028         431.6455   
0.0000025000002   442.4644   
0.0000029         457.3408   
0.0000031000002   472.7966   
0.0000032         488.2108   
0.0000033000001   506.0144   
0.0000138000005   762.8471   
