! The vertical coordinate is entered in the first column as height (z[m]) or pressure (Press[Pa]).
! Temperature can be entered as liquid water potential temperature (thlm[K]), potential temperature (thm[K]), or absolute temperature(T[K]).
! Prescribed, time-independent vertical velocity can be entered as velocity (w[m\s]) or pressure velocity (omega[Pa\s])
! If vertical velocity is time dependent, insert missing values throughout column.
! In all cases, missing values are denoted by -999.9
z[m]        thm[K]   rt[kg\kg]       u[m\s]   v[m\s]   w[m\s] ug[m\s]   vg[m\s]   
0.0E+0      297.5924   0.0185469       0.0E+0   -0.4  -999.9 0.0E+0    -0.4      
334.0       300.4496   0.0165131       0.81     -3.51 -999.9 0.81      -3.51     
443.0       300.8142   0.0164649       1.17     -3.88 -999.9 1.17      -3.88     
970.0       303.2788   0.0146163       3.44     -4.77 -999.9 3.44      -4.77     
1523.0      305.7706   0.012772101     3.53     -5.28 -999.9 3.53      -5.28     
2086.0      308.5074   0.0109566       3.88     -5.85  -999.9  3.88      -5.85     
2630.0      311.0645   9.1329E-3       4.09     -5.6   -999.9  4.09      -5.6      
3166.9997   313.7156   8.561701E-3     3.97     -2.67  -999.9  3.97      -2.67     
3693.9997   316.1895   7.4557E-3       1.22     -1.47   -999.9 1.22      -1.47     
4197.0      318.2611   6.7084003E-3    0.16     0.57   -999.9  0.16      0.57      
4657.0      319.9731   6.0460004E-3    -1.22    0.89   -999.9  -1.22     0.89      
5112.0      322.3978   5.2372E-3       -1.72    -0.08  -999.9  -1.72     -0.08     
5556.0      324.89     4.3251E-3       -2.77    1.11   -999.9  -2.77     1.11      
6001.0      327.6849   3.5266E-3       -2.65    2.15   -999.9  -2.65     2.15      
6448.0      329.3629   3.0717002E-3    -0.64    3.12   -999.9  -0.64     3.12      
6865.9995   331.6133   2.2173E-3       -0.07    3.22   -999.9  -0.07     3.22      
7301.0      333.1885   1.999E-3        -1.9     3.34   -999.9  -1.9      3.34      
7751.0      334.2248   1.5877001E-3    -2.7     1.91   -999.9  -2.7      1.91      
8170.0      336.2921   9.643E-4        -2.99    1.15   -999.9  -2.99     1.15      
8588.0      337.9      8.2470005E-4    -3.66    1.01    -999.9 -3.66     1.01      
9019.0      339.5067   6.192E-4        -5.05    -0.57  -999.9  -5.05     -0.57     
9481.0      341.3365   4.209E-4        -6.64    -0.67  -999.9  -6.64     -0.67     
9954.0      342.595    2.915E-4        -4.74    0.31   -999.9  -4.74     0.31      
10443.0     343.5854   2.2300001E-4    -5.3     2.97   -999.9  -5.3      2.97      
10878.0     344.655    2.0560001E-4    -6.07    2.32   -999.9  -6.07     2.32      
11330.0     345.6043   1.231E-4        -4.26    2.66   -999.9  -4.26     2.66      
11835.999   347.0636   7.8100005E-5    -7.52    4.79   -999.9  -7.52     4.79      
12342.0     347.6107   5.0000002E-5    -8.88    3.4    -999.9  -8.88     3.4       
12841.0     348.0988   3.26E-5         -9.0     3.14   -999.9  -9.0      3.14      
13348.0     348.9892   1.75E-5         -7.77    3.93   -999.9  -7.77     3.93      
13841.0     350.1689   9.200001E-6     -5.37    7.57   -999.9  -5.37     7.57      
14313.0     352.8745   5.5E-6          -3.88    2.58   -999.9  -3.88     2.58      
14826.0     355.242    3.0E-6          -1.15    2.5    -999.9 -1.15     2.5       
15328.0     358.9141   1.7000001E-6    -2.36    6.44   -999.9  -2.36     6.44      
15888.999   362.8484   1.1000001E-6    -9.2     6.84  -999.9   -9.2      6.84      
16361.0     371.5976   1.1000001E-6    -8.01    0.19  -999.9   -8.01     0.19      
16831.002   381.916    1.2000002E-6    -5.68    -2.2  -999.9   -5.68     -2.2      
17312.0     388.507    1.1000001E-6    -8.83    -3.6  -999.9   -8.83     -3.6      
17804.0     398.8011   1.1000001E-6    -14.51   0.56  -999.9   -14.51    0.56      
18267.0     414.3179   1.6E-6          -15.55   6.68   -999.9  -15.55    6.68      
18721.0     431.6455   2.8E-6          -15.36   9.41   -999.9  -15.36    9.41      
19201.0     442.4644   2.5000001E-6    -17.67   7.03  -999.9   -17.67    7.03      
19679.0     457.3408   2.9E-6          -17.82   5.32  -999.9   -17.82    5.32      
20191.0     472.7966   3.1000001E-6    -18.94   1.14  -999.9   -18.94    1.14      
20683.0     488.2108   3.2E-6          -15.92   -0.65 -999.9   -15.92    -0.65     
21199.002   506.0144   3.3000001E-6    -15.32   5.27   -999.9  -15.32    5.27      
29870.0     762.8471   1.38000004E-5   -15.32   5.27   -999.9  -15.32    5.27      
