! The vertical coordinate is entered in the first column as height (z[m]) or pressure (Press[Pa]).
! Temperature can be entered as liquid water potential temperature (thlm[K]), potential temperature (thm[K]), or absolute temperature(T[K]).
! Prescribed, time-independent vertical velocity can be entered as velocity (w[m\s]) or pressure velocity (omega[Pa\s])
! If vertical velocity is time dependent, insert missing values throughout column.
! In all cases, missing values are denoted by -999.9
z[m]               thm[K]          'rt[kg/kg]'           'u[m/s]' 'v[m/s]' 'w[m/s]' 'ug[m/s]' 'vg[m/s]'  
0.0E+0             269.201146082537   1.95E-3               -13.0    -3.0    -999.9       -13.0     -3.0      
4.98162355134499   269.201073501614   1.95E-3               -13.0    -3.0    -999.9       -13.0     -3.0      
10.0634270117872   269.200999447636   1.95E-3               -13.0    -3.0    -999.9       -13.0     -3.0      
15.1573628814755   269.200925203212   1.95E-3               -13.0    -3.0    -999.9       -13.0     -3.0      
19.9791695127134   269.200854912494   1.95E-3               -13.0    -3.0    -999.9       -13.0     -3.0      
24.7725681515798   269.200785023755   1.95E-3               -13.0    -3.0    -999.9       -13.0     -3.0      
29.5680445539126   269.200715092602   1.95E-3               -13.0    -3.0    -999.9       -13.0     -3.0      
34.4964724857764   269.200643210016   1.95E-3               -13.0    -3.0    -999.9       -13.0     -3.0      
39.7326069788742   269.2005668254     1.95E-3               -13.0    -3.0    -999.9       -13.0     -3.0      
44.8074779183652   269.200492779485   1.95E-3               -13.0    -3.0    -999.9       -13.0     -3.0      
49.7208624481855   269.200421076817   1.95E-3               -13.0    -3.0    -999.9       -13.0     -3.0      
54.6364320607058   269.200349329504   1.95E-3               -13.0    -3.0    -999.9       -13.0     -3.0      
59.6525665589567   269.200276101191   1.95E-3               -13.0    -3.0    -999.9       -13.0     -3.0      
64.9006344548821   269.200199472753   1.95E-3               -13.0    -3.0    -999.9       -13.0     -3.0      
69.9870788457028   269.200125190328   1.95E-3               -13.0    -3.0    -999.9       -13.0     -3.0      
74.9116756616193   269.200053258486   1.95E-3               -13.0    -3.0    -999.9       -13.0     -3.0      
79.9651875350453   269.199979430289   1.95E-3               -13.0    -3.0    -999.9       -13.0     -3.0      
85.0350997851796   269.199905348912   1.95E-3               -13.0    -3.0    -999.9       -13.0     -3.0      
90.1261319873338   269.199830945236   1.95E-3               -13.0    -3.0    -999.9       -13.0     -3.0      
95.3887068501325   269.199754020094   1.95E-3               -13.0    -3.0    -999.9       -13.0     -3.0      
100.061345056039   269.199685705992   1.95E-3               -13.0    -3.0    -999.9       -13.0     -3.0      
104.900598363735   269.199614943773   1.95E-3               -13.0    -3.0    -999.9       -13.0     -3.0      
109.890214503214   269.199541969863   1.95E-3               -13.0    -3.0    -999.9       -13.0     -3.0      
115.327019168036   269.199462440718   1.95E-3               -13.0    -3.0    -999.9       -13.0     -3.0      
120.271896078378   269.199390093833   1.95E-3               -13.0    -3.0    -999.9       -13.0     -3.0      
124.724182356821   269.199324942778   1.95E-3               -13.0    -3.0    -999.9       -13.0     -3.0      
129.920790241321   269.199248886626   1.95E-3               -13.0    -3.0    -999.9       -13.0     -3.0      
135.070323148234   269.1991735053     1.95E-3               -13.0    -3.0    -999.9       -13.0     -3.0      
140.123165223889   269.199099525685   1.95E-3               -13.0    -3.0    -999.9       -13.0     -3.0      
145.079182712836   269.199026950512   1.95E-3               -13.0    -3.0    -999.9       -13.0     -3.0      
149.739873230772   269.198958688145   1.95E-3               -13.0    -3.0    -999.9       -13.0     -3.0      
154.402536964804   269.198890385316   1.95E-3               -13.0    -3.0    -999.9       -13.0     -3.0      
159.364985944994   269.198817678258   1.95E-3               -13.0    -3.0    -999.9       -13.0     -3.0      
164.677284721459   269.198739830866   1.95E-3               -13.0    -3.0    -999.9       -13.0     -3.0      
170.091516268243   269.198660474269   1.95E-3               -13.0    -3.0    -999.9       -13.0     -3.0      
175.061045121413   269.198587621951   1.95E-3               -13.0    -3.0    -999.9       -13.0     -3.0      
180.032819495331   269.198514723544   1.95E-3               -13.0    -3.0    -999.9       -13.0     -3.0      
185.006841827281   269.19844177899    1.95E-3               -13.0    -3.0    -999.9       -13.0     -3.0      
189.983114558741   269.198368788228   1.95E-3               -13.0    -3.0    -999.9       -13.0     -3.0      
194.812251565015   269.198297942987   1.95E-3               -13.0    -3.0    -999.9       -13.0     -3.0      
199.294791867275   269.19823217131    1.95E-3               -13.0    -3.0    -999.9       -13.0     -3.0      
204.626413596449   269.198153927215   1.95E-3               -13.0    -3.0    -999.9       -13.0     -3.0      
210.110217458932   269.198073433935   1.95E-3               -13.0    -3.0    -999.9       -13.0     -3.0      
215.097869515586   269.198000209401   1.95E-3               -13.0    -3.0    -999.9       -13.0     -3.0      
220.010148514934   269.197928078434   1.95E-3               -13.0    -3.0    -999.9       -13.0     -3.0      
224.891336905071   269.197856391216   1.95E-3               -13.0    -3.0    -999.9       -13.0     -3.0      
229.774695612304   269.197784659372   1.95E-3               -13.0    -3.0    -999.9       -13.0     -3.0      
234.660226954582   269.197712882844   1.95E-3               -13.0    -3.0    -999.9       -13.0     -3.0      
239.547933253775   269.19764106158    1.95E-3               -13.0    -3.0    -999.9       -13.0     -3.0      
244.514040056627   269.197568075176   1.95E-3               -13.0    -3.0    -999.9       -13.0     -3.0      
249.660331756242   269.197492426674   1.95E-3               -13.0    -3.0    -999.9       -13.0     -3.0      
254.680291048646   269.197418621536   1.95E-3               -13.0    -3.0    -999.9       -13.0     -3.0      
259.688236650188   269.197344979569   1.95E-3               -13.0    -3.0    -999.9       -13.0     -3.0      
264.698469682859   269.197271290507   1.95E-3               -13.0    -3.0    -999.9       -13.0     -3.0      
269.811266491094   269.197196079084   1.95E-3               -13.0    -3.0    -999.9       -13.0     -3.0      
274.969443257513   269.197120185888   1.95E-3               -13.0    -3.0    -999.9       -13.0     -3.0      
280.130048141695   269.197044242673   1.95E-3               -13.0    -3.0    -999.9       -13.0     -3.0      
285.163978346641   269.196970149816   1.95E-3               -13.0    -3.0    -999.9       -13.0     -3.0      
290.185870379518   269.196896220581   1.95E-3               -13.0    -3.0    -999.9       -13.0     -3.0      
295.210065170279   269.196822243884   1.95E-3               -13.0    -3.0    -999.9       -13.0     -3.0      
300.337118789073   269.196746738692   1.95E-3               -13.0    -3.0    -999.9       -13.0     -3.0      
305.315672918237   269.196673406896   1.95E-3               -13.0    -3.0    -999.9       -13.0     -3.0      
309.843596150493   269.196606701106   1.95E-3               -13.0    -3.0    -999.9       -13.0     -3.0      
314.725788749179   269.196534763822   1.95E-3               -13.0    -3.0    -999.9       -13.0     -3.0      
319.775647844063   269.196460342534   1.95E-3               -13.0    -3.0    -999.9       -13.0     -3.0      
324.957411955756   269.196383963045   1.95E-3               -13.0    -3.0    -999.9       -13.0     -3.0      
330.040803254938   269.196309019518   1.95E-3               -13.0    -3.0    -999.9       -13.0     -3.0      
335.072117661445   269.196234830037   1.95E-3               -13.0    -3.0    -999.9       -13.0     -3.0      
340.004827714818   269.196162081281   1.95E-3               -13.0    -3.0    -999.9       -13.0     -3.0      
344.973418436656   269.19608879008    1.95E-3               -13.0    -3.0    -999.9       -13.0     -3.0      
350.022832101974   269.19601429302    1.95E-3               -13.0    -3.0    -999.9       -13.0     -3.0      
354.995978339274   269.195940907727   1.95E-3               -13.0    -3.0    -999.9       -13.0     -3.0      
359.937687063923   269.195867973108   1.95E-3               -13.0    -3.0    -999.9       -13.0     -3.0      
364.734506440077   269.195797164292   1.95E-3               -13.0    -3.0    -999.9       -13.0     -3.0      
369.517078224736   269.195726553415   1.95E-3               -13.0    -3.0    -999.9       -13.0     -3.0      
374.353283134711   269.195655138114   1.95E-3               -13.0    -3.0    -999.9       -13.0     -3.0      
379.21372804343    269.195583352124   1.95E-3               -13.0    -3.0    -999.9       -13.0     -3.0      
384.218195643845   269.195509425648   1.95E-3               -13.0    -3.0    -999.9       -13.0     -3.0      
389.358194080303   269.195433482989   1.95E-3               -13.0    -3.0    -999.9       -13.0     -3.0      
395.152642723281   269.195347853783   1.95E-3               -13.0    -3.0    -999.9       -13.0     -3.0      
400.048129401533   269.195275495086   1.95E-3               -13.0    -3.0    -999.9       -13.0     -3.0      
404.559073992039   269.195208808695   1.95E-3               -13.0    -3.0    -999.9       -13.0     -3.0      
409.478128820466   269.195136076542   1.95E-3               -13.0    -3.0    -999.9       -13.0     -3.0      
414.45585222978    269.195062463573   1.95E-3               -13.0    -3.0    -999.9       -13.0     -3.0      
419.537504646781   269.19498729979    1.95E-3               -13.0    -3.0    -999.9       -13.0     -3.0      
424.56502402093    269.194912922913   1.95E-3               -13.0    -3.0    -999.9       -13.0     -3.0      
429.538334782206   269.194839334498   1.95E-3               -13.0    -3.0    -999.9       -13.0     -3.0      
434.450575677856   269.19476663653    1.95E-3               -13.0    -3.0    -999.9       -13.0     -3.0      
439.337873755246   269.194694294694   1.95E-3               -13.0    -3.0    -999.9       -13.0     -3.0      
444.512652796454   269.194617683416   1.95E-3               -13.0    -3.0    -999.9       -13.0     -3.0      
449.812217570048   269.194539209632   1.95E-3               -13.0    -3.0    -999.9       -13.0     -3.0      
455.114361917652   269.194460682367   1.95E-3               -13.0    -3.0    -999.9       -13.0     -3.0      
460.419088855492   269.19438210155    1.95E-3               -13.0    -3.0    -999.9       -13.0     -3.0      
465.440557121384   269.194307702637   1.95E-3               -13.0    -3.0    -999.9       -13.0     -3.0      
470.341783665882   269.194235072008   1.95E-3               -13.0    -3.0    -999.9       -13.0     -3.0      
474.933115590697   269.194167021798   1.95E-3               -13.0    -3.0    -999.9       -13.0     -3.0      
479.392573382824   269.194100915161   1.95E-3               -13.0    -3.0    -999.9       -13.0     -3.0      
484.411649000085   269.194026499835   1.95E-3               -13.0    -3.0    -999.9       -13.0     -3.0      
489.991116838614   269.193943759733   1.95E-3               -13.0    -3.0    -999.9       -13.0     -3.0      
495.331487808344   269.19386454939    1.95E-3               -13.0    -3.0    -999.9       -13.0     -3.0      
500.109651764286   269.193793664719   1.95E-3               -13.0    -3.0    -999.9       -13.0     -3.0      
504.889916464711   269.193722736417   1.95E-3               -13.0    -3.0    -999.9       -13.0     -3.0      
509.728194374785   269.193650934624   1.95E-3               -13.0    -3.0    -999.9       -13.0     -3.0      
514.574842031313   269.193578995804   1.95E-3               -13.0    -3.0    -999.9       -13.0     -3.0      
519.423652248869   269.193507012043   1.95E-3               -13.0    -3.0    -999.9       -13.0     -3.0      
524.274627345269   269.193434983283   1.95E-3               -13.0    -3.0    -999.9       -13.0     -3.0      
529.165109911836   269.193362354882   1.95E-3               -13.0    -3.0    -999.9       -13.0     -3.0      
534.095152752868   269.193289125733   1.95E-3               -13.0    -3.0    -999.9       -13.0     -3.0      
539.232995231744   269.193212795848   1.95E-3               -13.0    -3.0    -999.9       -13.0     -3.0      
544.578931851794   269.193133359094   1.95E-3               -13.0    -3.0    -999.9       -13.0     -3.0      
549.824620591243   269.193055396739   1.95E-3               -13.0    -3.0    -999.9       -13.0     -3.0      
554.969915261213   269.192978911816   1.95E-3               -13.0    -3.0    -999.9       -13.0     -3.0      
560.083324591203   269.192902886497   1.95E-3               -13.0    -3.0    -999.9       -13.0     -3.0      
564.890067421087   269.192831407574   1.95E-3               -13.0    -3.0    -999.9       -13.0     -3.0      
569.698941293984   269.192759884284   1.95E-3               -13.0    -3.0    -999.9       -13.0     -3.0      
574.55369470053    269.192687665749   1.95E-3               -13.0    -3.0    -999.9       -13.0     -3.0      
579.429379554436   269.192615122825   1.95E-3               -13.0    -3.0    -999.9       -13.0     -3.0      
584.447998829186   269.19254043962    1.95E-3               -13.0    -3.0    -999.9       -13.0     -3.0      
589.609750543678   269.192463611999   1.95E-3               -13.0    -3.0    -999.9       -13.0     -3.0      
594.739525807432   269.192387245815   1.95E-3               -13.0    -3.0    -999.9       -13.0     -3.0      
599.561662949158   269.192315446205   1.95E-3               -13.0    -3.0    -999.9       -13.0     -3.0      
604.385947559574   269.192243601828   1.95E-3               -13.0    -3.0    -999.9       -13.0     -3.0      
609.519591478737   269.192167136342   1.95E-3               -13.0    -3.0    -999.9       -13.0     -3.0      
614.787396614336   269.192088657455   1.95E-3               -13.0    -3.0    -999.9       -13.0     -3.0      
619.811565298326   269.192013793994   1.95E-3               -13.0    -3.0    -999.9       -13.0     -3.0      
624.591757442176   269.191942553042   1.95E-3               -13.0    -3.0    -999.9       -13.0     -3.0      
629.374061805598   269.191871268017   1.95E-3               -13.0    -3.0    -999.9       -13.0     -3.0      
634.517397346259   269.191794587397   1.95E-3               -13.0    -3.0    -999.9       -13.0     -3.0      
639.703078546175   269.191717260694   1.95E-3               -13.0    -3.0    -999.9       -13.0     -3.0      
644.718267943601   269.19164246219    1.95E-3               -13.0    -3.0    -999.9       -13.0     -3.0      
649.562727563704   269.191570196841   1.95E-3               -13.0    -3.0    -999.9       -13.0     -3.0      
654.464761229664   269.191497059472   1.95E-3               -13.0    -3.0    -999.9       -13.0     -3.0      
659.867881360076   269.191416430624   1.95E-3               -13.0    -3.0    -999.9       -13.0     -3.0      
665.224547748521   269.191336479074   1.95E-3               -13.0    -3.0    -999.9       -13.0     -3.0      
670.141257068111   269.191263080202   1.95E-3               -13.0    -3.0    -999.9       -13.0     -3.0      
675.060204778909   269.191189634544   1.95E-3               -13.0    -3.0    -999.9       -13.0     -3.0      
679.612226402055   269.191121655607   1.95E-3               -13.0    -3.0    -999.9       -13.0     -3.0      
684.125135853862   269.191488290551   1.95E-3               -13.0    -3.0    -999.9       -13.0     -3.0      
689.091625029606   269.202855225638   1.95E-3               -13.0    -3.0    -999.9       -13.0     -3.0      
694.512460729013   269.215250628193   1.95E-3               -13.0    -3.0    -999.9       -13.0     -3.0      
699.727607943069   269.227164431176   1.95E-3               -13.0    -3.0    -999.9       -13.0     -3.0      
704.736739522762   269.238597167606   1.95E-3               -13.0    -3.0    -999.9       -13.0     -3.0      
709.710434472587   269.249938884519   1.95E-3               -13.0    -3.0    -999.9       -13.0     -3.0      
714.64863811936    269.261189647965   1.95E-3               -13.0    -3.0    -999.9       -13.0     -3.0      
719.589310714279   269.272436018493   1.95E-3               -13.0    -3.0    -999.9       -13.0     -3.0      
724.532454854888   269.283677961972   1.95E-3               -13.0    -3.0    -999.9       -13.0     -3.0      
729.494985486034   269.294953855321   1.95E-3               -13.0    -3.0    -999.9       -13.0     -3.0      
734.612298746126   269.306570780206   1.95E-3               -13.0    -3.0    -999.9       -13.0     -3.0      
739.767181862045   269.318262015798   1.95E-3               -13.0    -3.0    -999.9       -13.0     -3.0      
745.006274379373   269.330132919884   1.95E-3               -13.0    -3.0    -999.9       -13.0     -3.0      
749.807722531249   269.341002150806   1.95E-3               -13.0    -3.0    -999.9       -13.0     -3.0      
754.422666521779   269.351440109056   1.95E-3               -13.0    -3.0    -999.9       -13.0     -3.0      
759.235692365256   269.36231658497    1.95E-3               -13.0    -3.0    -999.9       -13.0     -3.0      
764.135074512433   269.373378225226   1.95E-3               -13.0    -3.0    -999.9       -13.0     -3.0      
769.141953669843   269.384672137458   1.95E-3               -13.0    -3.0    -999.9       -13.0     -3.0      
774.396653918567   269.396513687663   1.95E-3               -13.0    -3.0    -999.9       -13.0     -3.0      
779.654151550215   269.408349862701   1.95E-3               -13.0    -3.0    -999.9       -13.0     -3.0      
784.725030332633   269.419754809231   1.95E-3               -13.0    -3.0    -999.9       -13.0     -3.0      
789.777457241655   269.431107394974   1.95E-3               -13.0    -3.0    -999.9       -13.0     -3.0      
794.418781439843   269.441526675335   1.95E-3               -13.0    -3.0    -999.9       -13.0     -3.0      
799.016302353148   269.451838562343   1.95E-3               -13.0    -3.0    -999.9       -13.0     -3.0      
803.938021743506   269.462867587297   1.95E-3               -13.0    -3.0    -999.9       -13.0     -3.0      
809.00029223205    269.474200744479   1.95E-3               -13.0    -3.0    -999.9       -13.0     -3.0      
814.130832588095   269.48567551266    1.95E-3               -13.0    -3.0    -999.9       -13.0     -3.0      
819.292200974743   269.497207797976   1.95E-3               -13.0    -3.0    -999.9       -13.0     -3.0      
824.456269457718   269.508734614987   1.95E-3               -13.0    -3.0    -999.9       -13.0     -3.0      
829.571359898646   269.520140740186   1.95E-3               -13.0    -3.0    -999.9       -13.0     -3.0      
834.223743500772   269.530505231145   1.95E-3               -13.0    -3.0    -999.9       -13.0     -3.0      
838.977078380303   269.541084912228   1.95E-3               -13.0    -3.0    -999.9       -13.0     -3.0      
844.621991777469   269.553636241833   1.95E-3               -13.0    -3.0    -999.9       -13.0     -3.0      
849.96197191293    269.565496766762   1.95E-3               -13.0    -3.0    -999.9       -13.0     -3.0      
854.585442004855   269.575755796481   1.95E-3               -13.0    -3.0    -999.9       -13.0     -3.0      
859.257346703171   269.586112786043   1.95E-3               -13.0    -3.0    -999.9       -13.0     -3.0      
864.348077442327   269.597387349412   1.95E-3               -13.0    -3.0    -999.9       -13.0     -3.0      
869.421841161677   269.608612993148   1.95E-3               -13.0    -3.0    -999.9       -13.0     -3.0      
874.321772464307   269.619443263938   1.95E-3               -13.0    -3.0    -999.9       -13.0     -3.0      
879.224138527045   269.63026830354    1.95E-3               -13.0    -3.0    -999.9       -13.0     -3.0      
884.227062833373   269.641304421866   1.95E-3               -13.0    -3.0    -999.9       -13.0     -3.0      
889.330697325217   269.652551262163   1.95E-3               -13.0    -3.0    -999.9       -13.0     -3.0      
894.543382539176   269.664026467019   1.95E-3               -13.0    -3.0    -999.9       -13.0     -3.0      
899.865290178603   269.675729629632   1.95E-3               -13.0    -3.0    -999.9       -13.0     -3.0      
904.614856042719   269.686163507882   1.95E-3               -13.0    -3.0    -999.9       -13.0     -3.0      
909.302768690661   269.696452054429   1.95E-3               -13.0    -3.0    -999.9       -13.0     -3.0      
913.958017084548   269.7066591703     1.95E-3               -13.0    -3.0    -999.9       -13.0     -3.0      
918.611585057356   269.716852880593   1.95E-3               -13.0    -3.0    -999.9       -13.0     -3.0      
923.99177770837    269.728626135657   1.95E-3               -13.0    -3.0    -999.9       -13.0     -3.0      
929.685562213249   269.741071405424   1.95E-3               -13.0    -3.0    -999.9       -13.0     -3.0      
934.450162592438   269.751474448498   1.95E-3               -13.0    -3.0    -999.9       -13.0     -3.0      
939.113413568763   269.761646260575   1.95E-3               -13.0    -3.0    -999.9       -13.0     -3.0      
944.051090968226   269.772405928434   1.95E-3               -13.0    -3.0    -999.9       -13.0     -3.0      
949.107968904956   269.783413871484   1.95E-3               -13.0    -3.0    -999.9       -13.0     -3.0      
954.016052568411   269.794086791035   1.95000000000001E-3   -13.0    -3.0    -999.9       -13.0     -3.0      
958.775118460468   269.804425179234   1.95E-3               -13.0    -3.0    -999.9       -13.0     -3.0      
964.060373522544   269.815894518881   1.95E-3               -13.0    -3.0    -999.9       -13.0     -3.0      
969.34846392441    269.827357223115   1.95E-3               -13.0    -3.0    -999.9       -13.0     -3.0      
974.114939766342   269.837678270189   1.95E-3               -13.0    -3.0    -999.9       -13.0     -3.0      
978.913533900114   269.848058327813   1.95E-3               -13.0    -3.0    -999.9       -13.0     -3.0      
983.744292241079   269.858497264364   1.95E-3               -13.0    -3.0    -999.9       -13.0     -3.0      
989.060862707999   269.869973579378   1.95E-3               -13.0    -3.0    -999.9       -13.0     -3.0      
994.398218335563   269.881481637401   1.95E-3               -13.0    -3.0    -999.9       -13.0     -3.0      
999.654815982281   269.892802693841   1.95E-3               -13.0    -3.0    -999.9       -13.0     -3.0      
1004.43597566917   269.903088689638   1.95E-3               -13.0    -3.0    -999.9       -13.0     -3.0      
1008.7410038247    269.912341279036   1.95E-3               -13.0    -3.0    -999.9       -13.0     -3.0      
1013.47870831163   269.922513842469   1.94999999999999E-3   -13.0    -3.0    -999.9       -13.0     -3.0      
1018.6497127505    269.933604839      1.95E-3               -13.0    -3.0    -999.9       -13.0     -3.0      
1023.98025447099   269.945024964856   1.95E-3               -13.0    -3.0    -999.9       -13.0     -3.0      
1029.47059123015   269.956773556404   1.95E-3               -13.0    -3.0    -999.9       -13.0     -3.0      
1034.72849541276   269.968011547635   1.95E-3               -13.0    -3.0    -999.9       -13.0     -3.0      
1039.43944946237   269.978069504611   1.95E-3               -13.0    -3.0    -999.9       -13.0     -3.0      
1044.18539613704   269.988191632681   1.95E-3               -13.0    -3.0    -999.9       -13.0     -3.0      
1049.22842412546   269.998935764041   1.95E-3               -13.0    -3.0    -999.9       -13.0     -3.0      
1053.62516926397   270.008293218686   1.95E-3               -13.0    -3.0    -999.9       -13.0     -3.0      
1058.49270878435   270.018642011973   1.95E-3               -13.0    -3.0    -999.9       -13.0     -3.0      
1063.90390908491   270.030133531045   1.95E-3               -13.0    -3.0    -999.9       -13.0     -3.0      
1068.73321000638   270.040377592813   1.95000000000001E-3   -13.0    -3.0    -999.9       -13.0     -3.0      
1073.49986463109   270.050477924896   1.95000000000001E-3   -13.0    -3.0    -999.9       -13.0     -3.0      
1078.74585112445   270.061581469853   1.95E-3               -13.0    -3.0    -999.9       -13.0     -3.0      
1084.04766630516   270.072789882742   1.94999999999999E-3   -13.0    -3.0    -999.9       -13.0     -3.0      
1089.35233788278   270.083990933185   1.95E-3               -13.0    -3.0    -999.9       -13.0     -3.0      
1094.48875526048   270.094823913042   1.95E-3               -13.0    -3.0    -999.9       -13.0     -3.0      
1099.22839133898   270.104808875448   1.95E-3               -13.0    -3.0    -999.9       -13.0     -3.0      
1103.97426291959   270.114796201974   1.95E-3               -13.0    -3.0    -999.9       -13.0     -3.0      
1108.75801376499   270.124852318238   1.95E-3               -13.0    -3.0    -999.9       -13.0     -3.0      
1113.5876109378    270.134993668081   1.95E-3               -13.0    -3.0    -999.9       -13.0     -3.0      
1118.81146404992   270.145950268123   1.95E-3               -13.0    -3.0    -999.9       -13.0     -3.0      
1123.99056375909   270.156800033687   1.95E-3               -13.0    -3.0    -999.9       -13.0     -3.0      
1128.74442958302   270.166747588853   1.95E-3               -13.0    -3.0    -999.9       -13.0     -3.0      
1133.5005927236    270.176689032856   1.95E-3               -13.0    -3.0    -999.9       -13.0     -3.0      
1138.68743002929   270.187518215443   1.95E-3               -13.0    -3.0    -999.9       -13.0     -3.0      
1143.9246259795    270.198439322013   1.95E-3               -13.0    -3.0    -999.9       -13.0     -3.0      
1148.77151501335   270.208534673821   1.95E-3               -13.0    -3.0    -999.9       -13.0     -3.0      
1153.5770947644    270.218532723529   1.95E-3               -13.0    -3.0    -999.9       -13.0     -3.0      
1158.86594466614   270.22952324199    1.95E-3               -13.0    -3.0    -999.9       -13.0     -3.0      
1164.15366219984   270.24049779209    1.95E-3               -13.0    -3.0    -999.9       -13.0     -3.0      
1168.92697512647   270.250392997834   1.95E-3               -13.0    -3.0    -999.9       -13.0     -3.0      
1173.70260507562   270.260281874305   1.95E-3               -13.0    -3.0    -999.9       -13.0     -3.0      
1178.83899416382   270.270905327972   1.95E-3               -13.0    -3.0    -999.9       -13.0     -3.0      
1184.01791476764   270.281603671979   1.95E-3               -13.0    -3.0    -999.9       -13.0     -3.0      
1188.89722557842   270.291671068609   1.95E-3               -13.0    -3.0    -999.9       -13.0     -3.0      
1193.64932310901   270.301464755364   1.95E-3               -13.0    -3.0    -999.9       -13.0     -3.0      
1198.62320671841   270.311703637429   1.95E-3               -13.0    -3.0    -999.9       -13.0     -3.0      
1204.11202636148   270.322988399327   1.95E-3               -13.0    -3.0    -999.9       -13.0     -3.0      
1208.83486246265   270.33268645163    1.95E-3               -13.0    -3.0    -999.9       -13.0     -3.0      
1213.23023548828   270.341702191975   1.95E-3               -13.0    -3.0    -999.9       -13.0     -3.0      
1218.50727756109   270.352513795398   1.95E-3               -13.0    -3.0    -999.9       -13.0     -3.0      
1223.82716281764   270.363399234652   1.95E-3               -13.0    -3.0    -999.9       -13.0     -3.0      
1228.62953040592   270.373213703233   1.95E-3               -13.0    -3.0    -999.9       -13.0     -3.0      
1233.43424461517   270.383021523809   1.95E-3               -13.0    -3.0    -999.9       -13.0     -3.0      
1238.79612024932   270.393953142052   1.95E-3               -13.0    -3.0    -999.9       -13.0     -3.0      
1244.22260299658   270.40500192929    1.95E-3               -13.0    -3.0    -999.9       -13.0     -3.0      
1249.42933007608   270.41558949748    1.95E-3               -13.0    -3.0    -999.9       -13.0     -3.0      
1254.11880459058   270.425113700694   1.95E-3               -13.0    -3.0    -999.9       -13.0     -3.0      
1258.81051719695   270.434631470526   1.95E-3               -13.0    -3.0    -999.9       -13.0     -3.0      
1263.53997915546   270.444214693354   1.95E-3               -13.0    -3.0    -999.9       -13.0     -3.0      
1268.59145863266   270.454438062563   1.95E-3               -13.0    -3.0    -999.9       -13.0     -3.0      
1273.64553552183   270.464653905604   1.95E-3               -13.0    -3.0    -999.9       -13.0     -3.0      
1278.63324043019   270.474723040656   1.95E-3               -13.0    -3.0    -999.9       -13.0     -3.0      
1283.46246284453   270.484460340357   1.95E-3               -13.0    -3.0    -999.9       -13.0     -3.0      
1288.30300901245   270.494208718142   1.95E-3               -13.0    -3.0    -999.9       -13.0     -3.0      
1293.22652710017   270.504112107672   1.95E-3               -13.0    -3.0    -999.9       -13.0     -3.0      
1298.2465787811    270.514197106752   1.95E-3               -13.0    -3.0    -999.9       -13.0     -3.0      
1303.48879841875   270.524714874744   1.95E-3               -13.0    -3.0    -999.9       -13.0     -3.0      
1308.73381628092   270.535224383076   1.95E-3               -13.0    -3.0    -999.9       -13.0     -3.0      
1313.98163549228   270.545725600208   1.95E-3               -13.0    -3.0    -999.9       -13.0     -3.0      
1319.23225918282   270.556218494649   1.95E-3               -13.0    -3.0    -999.9       -13.0     -3.0      
1324.12190087594   270.565977451984   1.95E-3               -13.0    -3.0    -999.9       -13.0     -3.0      
1328.97353705619   270.575648583887   1.95E-3               -13.0    -3.0    -999.9       -13.0     -3.0      
1333.87368053948   272.557155067487   8.210226E-4           -13.0    -3.0    -999.9       -13.0     -3.0      
1338.80659682457   272.600581527769   8.199006E-4           -13.0    -3.0    -999.9       -13.0     -3.0      
1343.69021477134   272.643547332533   8.187905E-4           -13.0    -3.0    -999.9       -13.0     -3.0      
1348.5543833353    272.68631567357    8.176855E-4           -13.0    -3.0    -999.9       -13.0     -3.0      
1353.55431730465   272.730250350001   8.16550363636363E-4   -13.0    -3.0    -999.9       -13.0     -3.0      
1358.86743205885   272.776906561452   8.15344909090909E-4   -13.0    -3.0    -999.9       -13.0     -3.0      
1364.14728485759   272.823239684564   8.141478E-4           -13.0    -3.0    -999.9       -13.0     -3.0      
1369.099057964     272.866665696157   8.130258E-4           -13.0    -3.0    -999.9       -13.0     -3.0      
1374.05892676776   272.910135498757   8.11902666666667E-4   -13.0    -3.0    -999.9       -13.0     -3.0      
1379.066980915     272.954000007827   8.10769333333333E-4   -13.0    -3.0    -999.9       -13.0     -3.0      
1384.12116069953   272.998240422221   8.09626285714286E-4   -13.0    -3.0    -999.9       -13.0     -3.0      
1389.27887794798   273.043358046389   8.08460571428572E-4   -13.0    -3.0    -999.9       -13.0     -3.0      
1393.85915708218   273.08339987103    8.07426E-4            -13.0    -3.0    -999.9       -13.0     -3.0      
1398.44207680638   273.123441632772   8.06391428571429E-4   -13.0    -3.0    -999.9       -13.0     -3.0      
1403.60909715073   273.168559035339   8.05225714285714E-4   -13.0    -3.0    -999.9       -13.0     -3.0      
1408.77947701022   273.213676357862   8.0406E-4             -13.0    -3.0    -999.9       -13.0     -3.0      
1413.98556660731   273.259075582754   8.02887E-4            -13.0    -3.0    -999.9       -13.0     -3.0      
1419.25980118381   273.3050386904     8.01699428571429E-4   -13.0    -3.0    -999.9       -13.0     -3.0      
1424.44036640322   273.350155770182   8.00533714285714E-4   -13.0    -3.0    -999.9       -13.0     -3.0      
1429.17057670764   273.391325035288   7.9947E-4             -13.0    -3.0    -999.9       -13.0     -3.0      
1433.77389042168   273.431366310992   7.98435428571429E-4   -13.0    -3.0    -999.9       -13.0     -3.0      
1438.96391411707   273.476483165267   7.97269714285714E-4   -13.0    -3.0    -999.9       -13.0     -3.0      
1444.23308529721   273.522257891164   7.96087E-4            -13.0    -3.0    -999.9       -13.0     -3.0      
1449.4840843309    273.56784454781    7.94909142857143E-4   -13.0    -3.0    -999.9       -13.0     -3.0      
1454.6193355104    273.612397200447   7.93758E-4            -13.0    -3.0    -999.9       -13.0     -3.0      
1459.17232571208   273.651874168402   7.92738E-4            -13.0    -3.0    -999.9       -13.0     -3.0      
1464.10766938257   273.694640813594   7.91633E-4            -13.0    -3.0    -999.9       -13.0     -3.0      
1469.42607518814   273.740697119105   7.90443E-4            -13.0    -3.0    -999.9       -13.0     -3.0      
1474.67197899561   273.786095394454   7.8927E-4             -13.0    -3.0    -999.9       -13.0     -3.0      
1479.236442075     273.825572088612   7.8825E-4             -13.0    -3.0    -999.9       -13.0     -3.0      
1484.33651567176   273.869654323325   7.87111E-4            -13.0    -3.0    -999.9       -13.0     -3.0      
1489.61401153636   273.915240347633   7.85933142857143E-4   -13.0    -3.0    -999.9       -13.0     -3.0      
1494.77518767536   273.959792381496   7.84782E-4            -13.0    -3.0    -999.9       -13.0     -3.0      
1499.35117342944   273.999268800526   7.83762E-4            -13.0    -3.0    -999.9       -13.0     -3.0      
1503.92978495464   274.038745156842   7.82742E-4            -13.0    -3.0    -999.9       -13.0     -3.0      
1508.51102484558   274.078221450372   7.81722E-4            -13.0    -3.0    -999.9       -13.0     -3.0      
1513.42241578482   274.120517409405   7.80629142857143E-4   -13.0    -3.0    -999.9       -13.0     -3.0      
1518.6645653625    274.165633019414   7.79463428571429E-4   -13.0    -3.0    -999.9       -13.0     -3.0      
1523.91015883777   274.210748547125   7.78297714285714E-4   -13.0    -3.0    -999.9       -13.0     -3.0      
1528.69977126662   274.251916394262   7.77234E-4            -13.0    -3.0    -999.9       -13.0     -3.0      
1533.35270955444   274.291885796568   7.7620125E-4          -13.0    -3.0    -999.9       -13.0     -3.0      
1538.52582141654   274.336296167544   7.7505375E-4          -13.0    -3.0    -999.9       -13.0     -3.0      
1543.70228472737   274.380706458393   7.7390625E-4          -13.0    -3.0    -999.9       -13.0     -3.0      
1548.88210323298   274.425116669012   7.7275875E-4          -13.0    -3.0    -999.9       -13.0     -3.0      
1554.00767135979   274.469033353852   7.71624E-4            -13.0    -3.0    -999.9       -13.0     -3.0      
1559.1301227232    274.512895132866   7.70490666666667E-4   -13.0    -3.0    -999.9       -13.0     -3.0      
1564.25585786467   274.556756833329   7.69357333333333E-4   -13.0    -3.0    -999.9       -13.0     -3.0      
1569.3848804195    274.600618455141   7.68224E-4            -13.0    -3.0    -999.9       -13.0     -3.0      
1574.51719402954   274.644479998206   7.67090666666667E-4   -13.0    -3.0    -999.9       -13.0     -3.0      
1579.39594362723   274.686148391091   7.66014E-4            -13.0    -3.0    -999.9       -13.0     -3.0      
1584.02066261559   274.72562364495    7.64994E-4            -13.0    -3.0    -999.9       -13.0     -3.0      
1589.00807630891   274.768169124658   7.63894666666667E-4   -13.0    -3.0    -999.9       -13.0     -3.0      
1594.15299539563   274.812030366009   7.62761333333334E-4   -13.0    -3.0    -999.9       -13.0     -3.0      
1598.83774710485   274.851944026795   7.6173E-4             -13.0    -3.0    -999.9       -13.0     -3.0      
1603.53996325297   274.891982939212   7.60695428571429E-4   -13.0    -3.0    -999.9       -13.0     -3.0      
1608.84154537159   274.937097127443   7.59529714285714E-4   -13.0    -3.0    -999.9       -13.0     -3.0      
1614.0434509837    274.981334013676   7.58386666666667E-4   -13.0    -3.0    -999.9       -13.0     -3.0      
1619.20448494323   275.025194869092   7.57253333333334E-4   -13.0    -3.0    -999.9       -13.0     -3.0      
1623.90391678537   275.065108178259   7.56222E-4            -13.0    -3.0    -999.9       -13.0     -3.0      
1628.60610622571   275.105021421351   7.55190666666667E-4   -13.0    -3.0    -999.9       -13.0     -3.0      
1633.77653087685   275.148882051755   7.54057333333333E-4   -13.0    -3.0    -999.9       -13.0     -3.0      
1638.95029266832   275.192742602176   7.52924E-4            -13.0    -3.0    -999.9       -13.0     -3.0      
1644.12739533238   275.236603072515   7.51790666666667E-4   -13.0    -3.0    -999.9       -13.0     -3.0      
1649.04874075738   275.278270445069   7.50714E-4            -13.0    -3.0    -999.9       -13.0     -3.0      
1653.71385530652   275.317744731185   7.49694E-4            -13.0    -3.0    -999.9       -13.0     -3.0      
1658.74485185616   275.36028916666    7.48594666666667E-4   -13.0    -3.0    -999.9       -13.0     -3.0      
1663.93475113589   275.404149330158   7.47461333333334E-4   -13.0    -3.0    -999.9       -13.0     -3.0      
1669.12800937389   275.448009413089   7.46328E-4            -13.0    -3.0    -999.9       -13.0     -3.0      
1674.27264747589   275.491430815727   7.45206E-4            -13.0    -3.0    -999.9       -13.0     -3.0      
1678.95245430155   275.530904749432   7.44186E-4            -13.0    -3.0    -999.9       -13.0     -3.0      
1683.81063897754   275.571858886422   7.4312775E-4          -13.0    -3.0    -999.9       -13.0     -3.0      
1689.08187395475   275.616266907005   7.4198025E-4          -13.0    -3.0    -999.9       -13.0     -3.0      
1694.3565711574    275.66067484449    7.4083275E-4          -13.0    -3.0    -999.9       -13.0     -3.0      
1699.57606922051   275.704589278623   7.39698E-4            -13.0    -3.0    -999.9       -13.0     -3.0      
1704.27064879798   275.744062857756   7.38678E-4            -13.0    -3.0    -999.9       -13.0     -3.0      
1709.12459772856   275.784852153629   7.37624E-4            -13.0    -3.0    -999.9       -13.0     -3.0      
1714.34717094785   275.828711532949   7.36490666666667E-4   -13.0    -3.0    -999.9       -13.0     -3.0      
1719.31176078073   275.870377867764   7.35414E-4            -13.0    -3.0    -999.9       -13.0     -3.0      
1724.07673038086   275.910344585464   7.3438125E-4          -13.0    -3.0    -999.9       -13.0     -3.0      
1729.3744552602    275.954751969958   7.3323375E-4          -13.0    -3.0    -999.9       -13.0     -3.0      
1734.38106889811   275.996692200486   7.3215E-4             -13.0    -3.0    -999.9       -13.0     -3.0      
1739.09602463946   276.036165290174   7.3113E-4             -13.0    -3.0    -999.9       -13.0     -3.0      
1743.81374571423   276.075638313405   7.3011E-4             -13.0    -3.0    -999.9       -13.0     -3.0      
1748.71130717554   276.11659150468    7.2905175E-4          -13.0    -3.0    -999.9       -13.0     -3.0      
1754.0252868536    276.160998498525   7.2790425E-4          -13.0    -3.0    -999.9       -13.0     -3.0      
1759.29680905306   276.205021644901   7.26766666666667E-4   -13.0    -3.0    -999.9       -13.0     -3.0      
1764.55207226806   276.248880238636   7.25633333333333E-4   -13.0    -3.0    -999.9       -13.0     -3.0      
1769.33734501634   276.288791487192   7.24602E-4            -13.0    -3.0    -999.9       -13.0     -3.0      
1774.07283129043   276.32826408328    7.23582E-4            -13.0    -3.0    -999.9       -13.0     -3.0      
1778.81110390499   276.367736612344   7.22562E-4            -13.0    -3.0    -999.9       -13.0     -3.0      
1783.55216571876   276.407209074307   7.21542E-4            -13.0    -3.0    -999.9       -13.0     -3.0      
1788.66510310905   276.449751541422   7.20442666666667E-4   -13.0    -3.0    -999.9       -13.0     -3.0      
1793.93957166478   276.493609673148   7.19309333333333E-4   -13.0    -3.0    -999.9       -13.0     -3.0      
1799.27689127317   276.537961124301   7.1816325E-4          -13.0    -3.0    -999.9       -13.0     -3.0      
1804.26774411518   276.579406902816   7.1709225E-4          -13.0    -3.0    -999.9       -13.0     -3.0      
1808.42915002964   276.61394499472    7.1619975E-4          -13.0    -3.0    -999.9       -13.0     -3.0      
1813.48517533199   276.655884036748   7.15116E-4            -13.0    -3.0    -999.9       -13.0     -3.0      
1818.72299102377   276.699303199775   7.13994E-4            -13.0    -3.0    -999.9       -13.0     -3.0      
1823.48759563338   276.738775095022   7.12974E-4            -13.0    -3.0    -999.9       -13.0     -3.0      
1828.67229996277   276.781700704109   7.1186475E-4          -13.0    -3.0    -999.9       -13.0     -3.0      
1834.03929616141   276.826106422083   7.1071725E-4          -13.0    -3.0    -999.9       -13.0     -3.0      
1839.40986490348   276.870512053986   7.0956975E-4          -13.0    -3.0    -999.9       -13.0     -3.0      
1844.48535281352   276.912450627207   7.08486E-4            -13.0    -3.0    -999.9       -13.0     -3.0      
1849.26520010883   276.951922155226   7.07466E-4            -13.0    -3.0    -999.9       -13.0     -3.0      
1854.0478794791    276.991393614986   7.06446E-4            -13.0    -3.0    -999.9       -13.0     -3.0      
1858.83339386008   277.030865006408   7.05426E-4            -13.0    -3.0    -999.9       -13.0     -3.0      
1864.05283719565   277.073888745125   7.043142E-4           -13.0    -3.0    -999.9       -13.0     -3.0      
1869.32358752358   277.117307114529   7.031922E-4           -13.0    -3.0    -999.9       -13.0     -3.0      
1874.16612541687   277.157172998805   7.02162E-4            -13.0    -3.0    -999.9       -13.0     -3.0      
1878.96357901365   277.196644102339   7.01142E-4            -13.0    -3.0    -999.9       -13.0     -3.0      
1884.24407023653   277.240062236817   7.0002E-4             -13.0    -3.0    -999.9       -13.0     -3.0      
1889.52801434055   277.283480287996   6.98898E-4            -13.0    -3.0    -999.9       -13.0     -3.0      
1894.33459952976   277.322951171241   6.97878E-4            -13.0    -3.0    -999.9       -13.0     -3.0      
1899.14404458732   277.362421985477   6.96858E-4            -13.0    -3.0    -999.9       -13.0     -3.0      
1903.95635249615   277.401892730623   6.95838E-4            -13.0    -3.0    -999.9       -13.0     -3.0      
1908.77152624424   277.441363406598   6.94818E-4            -13.0    -3.0    -999.9       -13.0     -3.0      
1913.58956882469   277.480834013321   6.93798E-4            -13.0    -3.0    -999.9       -13.0     -3.0      
1918.41048323568   277.520304550711   6.92778E-4            -13.0    -3.0    -999.9       -13.0     -3.0      
1923.23427248052   277.559775018686   6.91758E-4            -13.0    -3.0    -999.9       -13.0     -3.0      
1928.4834099511    277.602699073724   6.9064875E-4          -13.0    -3.0    -999.9       -13.0     -3.0      
1933.8567430471    277.646609803493   6.89514E-4            -13.0    -3.0    -999.9       -13.0     -3.0      
1938.68975200227   277.686080048794   6.88494E-4            -13.0    -3.0    -999.9       -13.0     -3.0      
1943.8711802012    277.72836951992    6.87401142857143E-4   -13.0    -3.0    -999.9       -13.0     -3.0      
1949.33253996335   277.772914342796   6.8625E-4             -13.0    -3.0    -999.9       -13.0     -3.0      
1954.17479960412   277.812384364585   6.8523E-4             -13.0    -3.0    -999.9       -13.0     -3.0      
1959.01995646335   277.851854316354   6.8421E-4             -13.0    -3.0    -999.9       -13.0     -3.0      
1963.86801358777   277.891324198019   6.8319E-4             -13.0    -3.0    -999.9       -13.0     -3.0      
1968.71897402937   277.930794009499   6.8217E-4             -13.0    -3.0    -999.9       -13.0     -3.0      
1973.63353258433   277.97075712203    6.8113725E-4          -13.0    -3.0    -999.9       -13.0     -3.0      
1979.09765151652   278.015160495806   6.7998975E-4          -13.0    -3.0    -999.9       -13.0     -3.0      
1984.26159335757   278.057096933619   6.78906E-4            -13.0    -3.0    -999.9       -13.0     -3.0      
1989.12478117739   278.096566449411   6.77886E-4            -13.0    -3.0    -999.9       -13.0     -3.0      
1993.99088826943   278.136035894586   6.76866E-4            -13.0    -3.0    -999.9       -13.0     -3.0      
1998.85991771836   278.175505269058   6.75846E-4            -13.0    -3.0    -999.9       -13.0     -3.0      
2003.73187261418   278.214974572744   6.74826E-4            -13.0    -3.0    -999.9       -13.0     -3.0      
2008.81574511516   278.256135342525   6.73762285714286E-4   -13.0    -3.0    -999.9       -13.0     -3.0      
2014.39077408592   278.301242946808   6.72596571428571E-4   -13.0    -3.0    -999.9       -13.0     -3.0      
2018.79252629364   278.336835600311   6.7167675E-4          -13.0    -3.0    -999.9       -13.0     -3.0      
2023.24900864764   278.372851077948   6.70746E-4            -13.0    -3.0    -999.9       -13.0     -3.0      
2028.13563731479   278.412320026442   6.69726E-4            -13.0    -3.0    -999.9       -13.0     -3.0      
2033.51432939329   278.45573578744    6.68604E-4            -13.0    -3.0    -999.9       -13.0     -3.0      
2038.89658799515   278.49915146206    6.67482E-4            -13.0    -3.0    -999.9       -13.0     -3.0      
2043.79264879657   278.538620182121   6.66462E-4            -13.0    -3.0    -999.9       -13.0     -3.0      
2048.69166372459   278.578088830615   6.65442E-4            -13.0    -3.0    -999.9       -13.0     -3.0      
2053.59363592418   278.61755740746    6.64422E-4            -13.0    -3.0    -999.9       -13.0     -3.0      
2058.49856854576   278.65702591257    6.63402E-4            -13.0    -3.0    -999.9       -13.0     -3.0      
2063.89741747324   278.700441185233   6.6228E-4             -13.0    -3.0    -999.9       -13.0     -3.0      
2069.11562332835   278.742376309166   6.6119625E-4          -13.0    -3.0    -999.9       -13.0     -3.0      
2073.41548706925   278.776911056077   6.6030375E-4          -13.0    -3.0    -999.9       -13.0     -3.0      
2078.14796644854   278.814899213934   6.59322E-4            -13.0    -3.0    -999.9       -13.0     -3.0      
2083.06774862873   278.854367359075   6.58302E-4            -13.0    -3.0    -999.9       -13.0     -3.0      
2087.99051024897   278.893835431964   6.57282E-4            -13.0    -3.0    -999.9       -13.0     -3.0      
2093.49111908014   278.937908027861   6.56143E-4            -13.0    -3.0    -999.9       -13.0     -3.0      
2098.47889521351   278.977845803279   6.55110857142857E-4   -13.0    -3.0    -999.9       -13.0     -3.0      
2102.85892432338   279.012897013225   6.54205E-4            -13.0    -3.0    -999.9       -13.0     -3.0      
2108.61643687442   279.058942751591   6.53015E-4            -13.0    -3.0    -999.9       -13.0     -3.0      
2113.63702282622   279.099068242908   6.51978E-4            -13.0    -3.0    -999.9       -13.0     -3.0      
2118.57832837011   279.138535865888   6.50958E-4            -13.0    -3.0    -999.9       -13.0     -3.0      
2123.52263643995   279.178003415986   6.49938E-4            -13.0    -3.0    -999.9       -13.0     -3.0      
2128.46995026516   279.217470893115   6.48918E-4            -13.0    -3.0    -999.9       -13.0     -3.0      
2133.42027308084   279.256938297188   6.47898E-4            -13.0    -3.0    -999.9       -13.0     -3.0      
2138.37360812777   279.296405628114   6.46878E-4            -13.0    -3.0    -999.9       -13.0     -3.0      
2143.32995865241   279.335872885807   6.45858E-4            -13.0    -3.0    -999.9       -13.0     -3.0      
2148.37200965351   279.375997855962   6.44821E-4            -13.0    -3.0    -999.9       -13.0     -3.0      
2154.16181891545   279.422042810175   6.43631E-4            -13.0    -3.0    -999.9       -13.0     -3.0      
2158.65175361688   279.457727580873   6.4270875E-4          -13.0    -3.0    -999.9       -13.0     -3.0      
2163.3985817338    279.495432622128   6.41734285714286E-4   -13.0    -3.0    -999.9       -13.0     -3.0      
2169.08066577726   279.540537629858   6.40568571428572E-4   -13.0    -3.0    -999.9       -13.0     -3.0      
2173.6291875811    279.576621566661   6.39636E-4            -13.0    -3.0    -999.9       -13.0     -3.0      
2178.10911959538   279.612141631644   6.38718E-4            -13.0    -3.0    -999.9       -13.0     -3.0      
2183.08971150233   279.651608300261   6.37698E-4            -13.0    -3.0    -999.9       -13.0     -3.0      
2188.07334836367   279.691074894842   6.36678E-4            -13.0    -3.0    -999.9       -13.0     -3.0      
2193.06003348358   279.730541415294   6.35658E-4            -13.0    -3.0    -999.9       -13.0     -3.0      
2198.04977017207   279.770007861528   6.34638E-4            -13.0    -3.0    -999.9       -13.0     -3.0      
2203.042561745     279.809474233454   6.33618E-4            -13.0    -3.0    -999.9       -13.0     -3.0      
2208.03841152412   279.84894053098    6.32598E-4            -13.0    -3.0    -999.9       -13.0     -3.0      
2213.78742378013   279.894326681041   6.31425E-4            -13.0    -3.0    -999.9       -13.0     -3.0      
2219.04006230916   279.935766123204   6.30354E-4            -13.0    -3.0    -999.9       -13.0     -3.0      
2223.99008544087   279.974793670688   6.29345333333334E-4   -13.0    -3.0    -999.9       -13.0     -3.0      
2228.44210829701   280.009874549838   6.28438666666667E-4   -13.0    -3.0    -999.9       -13.0     -3.0      
2233.06365018069   280.046270899436   6.27498E-4            -13.0    -3.0    -999.9       -13.0     -3.0      
2238.07791928445   280.085736748653   6.26478E-4            -13.0    -3.0    -999.9       -13.0     -3.0      
2243.09527001233   280.12520252283    6.25458E-4            -13.0    -3.0    -999.9       -13.0     -3.0      
2248.11570573362   280.164668221877   6.24438E-4            -13.0    -3.0    -999.9       -13.0     -3.0      
2253.13922982357   280.204133845701   6.23418E-4            -13.0    -3.0    -999.9       -13.0     -3.0      
2258.75248571407   280.24820370329    6.22279E-4            -13.0    -3.0    -999.9       -13.0     -3.0      
2263.88738412364   280.288491363955   6.2123775E-4          -13.0    -3.0    -999.9       -13.0     -3.0      
2268.29129588449   280.323023581895   6.2034525E-4          -13.0    -3.0    -999.9       -13.0     -3.0      
2273.2642775825    280.361995586908   6.19338E-4            -13.0    -3.0    -999.9       -13.0     -3.0      
2278.30329435617   280.401460833224   6.18318E-4            -13.0    -3.0    -999.9       -13.0     -3.0      
2283.34541987711   280.440926003759   6.17298E-4            -13.0    -3.0    -999.9       -13.0     -3.0      
2288.39065756306   280.48039109842    6.16278E-4            -13.0    -3.0    -999.9       -13.0     -3.0      
2293.43901083787   280.519856117114   6.15258E-4            -13.0    -3.0    -999.9       -13.0     -3.0      
2298.49048313153   280.559321059745   6.14238E-4            -13.0    -3.0    -999.9       -13.0     -3.0      
2303.5450778802    280.59878592622    6.13218E-4            -13.0    -3.0    -999.9       -13.0     -3.0      
2308.6027985262    280.638250716445   6.12198E-4            -13.0    -3.0    -999.9       -13.0     -3.0      
2313.15742260794   280.673768962375   6.1128E-4             -13.0    -3.0    -999.9       -13.0     -3.0      
2317.71458397799   280.709287146397   6.10362E-4            -13.0    -3.0    -999.9       -13.0     -3.0      
2322.78107550239   280.748751722618   6.09342E-4            -13.0    -3.0    -999.9       -13.0     -3.0      
2328.21294273036   280.791035112125   6.08249142857143E-4   -13.0    -3.0    -999.9       -13.0     -3.0      
2333.86591180917   280.835009743793   6.07112571428571E-4   -13.0    -3.0    -999.9       -13.0     -3.0      
2338.21700791334   280.868836318641   6.06238285714286E-4   -13.0    -3.0    -999.9       -13.0     -3.0      
2343.0784666943    280.906609260449   6.05262E-4            -13.0    -3.0    -999.9       -13.0     -3.0      
2348.16068817647   280.946073452666   6.04242E-4            -13.0    -3.0    -999.9       -13.0     -3.0      
2353.24606611689   280.985537567795   6.03222E-4            -13.0    -3.0    -999.9       -13.0     -3.0      
2357.88923071905   281.021548505505   6.0229125E-4          -13.0    -3.0    -999.9       -13.0     -3.0      
2362.47137027162   281.057066079672   6.0137325E-4          -13.0    -3.0    -999.9       -13.0     -3.0      
2368.20265163443   281.101462959257   6.0022575E-4          -13.0    -3.0    -999.9       -13.0     -3.0      
2373.30049224712   281.140926769917   5.9920575E-4          -13.0    -3.0    -999.9       -13.0     -3.0      
2377.76370619569   281.175457540622   5.9831325E-4          -13.0    -3.0    -999.9       -13.0     -3.0      
2382.80368356769   281.214427910434   5.97306E-4            -13.0    -3.0    -999.9       -13.0     -3.0      
2387.91061866584   281.253891498808   5.96286E-4            -13.0    -3.0    -999.9       -13.0     -3.0      
2393.0207377193    281.293355009339   5.95266E-4            -13.0    -3.0    -999.9       -13.0     -3.0      
2398.13404428152   281.332818441931   5.94246E-4            -13.0    -3.0    -999.9       -13.0     -3.0      
2403.25054191246   281.372281796486   5.93226E-4            -13.0    -3.0    -999.9       -13.0     -3.0      
2408.37023417851   281.411745072903   5.92206E-4            -13.0    -3.0    -999.9       -13.0     -3.0      
2413.27350656376   281.449516992771   5.91229714285714E-4   -13.0    -3.0    -999.9       -13.0     -3.0      
2417.66698610776   281.483342531752   5.90355428571429E-4   -13.0    -3.0    -999.9       -13.0     -3.0      
2422.72239843588   281.522241830356   5.8935E-4             -13.0    -3.0    -999.9       -13.0     -3.0      
2427.85426295577   281.561704808962   5.8833E-4             -13.0    -3.0    -999.9       -13.0     -3.0      
2432.98933932024   281.601167708959   5.8731E-4             -13.0    -3.0    -999.9       -13.0     -3.0      
2438.12763113361   281.640630530248   5.8629E-4             -13.0    -3.0    -999.9       -13.0     -3.0      
2443.09770641323   281.678777849251   5.85304E-4            -13.0    -3.0    -999.9       -13.0     -3.0      
2447.6705481217    281.713855778669   5.84397333333333E-4   -13.0    -3.0    -999.9       -13.0     -3.0      
2452.89977400168   281.753944764431   5.83361142857143E-4   -13.0    -3.0    -999.9       -13.0     -3.0      
2458.64861536858   281.797987745509   5.8222275E-4          -13.0    -3.0    -999.9       -13.0     -3.0      
2463.15852346832   281.832517373686   5.8133025E-4          -13.0    -3.0    -999.9       -13.0     -3.0      
2467.99331786134   281.869513336506   5.80374E-4            -13.0    -3.0    -999.9       -13.0     -3.0      
2473.08904765449   281.908482341886   5.7936675E-4          -13.0    -3.0    -999.9       -13.0     -3.0      
2477.6068943104    281.943011775559   5.7847425E-4          -13.0    -3.0    -999.9       -13.0     -3.0      
2482.77319177772   281.982473910866   5.7745425E-4          -13.0    -3.0    -999.9       -13.0     -3.0      
2488.58916210067   282.026868717844   5.7630675E-4          -13.0    -3.0    -999.9       -13.0     -3.0      
2493.24490402101   282.062384490724   5.7538875E-4          -13.0    -3.0    -999.9       -13.0     -3.0      
2643.70148004732   283.198854405944   5.46E-4               -13.0    -3.0    -999.9       -13.0     -3.0      
2911.233873162     284.638802187032   4.95E-4               -13.0    -3.0    -999.9       -13.0     -3.0      
3187.03826055165   285.791582265298   4.44E-4               -13.0    -3.0    -999.9       -13.0     -3.0      
3471.44800144793   286.842606537246   3.93E-4               -13.0    -3.0    -999.9       -13.0     -3.0      
3764.97227484156   287.872154800676   3.42E-4               -13.0    -3.0    -999.9       -13.0     -3.0      
4068.25235277211   288.940462570195   3.05036E-4            -13.0    -3.0    -999.9       -13.0     -3.0      
4382.04074138949   290.055085025458   2.32178E-4            -13.0    -3.0    -999.9       -13.0     -3.0      
4707.12722739947   291.113003883643   1.8755E-4             -13.0    -3.0    -999.9       -13.0     -3.0      
5044.49657982919   292.382821220545   1.35616E-4            -13.0    -3.0    -999.9       -13.0     -3.0      
5395.50291197147   293.996580581494   7.32589E-5            -13.0    -3.0    -999.9       -13.0     -3.0      
5761.64879462018   295.768215807033   4.66535E-5            -13.0    -3.0    -999.9       -13.0     -3.0      
6144.46436312797   297.596819425243   4.01219E-5            -13.0    -3.0    -999.9       -13.0     -3.0      
6545.64143914609   299.474541199635   3.53025E-5            -13.0    -3.0    -999.9       -13.0     -3.0      
6967.23027134011   301.523704056323   3.06918E-5            -13.0    -3.0    -999.9       -13.0     -3.0      
7411.86172107267   303.926078402368   3.04626E-5            -13.0    -3.0    -999.9       -13.0     -3.0      
7882.93822076875   306.872888517712   2.55239E-5            -13.0    -3.0    -999.9       -13.0     -3.0      
8384.81054020582   310.521102975158   2.11795E-5            -13.0    -3.0    -999.9       -13.0     -3.0      
8923.64656479055   315.772330760046   2.04447E-5            -13.0    -3.0    -999.9       -13.0     -3.0      
9508.66446487749   323.548513128816   1.38302E-5            -13.0    -3.0    -999.9       -13.0     -3.0      
10152.0945019132   333.720271096798   7.65176E-6            -13.0    -3.0    -999.9       -13.0     -3.0      
11282.2754136228   350.865298573711   6.1661E-6             -13.0    -3.0    -999.9       -13.0     -3.0      
12141.0201393448   366.276546736211   3.1852E-6             -13.0    -3.0    -999.9       -13.0     -3.0      
13055.4953471445   381.806891227195   2.302E-6              -13.0    -3.0    -999.9       -13.0     -3.0      
14026.3566311012   397.99235798694    2.1825E-6             -13.0    -3.0    -999.9       -13.0     -3.0      
15055.8638418216   415.999420476811   2.1807E-6             -13.0    -3.0    -999.9       -13.0     -3.0      
16147.9262452817   436.32556607257    2.1881E-6             -13.0    -3.0    -999.9       -13.0     -3.0      
17305.4328035178   458.029434683569   2.1876E-6             -13.0    -3.0    -999.9       -13.0     -3.0      
18528.2791854707   480.296365191983   2.1868E-6             -13.0    -3.0    -999.9       -13.0     -3.0      
19812.1640746876   504.796112156875   2.1989E-6             -13.0    -3.0    -999.9       -13.0     -3.0      
21152.3785818167   532.360591304808   2.2476E-6             -13.0    -3.0    -999.9       -13.0     -3.0      
22520.8603798943   563.362208366231   2.3292E-6             -13.0    -3.0    -999.9       -13.0     -3.0      
23884.6234283792   597.402944269303   2.4272E-6             -13.0    -3.0    -999.9       -13.0     -3.0      
25245.3767379404   633.86131006934    2.5379E-6             -13.0    -3.0    -999.9       -13.0     -3.0      
26603.0619083747   672.495256087371   2.6345E-6             -13.0    -3.0    -999.9       -13.0     -3.0      
27958.0422324119   713.195425440305   2.7363E-6             -13.0    -3.0    -999.9       -13.0     -3.0      
29309.8297731037   756.407611078411   2.8456E-6             -13.0    -3.0    -999.9       -13.0     -3.0      
30658.5924108426   802.655039365586   2.9855E-6             -13.0    -3.0    -999.9       -13.0     -3.0      
32007.1407954666   854.595018636214   3.1293E-6             -13.0    -3.0    -999.9       -13.0     -3.0      
33361.4416042029   914.86494414573    3.2682E-6             -13.0    -3.0    -999.9       -13.0     -3.0      
34728.1149033385   983.640255175648   3.4056E-6             -13.0    -3.0    -999.9       -13.0     -3.0      
36118.3184348737   1057.79954528906   3.5385E-6             -13.0    -3.0    -999.9       -13.0     -3.0      
37555.0711555674   1134.41860479313   3.6499E-6             -13.0    -3.0    -999.9       -13.0     -3.0      
39071.9968613148   1215.67214698048   3.7588E-6             -13.0    -3.0    -999.9       -13.0     -3.0      
40711.1301519866   1309.58145043015   3.8831E-6             -13.0    -3.0    -999.9       -13.0     -3.0      
42535.1937709759   1430.12494661507   3.9639E-6             -13.0    -3.0    -999.9       -13.0     -3.0      
44638.3855510421   1594.86030754044   4.0049E-6             -13.0    -3.0    -999.9       -13.0     -3.0      
47162.5212087141   1824.25119729287   4.0137E-6             -13.0    -3.0    -999.9       -13.0     -3.0      
50302.3396827729   2128.03557183719   3.9958E-6             -13.0    -3.0    -999.9       -13.0     -3.0      
54304.0596890392   2510.49555438687   3.9633E-6             -13.0    -3.0    -999.9       -13.0     -3.0      
61898.3950415572   3306.26335952531   3.9349E-3             -13.0    -3.0    -999.9       -13.0     -3.0      
