'rt[kg/kg]'     thm[K]      
0.00195         269.20114   
0.00195         269.20108   
0.00195         269.201     
0.00195         269.20093   
0.00195         269.20087   
0.00195         269.20078   
0.00195         269.2007    
0.00195         269.20065   
0.00195         269.20056   
0.00195         269.2005    
0.00195         269.2004    
0.00195         269.20035   
0.00195         269.2003    
0.00195         269.2002    
0.00195         269.20013   
0.00195         269.20004   
0.00195         269.19998   
0.00195         269.1999    
0.00195         269.19983   
0.00195         269.19977   
0.00195         269.19968   
0.00195         269.19962   
0.00195         269.19955   
0.00195         269.19946   
0.00195         269.1994    
0.00195         269.1993    
0.00195         269.19925   
0.00195         269.1992    
0.00195         269.1991    
0.00195         269.19904   
0.00195         269.19894   
0.00195         269.19888   
0.00195         269.19882   
0.00195         269.19873   
0.00195         269.19867   
0.00195         269.19858   
0.00195         269.19852   
0.00195         269.19846   
0.00195         269.19836   
0.00195         269.1983    
0.00195         269.19824   
0.00195         269.19815   
0.00195         269.19806   
0.00195         269.198     
0.00195         269.19794   
0.00195         269.19785   
0.00195         269.19778   
0.00195         269.19772   
0.00195         269.19763   
0.00195         269.19757   
0.00195         269.19748   
0.00195         269.19742   
0.00195         269.19736   
0.00195         269.19727   
0.00195         269.1972    
0.00195         269.1971    
0.00195         269.19705   
0.00195         269.19696   
0.00195         269.1969    
0.00195         269.1968    
0.00195         269.19675   
0.00195         269.1967    
0.00195         269.1966    
0.00195         269.19653   
0.00195         269.19647   
0.00195         269.19638   
0.00195         269.19632   
0.00195         269.19623   
0.00195         269.19617   
0.00195         269.19608   
0.00195         269.196     
0.00195         269.19595   
0.00195         269.19586   
0.00195         269.1958    
0.00195         269.19574   
0.00195         269.19565   
0.00195         269.1956    
0.00195         269.1955    
0.00195         269.19543   
0.00195         269.19534   
0.00195         269.19528   
0.00195         269.19522   
0.00195         269.19513   
0.00195         269.19507   
0.00195         269.19498   
0.00195         269.19492   
0.00195         269.19482   
0.00195         269.19476   
0.00195         269.1947    
0.00195         269.1946    
0.00195         269.19455   
0.00195         269.19446   
0.00195         269.1944    
0.00195         269.1943    
0.00195         269.19424   
0.00195         269.19415   
0.00195         269.1941    
0.00195         269.19403   
0.00195         269.19394   
0.00195         269.19388   
0.00195         269.1938    
0.00195         269.19373   
0.00195         269.19366   
0.00195         269.19357   
0.00195         269.1935    
0.00195         269.19342   
0.00195         269.19336   
0.00195         269.1933    
0.00195         269.1932    
0.00195         269.19315   
0.00195         269.19305   
0.00195         269.193     
0.00195         269.1929    
0.00195         269.19284   
0.00195         269.19275   
0.00195         269.1927    
0.00195         269.19263   
0.00195         269.19254   
0.00195         269.19247   
0.00195         269.19238   
0.00195         269.19232   
0.00195         269.19223   
0.00195         269.19217   
0.00195         269.19208   
0.00195         269.19202   
0.00195         269.19196   
0.00195         269.19186   
0.00195         269.1918    
0.00195         269.1917    
0.00195         269.19165   
0.00195         269.19156   
0.00195         269.1915    
0.00195         269.1914    
0.00195         269.19135   
0.00195         269.19125   
0.00195         269.1912    
0.00195         269.19113   
0.00195         269.1915    
0.00195         269.20285   
0.00195         269.21524   
0.00195         269.22717   
0.00195         269.2386    
0.00195         269.24994   
0.00195         269.2612    
0.00195         269.27243   
0.00195         269.2837    
0.00195         269.29495   
0.00195         269.30658   
0.00195         269.31827   
0.00195         269.33014   
0.00195         269.341     
0.00195         269.35144   
0.00195         269.3623    
0.00195         269.37338   
0.00195         269.38467   
0.00195         269.3965    
0.00195         269.40836   
0.00195         269.41977   
0.00195         269.43112   
0.00195         269.44153   
0.00195         269.45184   
0.00195         269.46286   
0.00195         269.4742    
0.00195         269.4857    
0.00195         269.49722   
0.00195         269.50873   
0.00195         269.52014   
0.00195         269.53052   
0.00195         269.54108   
0.00195         269.55365   
0.00195         269.5655    
0.00195         269.57574   
0.00195         269.58612   
0.00195         269.59738   
0.00195         269.6086    
0.00195         269.61945   
0.00195         269.63028   
0.00195         269.6413    
0.00195         269.65256   
0.00195         269.66403   
0.00195         269.67572   
0.00195         269.68616   
0.00195         269.69644   
0.00195         269.70667   
0.00195         269.71686   
0.00195         269.72864   
0.00195         269.74106   
0.00195         269.75146   
0.00195         269.76166   
0.00195         269.7724    
0.00195         269.78342   
0.00195         269.7941    
0.00195         269.8044    
0.00195         269.8159    
0.00195         269.82736   
0.00195         269.83768   
0.00195         269.84805   
0.00195         269.8585    
0.00195         269.86996   
0.00195         269.88147   
0.00195         269.8928    
0.00195         269.90308   
0.00195         269.91235   
0.00195         269.92252   
0.00195         269.9336    
0.00195         269.94504   
0.00195         269.9568    
0.00195         269.96802   
0.00195         269.97806   
0.00195         269.9882    
0.00195         269.99893   
0.00195         270.0083    
0.00195         270.01865   
0.00195         270.03012   
0.00195         270.04037   
0.00195         270.05048   
0.00195         270.06158   
0.00195         270.07278   
0.00195         270.08398   
0.00195         270.09482   
0.00195         270.1048    
0.00195         270.1148    
0.00195         270.12485   
0.00195         270.13498   
0.00195         270.14594   
0.00195         270.1568    
0.00195         270.16675   
0.00195         270.1767    
0.00195         270.18753   
0.00195         270.19843   
0.00195         270.20853   
0.00195         270.21854   
0.00195         270.22952   
0.00195         270.2405    
0.00195         270.2504    
0.00195         270.26028   
0.00195         270.2709    
0.00195         270.28162   
0.00195         270.29166   
0.00195         270.30145   
0.00195         270.3117    
0.00195         270.323     
0.00195         270.33267   
0.00195         270.3417    
0.00195         270.3525    
0.00195         270.3634    
0.00195         270.3732    
0.00195         270.38303   
0.00195         270.39395   
0.00195         270.405     
0.00195         270.4156    
0.00195         270.4251    
0.00195         270.43463   
0.00195         270.4442    
0.00195         270.45444   
0.00195         270.46466   
0.00195         270.47473   
0.00195         270.48447   
0.00195         270.4942    
0.00195         270.50412   
0.00195         270.5142    
0.00195         270.52472   
0.00195         270.53522   
0.00195         270.54572   
0.00195         270.5562    
0.00195         270.56598   
0.00195         270.57565   
0.0008210226    272.55716   
0.0008199006    272.6006    
0.0008187905    272.64355   
0.0008176855    272.6863    
0.00081655034   272.73026   
0.0008153449    272.77692   
0.0008141478    272.82324   
0.0008130258    272.86667   
0.0008119027    272.91013   
0.0008107693    272.954     
0.0008096263    272.99823   
0.0008084606    273.04337   
0.000807426     273.0834    
0.0008063914    273.12344   
0.0008052257    273.16855   
0.00080406      273.21368   
0.000802887     273.25906   
0.0008016994    273.30505   
0.0008005337    273.35016   
0.00079947      273.39133   
0.0007984354    273.43137   
0.0007972697    273.47647   
0.000796087     273.52225   
0.00079490914   273.56784   
0.000793758     273.6124    
0.000792738     273.6519    
0.000791633     273.69464   
0.000790443     273.7407    
0.00078927      273.7861    
0.00078825      273.82556   
0.000787111     273.86966   
0.00078593317   273.91525   
0.000784782     273.95978   
0.000783762     273.99927   
0.000782742     274.03876   
0.000781722     274.07822   
0.00078062917   274.1205    
0.00077946344   274.16562   
0.0007782977    274.21075   
0.000777234     274.25192   
0.00077620125   274.2919    
0.00077505375   274.3363    
0.00077390624   274.3807    
0.00077275874   274.4251    
0.000771624     274.46902   
0.0007704907    274.5129    
0.0007693573    274.55676   
0.000768224     274.60062   
0.00076709065   274.64447   
0.000766014     274.68616   
0.000764994     274.72562   
0.00076389464   274.76816   
0.00076276134   274.81204   
0.00076173      274.85196   
0.00076069543   274.89197   
0.0007595297    274.9371    
0.0007583867    274.98132   
0.0007572533    275.0252    
0.000756222     275.0651    
0.0007551907    275.105     
0.0007540573    275.1489    
0.000752924     275.19275   
0.00075179065   275.2366    
0.000750714     275.27826   
0.000749694     275.31775   
0.00074859464   275.3603    
0.00074746134   275.40414   
0.000746328     275.448     
0.000745206     275.49142   
0.000744186     275.5309    
0.0007431278    275.57187   
0.0007419803    275.61627   
0.00074083277   275.66068   
0.000739698     275.7046    
0.000738678     275.74405   
0.000737624     275.78485   
0.00073649065   275.8287    
0.000735414     275.8704    
0.00073438126   275.91034   
0.00073323376   275.95474   
0.00073215      275.9967    
0.00073113      276.03616   
0.00073011      276.07565   
0.00072905177   276.11658   
0.00072790426   276.161     
0.00072676665   276.20502   
0.00072563335   276.24887   
0.000724602     276.2888    
0.000723582     276.32828   
0.000722562     276.36774   
0.000721542     276.4072    
0.0007204427    276.44974   
0.0007193093    276.49362   
0.00071816327   276.53796   
0.00071709225   276.5794    
0.00071619975   276.61395   
0.000715116     276.65588   
0.000713994     276.6993    
0.000712974     276.73877   
0.00071186473   276.7817    
0.0007107172    276.8261    
0.0007095697    276.8705    
0.000708486     276.91245   
0.000707466     276.95193   
0.000706446     276.9914    
0.000705426     277.03085   
0.0007043142    277.07388   
0.0007031922    277.1173    
0.000702162     277.15717   
0.000701142     277.19666   
0.00070002      277.24005   
0.000698898     277.28348   
0.000697878     277.32294   
0.000696858     277.36243   
0.000695838     277.4019    
0.000694818     277.44138   
0.000693798     277.48083   
0.000692778     277.5203    
0.000691758     277.55978   
0.00069064874   277.6027    
0.000689514     277.6466    
0.000688494     277.68607   
0.00068740116   277.72836   
0.00068625      277.77292   
0.00068523      277.81238   
0.00068421      277.85187   
0.00068319      277.89133   
0.00068217      277.9308    
0.00068113726   277.97076   
0.00067998975   278.01517   
0.000678906     278.0571    
0.000677886     278.09656   
0.000676866     278.13605   
0.000675846     278.1755    
0.000674826     278.21497   
0.0006737623    278.25613   
0.00067259656   278.30124   
0.00067167677   278.33682   
0.000670746     278.37286   
0.000669726     278.41232   
0.000668604     278.45575   
0.000667482     278.49915   
0.000666462     278.53864   
0.000665442     278.5781    
0.000664422     278.61755   
0.000663402     278.657     
0.00066228      278.70044   
0.00066119625   278.74237   
0.00066030375   278.77692   
0.000659322     278.8149    
0.000658302     278.85437   
0.000657282     278.89383   
0.000656143     278.9379    
0.00065511087   278.97784   
0.000654205     279.0129    
0.000653015     279.05893   
0.000651978     279.09906   
0.000650958     279.13855   
0.000649938     279.178     
0.000648918     279.21747   
0.000647898     279.25693   
0.000646878     279.29642   
0.000645858     279.33588   
0.000644821     279.376     
0.000643631     279.42203   
0.00064270874   279.45773   
0.0006417343    279.49542   
0.00064056856   279.54053   
0.000639636     279.57663   
0.000638718     279.61215   
0.000637698     279.6516    
0.000636678     279.69107   
0.000635658     279.73053   
0.000634638     279.77002   
0.000633618     279.80948   
0.000632598     279.84894   
0.000631425     279.89432   
0.000630354     279.93576   
0.0006293453    279.9748    
0.00062843866   280.0099    
0.000627498     280.04626   
0.000626478     280.08572   
0.000625458     280.1252    
0.000624438     280.16467   
0.000623418     280.20413   
0.000622279     280.2482    
0.00062123773   280.28848   
0.00062034524   280.32303   
0.000619338     280.362     
0.000618318     280.40146   
0.000617298     280.44092   
0.000616278     280.48038   
0.000615258     280.51987   
0.000614238     280.55933   
0.000613218     280.5988    
0.000612198     280.63824   
0.00061128      280.67377   
0.000610362     280.7093    
0.000609342     280.74875   
0.00060824916   280.79105   
0.0006071126    280.83502   
0.00060623826   280.86884   
0.000605262     280.90662   
0.000604242     280.94608   
0.000603222     280.98553   
0.00060229126   281.02155   
0.00060137326   281.05707   
0.00060022576   281.10147   
0.0005992057    281.14093   
0.0005983132    281.17545   
0.000597306     281.21442   
0.000596286     281.2539    
0.000595266     281.29337   
0.000594246     281.33282   
0.000593226     281.37228   
0.000592206     281.41174   
0.0005912297    281.44952   
0.0005903554    281.48334   
0.00058935      281.52225   
0.00058833      281.5617    
0.00058731      281.60117   
0.00058629      281.64063   
0.000585304     281.67877   
0.00058439735   281.71387   
0.00058336114   281.75394   
0.00058222277   281.79797   
0.00058133027   281.83252   
0.000580374     281.8695    
0.00057936675   281.90848   
0.00057847425   281.94302   
0.0005774542    281.98248   
0.0005763068    282.02686   
0.0005753887    282.06238   
0.000546        283.19885   
0.000495        284.6388    
0.000444        285.7916    
0.000393        286.84262   
0.000342        287.87216   
0.000305036     288.94046   
0.000232178     290.05508   
0.00018755      291.113     
0.000135616     292.3828    
0.0000732589    293.99658   
0.0000466535    295.76822   
0.0000401219    297.59683   
0.0000353025    299.47455   
0.0000306918    301.5237    
0.0000304626    303.9261    
0.0000255239    306.8729    
0.0000211795    310.52112   
0.0000204447    315.77234   
0.0000138302    323.54852   
0.00000765176   333.72028   
0.0000061661    350.8653    
0.0000031852    366.27655   
0.000002302     381.8069    
0.0000021825    397.99237   
0.0000021807    415.99942   
0.0000021881    436.32556   
0.0000021876    458.02945   
0.0000021868    480.29636   
0.0000021989    504.7961    
0.0000022476    532.3606    
0.0000023292    563.3622    
0.0000024272    597.40295   
0.0000025379    633.8613    
0.0000026345    672.49524   
0.0000027363    713.19543   
0.0000028456    756.4076    
0.0000029855    802.655     
0.0000031293    854.59503   
0.0000032682    914.8649    
0.0000034056    983.64026   
0.0000035385    1057.7996   
0.0000036499    1134.4186   
0.0000037588    1215.6721   
0.0000038831    1309.5814   
0.0000039639    1430.125    
0.0000040049    1594.8604   
0.0000040137    1824.2512   
0.0000039958    2128.0356   
0.0000039633    2510.4956   
0.0039349       3306.2634   
