"rt[kg/kg]"     thm[K]    
0.0033035981    271.747   
0.00310701      272.826   
0.00287584      273.456   
0.00278016      273.974   
0.00263299      274.823   
0.00246439      277.415   
0.00265533      282.03    
0.00214817      285.566   
0.00137941      287.777   
0.00159249      289.4     
0.00137624      290.633   
0.00141651      291.507   
0.00134501      292.299   
0.00128601      293.123   
0.00120035      294.082   
0.00109604      295.223   
0.000985674     295.811   
0.000910506     297.214   
0.000797439     298.211   
0.0006186       299.465   
0.00051688      300.619   
0.000454531     301.512   
0.000342019     302.384   
0.000271119     303.398   
0.0002258       304.614   
0.000166315     305.858   
0.000137037     307.176   
0.0000934951    308.804   
0.0000495966    311.012   
0.0000375903    314.088   
0.0000306994    318.427   
0.0000275717    325.443   
0.0000157555    337.288   
0.00000708325   353.003   
0.0000102087    370.735   
0.0000136018    390.416   
0.0000175294    413.9     
0.0000219758    443.575   
