! The vertical coordinate is entered in the first column as height (z[m]) or pressure (Press[Pa]).
! Temperature can be entered as liquid water potential temperature (thlm[K]), potential temperature (thm[K]), or absolute temperature(T[K]).
! Prescribed, time-independent vertical velocity can be entered as velocity (w[m\s]) or pressure velocity (omega[Pa\s])
! If vertical velocity is time dependent, insert missing values throughout column.
! In all cases, missing values are denoted by -999.9
z[m]      thm[K]  "rt[kg/kg]"    "u[m/s]"     "v[m/s]"      "w[m/s]" "ug[m/s]"    "vg[m/s]"      
0.0E+0    271.747    3.3035981E-3   -4.1879816   -1.5066386   -999.9       -4.1879816   -1.5066386    
112.13    272.826    3.10701E-3     -5.1975398   -1.9734499   -999.9       -5.1975398   -1.9734499    
315.393   273.456    2.87584E-3     -7.1177301   -2.72665     -999.9       -7.1177301   -2.72665      
522.889   273.974    2.78016E-3     -7.5864701   -2.8338599   -999.9       -7.5864701   -2.8338599    
734.893   274.823    2.63299E-3     -7.59551     -2.6495299   -999.9       -7.59551     -2.6495299    
952.43    277.415    2.46439E-3     -6.2614498   -1.84855     -999.9       -6.2614498   -1.84855      
1177.27   282.03     2.65533E-3     -4.8623099   -1.38322     -999.9       -4.8623099   -1.38322      
1410.15   285.566    2.14817E-3     -3.3211401   -1.3758399   -999.9       -3.3211401   -1.3758399    
1650.44   287.777    1.37941E-3     -2.3370099   -1.28843     -999.9       -2.3370099   -1.28843      
1897.71   289.4      1.59249E-3     -2.6036999   -1.34282     -999.9       -2.6036999   -1.34282      
2151.88   290.633    1.37624E-3     -2.28493     -1.26767     -999.9       -2.28493     -1.26767      
2413.0    291.507    1.41651E-3     -2.3573799   -1.2529      -999.9       -2.3573799   -1.2529       
2681.27   292.299    1.34501E-3     -2.59991     -1.36768     -999.9       -2.59991     -1.36768      
2957.09   293.123    1.28601E-3     -3.0191801   -1.63867     -999.9       -3.0191801   -1.63867      
3241.01   294.082    1.20035E-3     -3.0674901   -1.63405     -999.9       -3.0674901   -1.63405      
3533.7    295.223    1.09604E-3     -2.789       -1.58084     -999.9       -2.789       -1.58084      
3835.56   295.811    9.85674E-4     -3.2119701   -1.7883101   -999.9       -3.2119701   -1.7883101    
4147.36   297.214    9.10506E-4     -3.7032001   -1.95079     -999.9       -3.7032001   -1.95079      
4470.05   298.211    7.97439E-4     -3.72507     -2.1071801   -999.9       -3.72507     -2.1071801    
4804.37   299.465    6.186E-4       -3.9482999   -2.1844699   -999.9       -3.9482999   -2.1844699    
5151.33   300.619    5.1688E-4      -3.63798     -2.2760301   -999.9       -3.63798     -2.2760301    
5511.77   301.512    4.54531E-4     -3.29726     -2.4820299   -999.9       -3.29726     -2.4820299    
5886.7    302.384    3.42019E-4     -3.14589     -2.6689401   -999.9       -3.14589     -2.6689401    
6277.53   303.398    2.71119E-4     -2.95555     -2.7455299   -999.9       -2.95555     -2.7455299    
6686.06   304.614    2.258E-4       -3.05004     -2.8706901   -999.9       -3.05004     -2.8706901    
7114.3    305.858    1.66315E-4     -3.50102     -3.1618299   -999.9       -3.50102     -3.1618299    
7564.51   307.176    1.37037E-4     -4.1721301   -3.31563     -999.9       -4.1721301   -3.31563      
8039.59   308.804    9.34951E-5     -4.85776     -3.28234     -999.9       -4.85776     -3.28234      
8543.44   311.012    4.95966E-5     -5.3534398   -2.9230399   -999.9       -5.3534398   -2.9230399    
9081.27   314.088    3.75903E-5     -5.2361102   -2.2125499   -999.9       -5.2361102   -2.2125499    
9660.1    318.427    3.06994E-5     -4.2081399   -1.20625     -999.9       -4.2081399   -1.20625      
10290.5   325.443    2.75717E-5     -2.4173999   -0.27261001  -999.9       -2.4173999   -0.27261001   
10989.5   337.288    1.57555E-5     0.30803499   1.10045      -999.9       0.30803499   1.10045       
11780.7   353.003    7.08325E-6     3.19121      2.6440101    -999.9       3.19121      2.6440101     
12692.4   370.735    1.02087E-5     5.87778      3.77952      -999.9       5.87778      3.77952       
13761.3   390.416    1.36018E-5     8.1125097    4.2985101    -999.9       8.1125097    4.2985101     
15045.5   413.9      1.75294E-5     11.0333      5.04245      -999.9       11.0333      5.04245       
16647.1   443.575    2.19758E-5     13.8313      4.1226201    -999.9       13.8313      4.1226201     
