z[m]      thm[K]   'rt[kg/kg]' 'u[m/s]' 'v[m/s]' 'w[m/s]' 'ug[m/s]'  'vg[m/s]'
0.00      299.29    0.0001      15.0     0.0      -999.9   15.0      0.0
5.00      300.00    0.0001      15.0     0.0      -999.9   15.0      0.0
15.00     300.00    0.0001      15.0     0.0      -999.9   15.0      0.0
25.00     300.00    0.0001      15.0     0.0      -999.9   15.0      0.0
35.00     300.00    0.0001      15.0     0.0      -999.9   15.0      0.0
45.00     300.00    0.0001      15.0     0.0      -999.9   15.0      0.0
55.00     300.00    0.0001      15.0     0.0      -999.9   15.0      0.0
65.00     300.00    0.0001      15.0     0.0      -999.9   15.0      0.0
75.00     300.00    0.0001      15.0     0.0      -999.9   15.0      0.0
85.00     300.00    0.0001      15.0     0.0      -999.9   15.0      0.0
95.00     300.00    0.0001      15.0     0.0      -999.9   15.0      0.0
105.00    300.00    0.0001      15.0     0.0      -999.9   15.0      0.0
115.00    300.00    0.0001      15.0     0.0      -999.9   15.0      0.0
125.00    300.00    0.0001      15.0     0.0      -999.9   15.0      0.0
135.00    300.00    0.0001      15.0     0.0      -999.9   15.0      0.0
145.00    300.00    0.0001      15.0     0.0      -999.9   15.0      0.0
155.00    300.00    0.0001      15.0     0.0      -999.9   15.0      0.0
165.00    300.00    0.0001      15.0     0.0      -999.9   15.0      0.0
175.00    300.00    0.0001      15.0     0.0      -999.9   15.0      0.0
185.00    300.00    0.0001      15.0     0.0      -999.9   15.0      0.0
195.00    300.00    0.0001      15.0     0.0      -999.9   15.0      0.0
205.00    300.00    0.0001      15.0     0.0      -999.9   15.0      0.0
215.00    300.00    0.0001      15.0     0.0      -999.9   15.0      0.0
225.00    300.00    0.0001      15.0     0.0      -999.9   15.0      0.0
235.00    300.00    0.0001      15.0     0.0      -999.9   15.0      0.0
245.00    300.00    0.0001      15.0     0.0      -999.9   15.0      0.0
255.00    300.00    0.0001      15.0     0.0      -999.9   15.0      0.0
265.00    300.00    0.0001      15.0     0.0      -999.9   15.0      0.0
275.00    300.00    0.0001      15.0     0.0      -999.9   15.0      0.0
285.00    300.00    0.0001      15.0     0.0      -999.9   15.0      0.0
295.00    300.00    0.0001      15.0     0.0      -999.9   15.0      0.0
305.00    300.00    0.0001      15.0     0.0      -999.9   15.0      0.0
315.00    300.00    0.0001      15.0     0.0      -999.9   15.0      0.0
325.00    300.00    0.0001      15.0     0.0      -999.9   15.0      0.0
335.00    300.00    0.0001      15.0     0.0      -999.9   15.0      0.0
345.00    300.00    0.0001      15.0     0.0      -999.9   15.0      0.0
355.00    300.00    0.0001      15.0     0.0      -999.9   15.0      0.0
365.00    300.00    0.0001      15.0     0.0      -999.9   15.0      0.0
375.00    300.00    0.0001      15.0     0.0      -999.9   15.0      0.0
385.00    300.00    0.0001      15.0     0.0      -999.9   15.0      0.0
395.00    300.00    0.0001      15.0     0.0      -999.9   15.0      0.0
405.00    300.00    0.0001      15.0     0.0      -999.9   15.0      0.0
415.00    300.00    0.0001      15.0     0.0      -999.9   15.0      0.0
425.00    300.00    0.0001      15.0     0.0      -999.9   15.0      0.0
435.00    300.00    0.0001      15.0     0.0      -999.9   15.0      0.0
445.00    301.33    0.0001      15.0     0.0      -999.9   15.0      0.0
455.00    302.67    0.0001      15.0     0.0      -999.9   15.0      0.0
465.00    304.00    0.0001      15.0     0.0      -999.9   15.0      0.0
475.00    305.33    0.0001      15.0     0.0      -999.9   15.0      0.0
485.00    306.67    0.0001      15.0     0.0      -999.9   15.0      0.0
495.00    308.00    0.0001      15.0     0.0      -999.9   15.0      0.0
505.00    308.03    0.0001      15.0     0.0      -999.9   15.0      0.0
515.00    308.06    0.0001      15.0     0.0      -999.9   15.0      0.0
525.00    308.09    0.0001      15.0     0.0      -999.9   15.0      0.0
535.00    308.12    0.0001      15.0     0.0      -999.9   15.0      0.0
545.00    308.15    0.0001      15.0     0.0      -999.9   15.0      0.0
555.00    308.18    0.0001      15.0     0.0      -999.9   15.0      0.0
565.00    308.21    0.0001      15.0     0.0      -999.9   15.0      0.0
575.00    308.24    0.0001      15.0     0.0      -999.9   15.0      0.0
585.00    308.27    0.0001      15.0     0.0      -999.9   15.0      0.0
595.00    308.30    0.0001      15.0     0.0      -999.9   15.0      0.0
605.00    308.33    0.0001      15.0     0.0      -999.9   15.0      0.0
615.00    308.36    0.0001      15.0     0.0      -999.9   15.0      0.0
625.00    308.39    0.0001      15.0     0.0      -999.9   15.0      0.0
635.00    308.42    0.0001      15.0     0.0      -999.9   15.0      0.0
645.00    308.45    0.0001      15.0     0.0      -999.9   15.0      0.0
655.00    308.48    0.0001      15.0     0.0      -999.9   15.0      0.0
665.00    308.51    0.0001      15.0     0.0      -999.9   15.0      0.0
675.00    308.54    0.0001      15.0     0.0      -999.9   15.0      0.0
685.00    308.57    0.0001      15.0     0.0      -999.9   15.0      0.0
695.00    308.60    0.0001      15.0     0.0      -999.9   15.0      0.0
705.00    308.63    0.0001      15.0     0.0      -999.9   15.0      0.0
715.00    308.66    0.0001      15.0     0.0      -999.9   15.0      0.0
725.00    308.69    0.0001      15.0     0.0      -999.9   15.0      0.0
735.00    308.72    0.0001      15.0     0.0      -999.9   15.0      0.0
745.00    308.75    0.0001      15.0     0.0      -999.9   15.0      0.0
755.00    308.78    0.0001      15.0     0.0      -999.9   15.0      0.0
765.00    308.81    0.0001      15.0     0.0      -999.9   15.0      0.0
775.00    308.84    0.0001      15.0     0.0      -999.9   15.0      0.0
785.00    308.87    0.0001      15.0     0.0      -999.9   15.0      0.0
795.00    308.90    0.0001      15.0     0.0      -999.9   15.0      0.0
805.00    308.93    0.0001      15.0     0.0      -999.9   15.0      0.0
817.25    308.97    0.0001      15.0     0.0      -999.9   15.0      0.0
834.00    309.02    0.0001      15.0     0.0      -999.9   15.0      0.0
855.25    309.08    0.0001      15.0     0.0      -999.9   15.0      0.0
881.00    309.16    0.0001      15.0     0.0      -999.9   15.0      0.0
911.25    309.25    0.0001      15.0     0.0      -999.9   15.0      0.0
946.00    309.35    0.0001      15.0     0.0      -999.9   15.0      0.0
985.25    309.47    0.0001      15.0     0.0      -999.9   15.0      0.0
1029.00   309.60    0.0001      15.0     0.0      -999.9   15.0      0.0
1077.25   309.75    0.0001      15.0     0.0      -999.9   15.0      0.0
1130.00   309.90    0.0001      15.0     0.0      -999.9   15.0      0.0
1187.25   310.08    0.0001      15.0     0.0      -999.9   15.0      0.0
1249.00   310.26    0.0001      15.0     0.0      -999.9   15.0      0.0
1315.25   310.46    0.0001      15.0     0.0      -999.9   15.0      0.0
1386.00   310.67    0.0001      15.0     0.0      -999.9   15.0      0.0
1461.25   310.90    0.0001      15.0     0.0      -999.9   15.0      0.0
