rtm[kg/kg]  thm[K]
0.0  299.28
0.0  300.00
0.0  300.00
0.0  300.00
0.0  300.00
0.0  300.00
0.0  300.00
0.0  300.00
0.0  300.00
0.0  300.00
0.0  300.00
0.0  300.00
0.0  300.00
0.0  300.00
0.0  300.00
0.0  300.00
0.0  300.00
0.0  300.00
0.0  300.00
0.0  300.00
0.0  300.00
0.0  300.00
0.0  300.00
0.0  300.00
0.0  300.00
0.0  300.00
0.0  300.00
0.0  300.00
0.0  300.00
0.0  300.00
0.0  300.00
0.0  300.00
0.0  300.00
0.0  300.00
0.0  300.00
0.0  300.00
0.0  300.00
0.0  300.00
0.0  300.00
0.0  300.00
0.0  300.00
0.0  300.00
0.0  300.00
0.0  300.00
0.0  300.00
0.0  301.33
0.0  302.67
0.0  304.00
0.0  305.33
0.0  306.67
0.0  308.00
0.0  308.03
0.0  308.06
0.0  308.09
0.0  308.12
0.0  308.15
0.0  308.18
0.0  308.21
0.0  308.24
0.0  308.27
0.0  308.30
0.0  308.33
0.0  308.36
0.0  308.39
0.0  308.42
0.0  308.45
0.0  308.48
0.0  308.51
0.0  308.54
0.0  308.57
0.0  308.60
0.0  308.63
0.0  308.66
0.0  308.69
0.0  308.72
0.0  308.75
0.0  308.78
0.0  308.81
0.0  308.84
0.0  308.87
0.0  308.90
0.0  308.93
0.0  308.97
0.0  309.02
0.0  309.08
0.0  309.16
0.0  309.25
0.0  309.35
0.0  309.47
0.0  309.60
0.0  309.75
0.0  309.90
0.0  310.08
0.0  310.26
0.0  310.46
0.0  310.67
0.0  310.90
