z[m]      theta[K]   rt[kg\kg]   u[m\s]      v[m\s]   ug[m\s]   vg[m\s]   
0.0E+0    297.9      0.01626     -9.9        -3.8     -9.9      -3.8      
740.0     297.9      0.013993    -8.42       -3.8     -8.42     -3.8      
3260.0    312.664    2.406E-3    -3.38       -3.8     -3.38     -3.8      
4000.0    317.0      1.803E-3    -1.9        -3.8     -1.9      -3.8      
9000.0    346.294    0.0E+0      18.0375     -3.8     8.1       -3.8      
12000.0   363.871    0.0E+0      30.0        -3.8     14.1      -3.8      
13000.0   369.73     0.0E+0      30.0        -3.8     16.1      -3.8      
15000.0   381.448    0.0E+0      21.428571   -3.8     20.1      -3.8      
17500.0   396.095    0.0E+0      10.714286   -3.8     25.1      -3.8      
20000.0   410.742    0.0E+0      0.0E+0      -3.8     30.1      -3.8      
