Time[s]     LH[W\m^2]     SH[W\m^2]     thlm[K]     rtm[kg\kg]     Press[Pa]
10800.000000     0.000000     0.000000     0.000000     0.000000     0.000000
21600.000000     0.000000     0.000000     0.000000     0.000000     0.000000
32400.000000     0.000000     0.000000     0.000000     0.000000     0.000000
43200.000000     0.000000     0.000000     0.000000     0.000000     0.000000
54000.000000     0.000000     0.000000     0.000000     0.000000     0.000000
64800.000000     0.000000     0.000000     0.000000     0.000000     0.000000
75600.000000     0.000000     0.000000     0.000000     0.000000     0.000000
86400.000000     0.000000     0.000000     0.000000     0.000000     0.000000
97200.000000     0.000000     0.000000     0.000000     0.000000     0.000000
108000.000000     0.000000     0.000000     0.000000     0.000000     0.000000
118800.000000     0.000000     0.000000     0.000000     0.000000     0.000000
129600.000000     0.000000     0.000000     0.000000     0.000000     0.000000
140400.000000     0.000000     0.000000     0.000000     0.000000     0.000000
151200.000000     0.000000     0.000000     0.000000     0.000000     0.000000
162000.000000     0.000000     0.000000     0.000000     0.000000     0.000000
172800.000000     0.000000     0.000000     0.000000     0.000000     0.000000
183600.000000     0.000000     0.000000     0.000000     0.000000     0.000000
194400.000000     0.000000     0.000000     0.000000     0.000000     0.000000
205200.000000     0.000000     0.000000     0.000000     0.000000     0.000000
216000.000000     0.000000     0.000000     0.000000     0.000000     0.000000
226800.000000     0.000000     0.000000     0.000000     0.000000     0.000000
237600.000000     0.000000     0.000000     0.000000     0.000000     0.000000
248400.000000     0.000000     0.000000     0.000000     0.000000     0.000000
259200.000000     0.000000     0.000000     0.000000     0.000000     0.000000
270000.000000     0.000000     0.000000     0.000000     0.000000     0.000000
280800.000000     0.000000     0.000000     0.000000     0.000000     0.000000
291600.000000     0.000000     0.000000     0.000000     0.000000     0.000000
302400.000000     0.000000     0.000000     0.000000     0.000000     0.000000
313200.000000     0.000000     0.000000     0.000000     0.000000     0.000000
324000.000000     0.000000     0.000000     0.000000     0.000000     0.000000
334800.000000     0.000000     0.000000     0.000000     0.000000     0.000000
345600.000000     0.000000     0.000000     0.000000     0.000000     0.000000
356400.000000     0.000000     0.000000     0.000000     0.000000     0.000000
367200.000000     0.000000     0.000000     0.000000     0.000000     0.000000
378000.000000     0.000000     0.000000     0.000000     0.000000     0.000000
388800.000000     0.000000     0.000000     0.000000     0.000000     0.000000
399600.000000     0.000000     0.000000     0.000000     0.000000     0.000000
410400.000000     0.000000     0.000000     0.000000     0.000000     0.000000
421200.000000     0.000000     0.000000     0.000000     0.000000     0.000000
432000.000000     0.000000     0.000000     0.000000     0.000000     0.000000
442800.000000     0.000000     0.000000     0.000000     0.000000     0.000000
453600.000000     0.000000     0.000000     0.000000     0.000000     0.000000
464400.000000     0.000000     0.000000     0.000000     0.000000     0.000000
475200.000000     0.000000     0.000000     0.000000     0.000000     0.000000
486000.000000     0.000000     0.000000     0.000000     0.000000     0.000000
496800.000000     0.000000     0.000000     0.000000     0.000000     0.000000
507600.000000     0.000000     0.000000     0.000000     0.000000     0.000000
518400.000000     0.000000     0.000000     0.000000     0.000000     0.000000
529200.000000     0.000000     0.000000     0.000000     0.000000     0.000000
540000.000000     0.000000     0.000000     0.000000     0.000000     0.000000
550800.000000     0.000000     0.000000     0.000000     0.000000     0.000000
561600.000000     0.000000     0.000000     0.000000     0.000000     0.000000
572400.000000     0.000000     0.000000     0.000000     0.000000     0.000000
583200.000000     0.000000     0.000000     0.000000     0.000000     0.000000
594000.000000     0.000000     0.000000     0.000000     0.000000     0.000000
604800.000000     0.000000     0.000000     0.000000     0.000000     0.000000
615600.000000     0.000000     0.000000     0.000000     0.000000     0.000000
626400.000000     0.000000     0.000000     0.000000     0.000000     0.000000
637200.000000     0.000000     0.000000     0.000000     0.000000     0.000000
648000.000000     0.000000     0.000000     0.000000     0.000000     0.000000
658800.000000     0.000000     0.000000     0.000000     0.000000     0.000000
669600.000000     0.000000     0.000000     0.000000     0.000000     0.000000
680400.000000     0.000000     0.000000     0.000000     0.000000     0.000000
691200.000000     0.000000     0.000000     0.000000     0.000000     0.000000
702000.000000     0.000000     0.000000     0.000000     0.000000     0.000000
712800.000000     0.000000     0.000000     0.000000     0.000000     0.000000
723600.000000     0.000000     0.000000     0.000000     0.000000     0.000000
734400.000000     0.000000     0.000000     0.000000     0.000000     0.000000
745200.000000     0.000000     0.000000     0.000000     0.000000     0.000000
756000.000000     0.000000     0.000000     0.000000     0.000000     0.000000
766800.000000     0.000000     0.000000     0.000000     0.000000     0.000000
777600.000000     0.000000     0.000000     0.000000     0.000000     0.000000
788400.000000     0.000000     0.000000     0.000000     0.000000     0.000000
799200.000000     0.000000     0.000000     0.000000     0.000000     0.000000
810000.000000     0.000000     0.000000     0.000000     0.000000     0.000000
820800.000000     0.000000     0.000000     0.000000     0.000000     0.000000
831600.000000     0.000000     0.000000     0.000000     0.000000     0.000000
842400.000000     0.000000     0.000000     0.000000     0.000000     0.000000
853200.000000     0.000000     0.000000     0.000000     0.000000     0.000000
864000.000000     0.000000     0.000000     0.000000     0.000000     0.000000
874800.000000     0.000000     0.000000     0.000000     0.000000     0.000000
885600.000000     0.000000     0.000000     0.000000     0.000000     0.000000
896400.000000     0.000000     0.000000     0.000000     0.000000     0.000000
907200.000000     0.000000     0.000000     0.000000     0.000000     0.000000
918000.000000     0.000000     0.000000     0.000000     0.000000     0.000000
928800.000000     0.000000     0.000000     0.000000     0.000000     0.000000
939600.000000     0.000000     0.000000     0.000000     0.000000     0.000000
950400.000000     0.000000     0.000000     0.000000     0.000000     0.000000
961200.000000     0.000000     0.000000     0.000000     0.000000     0.000000
972000.000000     0.000000     0.000000     0.000000     0.000000     0.000000
982800.000000     0.000000     0.000000     0.000000     0.000000     0.000000
993600.000000     0.000000     0.000000     0.000000     0.000000     0.000000
1004400.000000     0.000000     0.000000     0.000000     0.000000     0.000000
1015200.000000     0.000000     0.000000     0.000000     0.000000     0.000000
1026000.000000     0.000000     0.000000     0.000000     0.000000     0.000000
1036800.000000     0.000000     0.000000     0.000000     0.000000     0.000000
1047600.000000     0.000000     0.000000     0.000000     0.000000     0.000000
1058400.000000     0.000000     0.000000     0.000000     0.000000     0.000000
1069200.000000     0.000000     0.000000     0.000000     0.000000     0.000000
1080000.000000     0.000000     0.000000     0.000000     0.000000     0.000000
1090800.000000     0.000000     0.000000     0.000000     0.000000     0.000000
1101600.000000     0.000000     0.000000     0.000000     0.000000     0.000000
1112400.000000     0.000000     0.000000     0.000000     0.000000     0.000000
1123200.000000     0.000000     0.000000     0.000000     0.000000     0.000000
1134000.000000     0.000000     0.000000     0.000000     0.000000     0.000000
1144800.000000     0.000000     0.000000     0.000000     0.000000     0.000000
1155600.000000     0.000000     0.000000     0.000000     0.000000     0.000000
1166400.000000     0.000000     0.000000     0.000000     0.000000     0.000000
1177200.000000     0.000000     0.000000     0.000000     0.000000     0.000000
1188000.000000     0.000000     0.000000     0.000000     0.000000     0.000000
1198800.000000     0.000000     0.000000     0.000000     0.000000     0.000000
1209600.000000     0.000000     0.000000     0.000000     0.000000     0.000000
1220400.000000     0.000000     0.000000     0.000000     0.000000     0.000000
1231200.000000     0.000000     0.000000     0.000000     0.000000     0.000000
1242000.000000     0.000000     0.000000     0.000000     0.000000     0.000000
1252800.000000     0.000000     0.000000     0.000000     0.000000     0.000000
1263600.000000     0.000000     0.000000     0.000000     0.000000     0.000000
1274400.000000     0.000000     0.000000     0.000000     0.000000     0.000000
1285200.000000     0.000000     0.000000     0.000000     0.000000     0.000000
1296000.000000     0.000000     0.000000     0.000000     0.000000     0.000000
1306800.000000     0.000000     0.000000     0.000000     0.000000     0.000000
1317600.000000     0.000000     0.000000     0.000000     0.000000     0.000000
1328400.000000     0.000000     0.000000     0.000000     0.000000     0.000000
1339200.000000     0.000000     0.000000     0.000000     0.000000     0.000000
1350000.000000     0.000000     0.000000     0.000000     0.000000     0.000000
1360800.000000     0.000000     0.000000     0.000000     0.000000     0.000000
1371600.000000     0.000000     0.000000     0.000000     0.000000     0.000000
1382400.000000     0.000000     0.000000     0.000000     0.000000     0.000000
1393200.000000     0.000000     0.000000     0.000000     0.000000     0.000000
1404000.000000     0.000000     0.000000     0.000000     0.000000     0.000000
1414800.000000     0.000000     0.000000     0.000000     0.000000     0.000000
1425600.000000     0.000000     0.000000     0.000000     0.000000     0.000000
1436400.000000     0.000000     0.000000     0.000000     0.000000     0.000000
1447200.000000     0.000000     0.000000     0.000000     0.000000     0.000000
1458000.000000     0.000000     0.000000     0.000000     0.000000     0.000000
1468800.000000     0.000000     0.000000     0.000000     0.000000     0.000000
1479600.000000     0.000000     0.000000     0.000000     0.000000     0.000000
1490400.000000     0.000000     0.000000     0.000000     0.000000     0.000000
1501200.000000     0.000000     0.000000     0.000000     0.000000     0.000000
1512000.000000     0.000000     0.000000     0.000000     0.000000     0.000000
1522800.000000     0.000000     0.000000     0.000000     0.000000     0.000000
1533600.000000     0.000000     0.000000     0.000000     0.000000     0.000000
1544400.000000     0.000000     0.000000     0.000000     0.000000     0.000000
1555200.000000     0.000000     0.000000     0.000000     0.000000     0.000000
1566000.000000     0.000000     0.000000     0.000000     0.000000     0.000000
1576800.000000     0.000000     0.000000     0.000000     0.000000     0.000000
1587600.000000     0.000000     0.000000     0.000000     0.000000     0.000000
1598400.000000     0.000000     0.000000     0.000000     0.000000     0.000000
1609200.000000     0.000000     0.000000     0.000000     0.000000     0.000000
1620000.000000     0.000000     0.000000     0.000000     0.000000     0.000000
1630800.000000     0.000000     0.000000     0.000000     0.000000     0.000000
1641600.000000     0.000000     0.000000     0.000000     0.000000     0.000000
1652400.000000     0.000000     0.000000     0.000000     0.000000     0.000000
1663200.000000     0.000000     0.000000     0.000000     0.000000     0.000000
1674000.000000     0.000000     0.000000     0.000000     0.000000     0.000000
1684800.000000     0.000000     0.000000     0.000000     0.000000     0.000000
1695600.000000     0.000000     0.000000     0.000000     0.000000     0.000000
1706400.000000     0.000000     0.000000     0.000000     0.000000     0.000000
1717200.000000     0.000000     0.000000     0.000000     0.000000     0.000000
1728000.000000     0.000000     0.000000     0.000000     0.000000     0.000000
1738800.000000     0.000000     0.000000     0.000000     0.000000     0.000000
1749600.000000     0.000000     0.000000     0.000000     0.000000     0.000000
1760400.000000     0.000000     0.000000     0.000000     0.000000     0.000000
1771200.000000     0.000000     0.000000     0.000000     0.000000     0.000000
1782000.000000     0.000000     0.000000     0.000000     0.000000     0.000000
1792800.000000     0.000000     0.000000     0.000000     0.000000     0.000000
1803600.000000     0.000000     0.000000     0.000000     0.000000     0.000000
1814400.000000     0.000000     0.000000     0.000000     0.000000     0.000000
1825200.000000     0.000000     0.000000     0.000000     0.000000     0.000000
1836000.000000     0.000000     0.000000     0.000000     0.000000     0.000000
1846800.000000     0.000000     0.000000     0.000000     0.000000     0.000000
1857600.000000     0.000000     0.000000     0.000000     0.000000     0.000000
1868400.000000     0.000000     0.000000     0.000000     0.000000     0.000000
1879200.000000     0.000000     0.000000     0.000000     0.000000     0.000000
1890000.000000     0.000000     0.000000     0.000000     0.000000     0.000000
1900800.000000     0.000000     0.000000     0.000000     0.000000     0.000000
1911600.000000     0.000000     0.000000     0.000000     0.000000     0.000000
1922400.000000     0.000000     0.000000     0.000000     0.000000     0.000000
1933200.000000     0.000000     0.000000     0.000000     0.000000     0.000000
1944000.000000     0.000000     0.000000     0.000000     0.000000     0.000000
1954800.000000     0.000000     0.000000     0.000000     0.000000     0.000000
1965600.000000     0.000000     0.000000     0.000000     0.000000     0.000000
1976400.000000     0.000000     0.000000     0.000000     0.000000     0.000000
1987200.000000     0.000000     0.000000     0.000000     0.000000     0.000000
1998000.000000     0.000000     0.000000     0.000000     0.000000     0.000000
2008800.000000     0.000000     0.000000     0.000000     0.000000     0.000000
2019600.000000     0.000000     0.000000     0.000000     0.000000     0.000000
2030400.000000     0.000000     0.000000     0.000000     0.000000     0.000000
2041200.000000     0.000000     0.000000     0.000000     0.000000     0.000000
2052000.000000     0.000000     0.000000     0.000000     0.000000     0.000000
2062800.000000     0.000000     0.000000     0.000000     0.000000     0.000000
2073600.000000     0.000000     0.000000     0.000000     0.000000     0.000000
2084400.000000     0.000000     0.000000     0.000000     0.000000     0.000000
2095200.000000     0.000000     0.000000     0.000000     0.000000     0.000000
2106000.000000     0.000000     0.000000     0.000000     0.000000     0.000000
2116800.000000     0.000000     0.000000     0.000000     0.000000     0.000000
2127600.000000     0.000000     0.000000     0.000000     0.000000     0.000000
2138400.000000     0.000000     0.000000     0.000000     0.000000     0.000000
2149200.000000     0.000000     0.000000     0.000000     0.000000     0.000000
2160000.000000     0.000000     0.000000     0.000000     0.000000     0.000000
2170800.000000     0.000000     0.000000     0.000000     0.000000     0.000000
2181600.000000     0.000000     0.000000     0.000000     0.000000     0.000000
2192400.000000     0.000000     0.000000     0.000000     0.000000     0.000000
2203200.000000     0.000000     0.000000     0.000000     0.000000     0.000000
2214000.000000     0.000000     0.000000     0.000000     0.000000     0.000000
2224800.000000     0.000000     0.000000     0.000000     0.000000     0.000000
2235600.000000     0.000000     0.000000     0.000000     0.000000     0.000000
2246400.000000     0.000000     0.000000     0.000000     0.000000     0.000000
2257200.000000     0.000000     0.000000     0.000000     0.000000     0.000000
2268000.000000     0.000000     0.000000     0.000000     0.000000     0.000000
2278800.000000     0.000000     0.000000     0.000000     0.000000     0.000000
2289600.000000     0.000000     0.000000     0.000000     0.000000     0.000000
2300400.000000     0.000000     0.000000     0.000000     0.000000     0.000000
2311200.000000     0.000000     0.000000     0.000000     0.000000     0.000000
2322000.000000     0.000000     0.000000     0.000000     0.000000     0.000000
