! The levels of the vertical coordinate (z or pressure) are assumed to be the same as those in the corresponding sounding.in file.
thm[K]        rt[kg\kg]       o3[kg\kg] 
298.915775    2.127013E-02    4.79009E-08 
301.053216    2.127013E-02    4.89664E-08 
301.633733    2.051306E-02    5.00318E-08 
302.528135    1.958236E-02    5.10972E-08 
303.541829    1.847428E-02    5.21627E-08 
304.527103    1.753316E-02    5.30701E-08 
305.703905    1.634413E-02    5.38534E-08  
306.856198    1.532424E-02    5.46367E-08 
307.917761    1.457417E-02    5.54199E-08 
309.116610    1.326889E-02    5.61520E-08 
310.544693    1.197398E-02    5.68499E-08 
312.281691    1.084535E-02    5.75478E-08 
313.971942    9.681742E-03    5.82457E-08 
315.566486    8.995808E-03    5.85098E-08 
317.207959    8.297931E-03    5.87739E-08 
318.653861    7.851981E-03    5.90380E-08 
320.237458    7.266414E-03    5.99382E-08 
322.147862    6.660983E-03    6.10857E-08 
323.745619    6.163562E-03    6.22332E-08  	 
325.796834    5.643823E-03    6.35394E-08 
327.877261    5.065857E-03    6.48957E-08 
329.873446    4.445186E-03    6.62730E-08 
331.993580    4.002739E-03    6.78905E-08 
334.409434    3.571446E-03    6.95080E-08 
336.657558    3.035702E-03    7.13311E-08  
338.842158    2.648264E-03    7.32510E-08 
341.233023    2.211808E-03    7.64715E-08  
343.394736    1.723961E-03    8.08924E-08 
345.401757    1.281252E-03    8.60854E-08 
347.238527    8.530073E-04    9.18849E-08 
349.035029    4.826355E-04    1.01865E-07 
350.512347    2.792034E-04    1.13752E-07 
351.851696    1.629113E-04    1.28494E-07 
353.158313    7.165321E-05    1.47452E-07 
354.146936    2.742151E-05    1.67312E-07 
355.421323    9.850915E-06    1.96827E-07 
358.137343    2.858174E-06    2.32550E-07 
370.106659    1.111594E-06    4.71578E-07
426.592424    5.208971E-06    1.34533E-06
523.328252    8.490746E-06    4.43980E-06
565.493831    3.257380E-06    5.69597E-06
596.402335    3.254250E-06    7.13835E-06 
629.047629    3.238560E-06    8.40543E-06 
817.007405    3.249590E-06    1.31075E-05 
1048.096441   3.255810E-06    1.06976E-05 
1329.179787   3.252810E-06    9.80626E-06 
1670.408991   3.252260E-06    6.19933E-06 
2032.656098   3.251580E-06    3.90554E-06 
3556.896526   3.246470E-06    9.33767E-07 
15340.633194  3.260000E-06    8.60000E-08 
