"rt[kg/kg]" thm[K]   
0.0042      276.85   
0.0037      276.91   
0.0035      277.68   
0.0038      279.83   
0.0038      280.81   
0.0038      281.4    
0.0037      281.68   
0.0036      281.97   
0.0035      282.07   
0.0034      282.06   
0.0033      281.97   
0.0032      281.97   
0.0032      281.87   
0.0031      281.87   
0.0029      281.98   
0.0027      282.29   
0.0025      282.62   
0.0023      282.84   
0.0022      283.06   
0.0021      283.19   
0.002       283.62   
0.0018      284.72   
0.0015      285.42   
0.0012      285.92   
0.0008      287.17   
0.001       288.34   
0.0008      288.89   
0.0007      289.56   
0.0007      290.57   
0.0007      290.95   
0.0006      291.02   
