! The vertical coordinate is entered in the first column as height (z[m]) or pressure (Press[Pa]).
! Temperature can be entered as liquid water potential temperature (thlm[K]) or potential temperature (thm[K]).
! Prescribed, time-independent vertical velocity can be entered as velocity (w[m\s]) or pressure velocity (omega[Pa\s])
! If vertical velocity is time dependent, insert missing values throughout column.
! In all cases, missing values are denoted by -999.9
z[m]     theta[K]   rt[kg\kg]   u[m\s]   v[m\s]   w[m\s]   ug[m\s]   vg[m\s]   
0.0E+0   276.85     4.2E-3      0.0E+0   0.0E+0   0        -5.5      0.0E+0    
50.0     276.91     3.7E-3      -2.84    0.03     0        -5.36     0.0E+0    
100.0    277.68     3.5E-3      -2.92    -0.38    0        -5.21     0.0E+0    
150.0    279.83     3.8E-3      -2.9     -0.62    0        -5.07     0.0E+0    
200.0    280.81     3.8E-3      -2.79    -0.57    0        -4.92     0.0E+0    
250.0    281.4      3.8E-3      -2.79    -0.51    0        -4.78     0.0E+0    
300.0    281.68     3.7E-3      -3.12    -0.51    0        -4.63     0.0E+0    
350.0    281.97     3.6E-3      -3.39    -0.53    0        -4.49     0.0E+0    
400.0    282.07     3.5E-3      -3.2     -0.47    0        -4.34     0.0E+0    
450.0    282.06     3.4E-3      -2.87    -0.44    0        -4.19     0.0E+0    
500.0    281.97     3.3E-3      -2.49    -0.37    0        -4.05     0.0E+0    
550.0    281.97     3.2E-3      -2.66    -0.3     0        -3.9      0.0E+0    
600.0    281.87     3.2E-3      -2.79    -0.26    0        -3.76     0.0E+0    
650.0    281.87     3.1E-3      -2.68    -0.24    0        -3.61     0.0E+0    
700.0    281.98     2.9E-3      -2.43    -0.35    0        -3.47     0.0E+0    
750.0    282.29     2.7E-3      -2.42    -0.44    0        -3.32     0.0E+0    
800.0    282.62     2.5E-3      -2.45    -0.48    0        -3.18     0.0E+0    
850.0    282.84     2.3E-3      -2.41    -0.62    0        -3.03     0.0E+0    
900.0    283.06     2.2E-3      -2.28    -0.76    0        -2.89     0.0E+0    
950.0    283.19     2.1E-3      -2.29    -0.91    0        -2.74     0.0E+0    
1000.0   283.62     2.0E-3      -2.55    -1.16    0        -2.6      0.0E+0    
1100.0   284.72     1.8E-3      -2.29    -1.41    0        -2.46     0.0E+0    
1200.0   285.42     1.5E-3      -1.93    -0.9     0        -2.32     0.0E+0    
1300.0   285.92     1.2E-3      -2.1     -0.28    0        -2.18     0.0E+0    
1400.0   287.17     8.0E-4      -1.45    0.07     0        -2.04     0.0E+0    
1500.0   288.34     1.0E-3      -1.2     0.09     0        -1.9      0.0E+0    
1600.0   288.89     8.0E-4      -1.19    0.26     0        -1.76     0.0E+0    
1700.0   289.56     7.0E-4      -1.49    1.15     0        -1.62     0.0E+0    
1800.0   290.57     7.0E-4      -0.7     1.72     0        -1.48     0.0E+0    
1900.0   290.95     7.0E-4      0.05     1.47     0        -1.34     0.0E+0    
2000.0   291.02     6.0E-4      0.5      1.1      0        -1.2      0.0E+0    
