    0.0
  150.0
  300.0
  450.0
  600.0
  750.0
  900.0
 1050.0
 1200.0
 1350.0
 1500.0
 1650.0
 1800.0
 1950.0
 2100.0
 2250.0
 2400.0
 2550.0
 2700.0
 2850.0
 3000.0
 3150.0
 3300.0
 3450.0
 3600.0
 3750.0
 3900.0
 4050.0
 4200.0
 4350.0
 4500.0
 4650.0
 4800.0
 4950.0
 5100.0
 5250.0
 5400.0
 5550.0
 5700.0
 5850.0
 6000.0
 6150.0
 6300.0
 6450.0
 6600.0
 6750.0
 6900.0
 7050.0
 7200.0
 7350.0
 7500.0
 7650.0
 7800.0
 7950.0
 8100.0
 8250.0
 8400.0
 8550.0
 8700.0
 8850.0
 9000.0
 9150.0
 9300.0
 9450.0
 9600.0
 9750.0
 9900.0
10050.0
10200.0
10350.0
10500.0
10650.0
10800.0
10950.0
11100.0
11250.0
11400.0
11550.0
11700.0
11850.0
12000.0
12150.0
12300.0
12450.0
12600.0
12750.0
12900.0
13050.0
13200.0
13350.0
13500.0
13650.0
13800.0
13950.0
14100.0
14250.0
14400.0
14550.0
14700.0
14850.0
