 -100.0
  100.0
  300.0
  500.0
  700.0
  900.0
 1100.0
 1300.0
 1500.0
 1700.0
 1900.0
 2100.0
 2300.0
 2500.0
 2700.0
 2900.0
 3100.0
 3300.0
 3500.0
 3700.0
 3900.0
 4100.0
 4300.0
 4500.0
 4700.0
 4900.0
 5100.0
 5300.0
 5500.0
 5700.0
 5900.0
 6100.0
 6300.0
 6500.0
 6700.0
 6900.0
 7100.0
 7300.0
 7500.0
 7700.0
 7900.0
 8100.0
 8300.0
 8500.0
 8700.0
 8900.0
 9100.0
 9300.0
 9500.0
 9700.0
 9900.0
10100.0
10300.0
10500.0
10700.0
10900.0
11100.0
11300.0
11500.0
11700.0
11900.0
12100.0
12300.0
12500.0
12700.0
12900.0
13100.0
13300.0
13500.0
13700.0
13900.0
14100.0
14300.0
14500.0
14700.0
14900.0
15100.0
15300.0
15500.0
15700.0
15900.0
16100.0
16300.0
16500.0
16700.0
16900.0
17100.0
17300.0
17500.0
17700.0
17900.0
18100.0
18300.0
18500.0
18700.0
18900.0
19100.0
19300.0
19500.0
19700.0
19900.0
20100.0
20300.0
20500.0
20700.0
20900.0
21100.0
21300.0
21500.0
21700.0
21900.0
22100.0
22300.0
22500.0
22700.0
22900.0
23100.0
23300.0
23500.0
23700.0
23900.0
24100.0
24300.0
24500.0
24700.0
24900.0
25100.0
25300.0
