  -75.0
   75.0
  225.0
  375.0
  525.0
  675.0
  825.0
  975.0
 1125.0
 1275.0
 1425.0
 1575.0
 1725.0
 1875.0
 2025.0
 2175.0
 2325.0
 2475.0
 2625.0
 2775.0
 2925.0
 3075.0
 3225.0
 3375.0
 3525.0
 3675.0
 3825.0
 3975.0
 4125.0
 4275.0
 4425.0
 4575.0
 4725.0
 4875.0
 5025.0
 5175.0
 5325.0
 5475.0
 5625.0
 5775.0
 5925.0
 6075.0
 6225.0
 6375.0
 6525.0
 6675.0
 6825.0
 6975.0
 7125.0
 7275.0
 7425.0
 7575.0
 7725.0
 7875.0
 8025.0
 8175.0
 8325.0
 8475.0
 8625.0
 8775.0
 8925.0
 9075.0
 9225.0
 9375.0
 9525.0
 9675.0
 9825.0
 9975.0
10125.0
10275.0
10425.0
10575.0
10725.0
10875.0
11025.0
11175.0
11325.0
11475.0
11625.0
11775.0
11925.0
12075.0
12225.0
12375.0
12525.0
12675.0
12825.0
12975.0
13125.0
13275.0
13425.0
13575.0
13725.0
13875.0
14025.0
14175.0
14325.0
14475.0
14625.0
14775.0
