3084.5
3109.5
3134.5
3159.5
3184.5
3209.5
3234.5
3259.5
3284.5
3309.5
3334.5
3359.5
3384.5
3409.5
3434.5
3459.5
3484.5
3509.5
3534.5
3559.5
3584.5
3609.5
3634.5
3659.5
3684.5
3709.5
3734.5
3759.5
3784.5
3809.5
3834.5
3859.5
3884.5
3909.5
3934.5
3959.5
3984.5
4009.5
4034.5
4059.5
4084.5
4109.5
4134.5
4159.5
4184.5
4209.5
4234.5
4259.5
4284.5
4309.5
4334.5
4359.5
4384.5
4409.5
4434.5
4459.5
4484.5
4509.5
4534.5
4559.5
4584.5
4609.5
4634.5
4659.5
4684.5
4709.5
4734.5
4759.5
4784.5
4809.5
4834.5
4859.5
4884.5
4909.5
4934.5
4959.5
4984.5
5009.5
5034.5
5059.5
5084.5
5109.5
5134.5
5159.5
5184.5
5209.5
5234.5
5259.5
5284.5
5309.5
5334.5
5359.5
5384.5
5409.5
5434.5
5459.5
5484.5
5509.5
5534.5
5559.5
5584.5
5609.5
5634.5
5659.5
5684.5
5709.5
5734.5
5759.5
5784.5
5809.5
5834.5
5859.5
5884.5
5909.5
5934.5
5959.5
5984.5
6009.5
6034.5
6059.5
