2213.0
2238.0
2263.0
2288.0
2313.0
2338.0
2363.0
2388.0
2413.0
2438.0
2463.0
2488.0
2513.0
2538.0
2563.0
2588.0
2613.0
2638.0
2663.0
2688.0
2713.0
2738.0
2763.0
2788.0
2813.0
2838.0
2863.0
2888.0
2913.0
2938.0
2963.0
2988.0
3013.0
3038.0
3063.0
3088.0
3113.0
3138.0
3163.0
3188.0
3213.0
3238.0
3263.0
3288.0
3313.0
3338.0
3363.0
3388.0
3413.0
3438.0
3463.0
3488.0
3513.0
3538.0
3563.0
3588.0
3613.0
3638.0
3663.0
3688.0
3713.0
3738.0
3763.0
3788.0
3813.0
3838.0
3863.0
3888.0
3913.0
3938.0
3963.0
3988.0
4013.0
4038.0
4063.0
4088.0
4113.0
4138.0
4163.0
4188.0
4213.0
4238.0
4263.0
4288.0
4313.0
4338.0
4363.0
4388.0
4413.0
4438.0
4463.0
4488.0
4513.0
4538.0
4563.0
4588.0
4613.0
4638.0
4663.0
4688.0
4713.0
4738.0
4763.0
4788.0
4813.0
4838.0
4863.0
4888.0
4913.0
4938.0
4963.0
4988.0
5013.0
5038.0
5063.0
5088.0
5113.0
5138.0
5163.0
5188.0
5213.0
5238.0
5263.0
5288.0
5313.0
5338.0
5363.0
5388.0
5413.0
5438.0
5463.0
5488.0
5513.0
5538.0
5563.0
5588.0
5613.0
5638.0
5663.0
5688.0
5713.0
5738.0
5763.0
5788.0
5813.0
5838.0
5863.0
5888.0
5913.0
5938.0
5963.0
5988.0
6013.0
6038.0
6063.0
6088.0
6113.0
6138.0
6163.0
6188.0
6213.0
6238.0
6263.0
6288.0
6313.0
6338.0
6363.0
6388.0
6413.0
6438.0
6463.0
6488.0
6513.0
6538.0
6563.0
6588.0
6613.0
6638.0
6663.0
6688.0
