3097.0
3122.0
3147.0
3172.0
3197.0
3222.0
3247.0
3272.0
3297.0
3322.0
3347.0
3372.0
3397.0
3422.0
3447.0
3472.0
3497.0
3522.0
3547.0
3572.0
3597.0
3622.0
3647.0
3672.0
3697.0
3722.0
3747.0
3772.0
3797.0
3822.0
3847.0
3872.0
3897.0
3922.0
3947.0
3972.0
3997.0
4022.0
4047.0
4072.0
4097.0
4122.0
4147.0
4172.0
4197.0
4222.0
4247.0
4272.0
4297.0
4322.0
4347.0
4372.0
4397.0
4422.0
4447.0
4472.0
4497.0
4522.0
4547.0
4572.0
4597.0
4622.0
4647.0
4672.0
4697.0
4722.0
4747.0
4772.0
4797.0
4822.0
4847.0
4872.0
4897.0
4922.0
4947.0
4972.0
4997.0
5022.0
5047.0
5072.0
5097.0
5122.0
5147.0
5172.0
5197.0
5222.0
5247.0
5272.0
5297.0
5322.0
5347.0
5372.0
5397.0
5422.0
5447.0
5472.0
5497.0
5522.0
5547.0
5572.0
5597.0
5622.0
5647.0
5672.0
5697.0
5722.0
5747.0
5772.0
5797.0
5822.0
5847.0
5872.0
5897.0
5922.0
5947.0
5972.0
5997.0
6022.0
6047.0
6072.0
