2200.5
2225.5
2250.5
2275.5
2300.5
2325.5
2350.5
2375.5
2400.5
2425.5
2450.5
2475.5
2500.5
2525.5
2550.5
2575.5
2600.5
2625.5
2650.5
2675.5
2700.5
2725.5
2750.5
2775.5
2800.5
2825.5
2850.5
2875.5
2900.5
2925.5
2950.5
2975.5
3000.5
3025.5
3050.5
3075.5
3100.5
3125.5
3150.5
3175.5
3200.5
3225.5
3250.5
3275.5
3300.5
3325.5
3350.5
3375.5
3400.5
3425.5
3450.5
3475.5
3500.5
3525.5
3550.5
3575.5
3600.5
3625.5
3650.5
3675.5
3700.5
3725.5
3750.5
3775.5
3800.5
3825.5
3850.5
3875.5
3900.5
3925.5
3950.5
3975.5
4000.5
4025.5
4050.5
4075.5
4100.5
4125.5
4150.5
4175.5
4200.5
4225.5
4250.5
4275.5
4300.5
4325.5
4350.5
4375.5
4400.5
4425.5
4450.5
4475.5
4500.5
4525.5
4550.5
4575.5
4600.5
4625.5
4650.5
4675.5
4700.5
4725.5
4750.5
4775.5
4800.5
4825.5
4850.5
4875.5
4900.5
4925.5
4950.5
4975.5
5000.5
5025.5
5050.5
5075.5
5100.5
5125.5
5150.5
5175.5
5200.5
5225.5
5250.5
5275.5
5300.5
5325.5
5350.5
5375.5
5400.5
5425.5
5450.5
5475.5
5500.5
5525.5
5550.5
5575.5
5600.5
5625.5
5650.5
5675.5
5700.5
5725.5
5750.5
5775.5
5800.5
5825.5
5850.5
5875.5
5900.5
5925.5
5950.5
5975.5
6000.5
6025.5
6050.5
6075.5
6100.5
6125.5
6150.5
6175.5
6200.5
6225.5
6250.5
6275.5
6300.5
6325.5
6350.5
6375.5
6400.5
6425.5
6450.5
6475.5
6500.5
6525.5
6550.5
6575.5
6600.5
6625.5
6650.5
6675.5
