 -20.0
  20.0
  60.0
 100.0
 140.0
 180.0
 220.0
 260.0
 300.0
 340.0
 380.0
 420.0
 460.0
 500.0
 540.0
 580.0
 620.0
 660.0
 700.0
 740.0
 780.0
 820.0
 860.0
 900.0
 940.0
 980.0
1020.0
1060.0
1100.0
1140.0
1180.0
1220.0
1260.0
1300.0
1340.0
1380.0
1420.0
1460.0
1500.0
1540.0
1580.0
1620.0
1660.0
1700.0
1740.0
1780.0
1820.0
1860.0
1900.0
1940.0
1980.0
2020.0
2060.0
2100.0
2140.0
2180.0
2220.0
2260.0
2300.0
2340.0
2380.0
2420.0
2460.0
2500.0
2540.0
2580.0
2620.0
2660.0
2700.0
2740.0
2780.0
2820.0
2860.0
2900.0
2940.0
2980.0
3020.0
3060.0
3100.0
3140.0
3180.0
3220.0
3260.0
3300.0
3340.0
3380.0
3420.0
3460.0
3500.0
3540.0
3580.0
3620.0
3660.0
3700.0
3740.0
3780.0
3820.0
3860.0
3900.0
3940.0
