  -5.0
   5.0
  15.0
  25.0
  35.0
  45.0
  55.0
  65.0
  75.0
  85.0
  95.0
 105.0
 115.0
 125.0
 135.0
 145.0
 155.0
 165.0
 175.0
 185.0
 195.0
 205.0
 215.0
 225.0
 235.0
 245.0
 255.0
 265.0
 275.0
 285.0
 295.0
 305.0
 315.0
 325.0
 335.0
 345.0
 355.0
 365.0
 375.0
 385.0
 395.0
 405.0
 415.0
 425.0
 435.0
 445.0
 455.0
 465.0
 475.0
 485.0
 495.0
 505.0
 515.0
 525.0
 535.0
 545.0
 555.0
 565.0
 575.0
 585.0
 595.0
 605.0
 615.0
 625.0
 635.0
 645.0
 655.0
 665.0
 675.0
 685.0
 695.0
 705.0
 715.0
 725.0
 735.0
 745.0
 755.0
 765.0
 775.0
 785.0
 795.0
 805.0
 815.0
 825.0
 835.0
 845.0
 855.0
 865.0
 875.0
 885.0
 895.0
 905.0
 915.0
 925.0
 935.0
 945.0
 955.0
 965.0
 975.0
 985.0
 995.0
1005.0
1015.0
1025.0
1035.0
1045.0
1055.0
1065.0
1075.0
1085.0
1095.0
1105.0
1115.0
1125.0
1135.0
1145.0
1155.0
1165.0
1175.0
1185.0
1195.0
1205.0
1215.0
1225.0
1235.0
1245.0
1255.0
1265.0
1275.0
1285.0
1295.0
1305.0
