4808.0
4820.5
4833.0
4845.5
4858.0
4870.5
4883.0
4895.5
4908.0
4920.5
4933.0
4945.5
4958.0
4970.5
4983.0
4995.5
5008.0
5020.5
5033.0
5045.5
5058.0
5070.5
5083.0
5095.5
5108.0
5120.5
5133.0
5145.5
5158.0
5170.5
5183.0
5195.5
5208.0
5220.5
5233.0
5245.5
5258.0
5270.5
5283.0
5295.5
5308.0
5320.5
5333.0
5345.5
5358.0
5370.5
5383.0
5395.5
5408.0
5420.5
5433.0
5445.5
5458.0
5470.5
5483.0
5495.5
5508.0
5520.5
5533.0
5545.5
5558.0
5570.5
5583.0
5595.5
5608.0
5620.5
5633.0
5645.5
5658.0
5670.5
5683.0
5695.5
5708.0
5720.5
5733.0
5745.5
5758.0
5770.5
5783.0
5795.5
5808.0
5820.5
5833.0
5845.5
5858.0
5870.5
5883.0
5895.5
5908.0
5920.5
5933.0
5945.5
5958.0
5970.5
5983.0
5995.5
6008.0
6020.5
6033.0
6045.5
6058.0
6070.5
6083.0
6095.5
6108.0
6120.5
6133.0
6145.5
6158.0
6170.5
6183.0
6195.5
6208.0
6220.5
6233.0
6245.5
6258.0
6270.5
6283.0
6295.5
6308.0
6320.5
6333.0
6345.5
6358.0
6370.5
6383.0
6395.5
6408.0
6420.5
6433.0
6445.5
6458.0
6470.5
6483.0
6495.5
6508.0
6520.5
6533.0
6545.5
6558.0
6570.5
6583.0
6595.5
6608.0
6620.5
6633.0
6645.5
6658.0
6670.5
6683.0
6695.5
6708.0
6720.5
6733.0
6745.5
6758.0
6770.5
6783.0
6795.5
6808.0
6820.5
6833.0
6845.5
6858.0
6870.5
6883.0
6895.5
6908.0
6920.5
6933.0
6945.5
6958.0
6970.5
6983.0
6995.5
7008.0
7020.5
7033.0
7045.5
7058.0
7070.5
7083.0
7095.5
7108.0
7120.5
7133.0
7145.5
7158.0
7170.5
7183.0
7195.5
7208.0
7220.5
7233.0
7245.5
7258.0
7270.5
7283.0
7295.5
7308.0
