4801.75
4814.25
4826.75
4839.25
4851.75
4864.25
4876.75
4889.25
4901.75
4914.25
4926.75
4939.25
4951.75
4964.25
4976.75
4989.25
5001.75
5014.25
5026.75
5039.25
5051.75
5064.25
5076.75
5089.25
5101.75
5114.25
5126.75
5139.25
5151.75
5164.25
5176.75
5189.25
5201.75
5214.25
5226.75
5239.25
5251.75
5264.25
5276.75
5289.25
5301.75
5314.25
5326.75
5339.25
5351.75
5364.25
5376.75
5389.25
5401.75
5414.25
5426.75
5439.25
5451.75
5464.25
5476.75
5489.25
5501.75
5514.25
5526.75
5539.25
5551.75
5564.25
5576.75
5589.25
5601.75
5614.25
5626.75
5639.25
5651.75
5664.25
5676.75
5689.25
5701.75
5714.25
5726.75
5739.25
5751.75
5764.25
5776.75
5789.25
5801.75
5814.25
5826.75
5839.25
5851.75
5864.25
5876.75
5889.25
5901.75
5914.25
5926.75
5939.25
5951.75
5964.25
5976.75
5989.25
6001.75
6014.25
6026.75
6039.25
6051.75
6064.25
6076.75
6089.25
6101.75
6114.25
6126.75
6139.25
6151.75
6164.25
6176.75
6189.25
6201.75
6214.25
6226.75
6239.25
6251.75
6264.25
6276.75
6289.25
6301.75
6314.25
6326.75
6339.25
6351.75
6364.25
6376.75
6389.25
6401.75
6414.25
6426.75
6439.25
6451.75
6464.25
6476.75
6489.25
6501.75
6514.25
6526.75
6539.25
6551.75
6564.25
6576.75
6589.25
6601.75
6614.25
6626.75
6639.25
6651.75
6664.25
6676.75
6689.25
6701.75
6714.25
6726.75
6739.25
6751.75
6764.25
6776.75
6789.25
6801.75
6814.25
6826.75
6839.25
6851.75
6864.25
6876.75
6889.25
6901.75
6914.25
6926.75
6939.25
6951.75
6964.25
6976.75
6989.25
7001.75
7014.25
7026.75
7039.25
7051.75
7064.25
7076.75
7089.25
7101.75
7114.25
7126.75
7139.25
7151.75
7164.25
7176.75
7189.25
7201.75
7214.25
7226.75
7239.25
7251.75
7264.25
7276.75
7289.25
7301.75
