  -37.5
   37.5
  112.5
  187.5
  262.5
  337.5
  412.5
  487.5
  562.5
  637.5
  712.5
  787.5
  862.5
  937.5
 1012.5
 1087.5
 1162.5
 1237.5
 1312.5
 1387.5
 1462.5
 1537.5
 1612.5
 1687.5
 1762.5
 1837.5
 1912.5
 1987.5
 2062.5
 2137.5
 2212.5
 2287.5
 2362.5
 2437.5
 2512.5
 2587.5
 2662.5
 2737.5
 2812.5
 2887.5
 2962.5
 3037.5
 3112.5
 3187.5
 3262.5
 3337.5
 3412.5
 3487.5
 3562.5
 3637.5
 3712.5
 3787.5
 3862.5
 3937.5
 4012.5
 4087.5
 4162.5
 4237.5
 4312.5
 4387.5
 4462.5
 4537.5
 4612.5
 4687.5
 4762.5
 4837.5
 4912.5
 4987.5
 5062.5
 5137.5
 5212.5
 5287.5
 5362.5
 5437.5
 5512.5
 5587.5
 5662.5
 5737.5
 5812.5
 5887.5
 5962.5
 6037.5
 6112.5
 6187.5
 6262.5
 6337.5
 6412.5
 6487.5
 6562.5
 6637.5
 6712.5
 6787.5
 6862.5
 6937.5
 7012.5
 7087.5
 7162.5
 7237.5
 7312.5
 7387.5
 7462.5
 7537.5
 7612.5
 7687.5
 7762.5
 7837.5
 7912.5
 7987.5
 8062.5
 8137.5
 8212.5
 8287.5
 8362.5
 8437.5
 8512.5
 8587.5
 8662.5
 8737.5
 8812.5
 8887.5
 8962.5
 9037.5
 9112.5
 9187.5
 9262.5
 9337.5
 9412.5
 9487.5
 9562.5
 9637.5
 9712.5
 9787.5
 9862.5
 9937.5
10012.5
10087.5
10162.5
10237.5
10312.5
10387.5
10462.5
10537.5
10612.5
10687.5
10762.5
10837.5
10912.5
10987.5
11062.5
11137.5
11212.5
11287.5
11362.5
11437.5
11512.5
11587.5
11662.5
11737.5
11812.5
11887.5
11962.5
12037.5
12112.5
12187.5
12262.5
12337.5
12412.5
12487.5
12562.5
12637.5
12712.5
12787.5
12862.5
12937.5
13012.5
13087.5
13162.5
13237.5
13312.5
13387.5
13462.5
13537.5
13612.5
13687.5
13762.5
13837.5
13912.5
13987.5
14062.5
14137.5
14212.5
14287.5
14362.5
14437.5
14512.5
14587.5
14662.5
14737.5
14812.5
14887.5
14962.5
15037.5
15112.5
15187.5
15262.5
15337.5
15412.5
15487.5
15562.5
15637.5
15712.5
15787.5
15862.5
15937.5
16012.5
16087.5
16162.5
16237.5
16312.5
16387.5
16462.5
16537.5
16612.5
16687.5
16762.5
16837.5
16912.5
16987.5
17062.5
17137.5
17212.5
17287.5
17362.5
17437.5
17512.5
17587.5
17662.5
17737.5
17812.5
17887.5
17962.5
18037.5
18112.5
18187.5
18262.5
18337.5
18412.5
18487.5
18562.5
18637.5
18712.5
18787.5
18862.5
18937.5
19012.5
19087.5
19162.5
19237.5
19312.5
19387.5
19462.5
19537.5
19612.5
19687.5
19762.5
19837.5
19912.5
19987.5
20062.5
20137.5
20212.5
20287.5
20362.5
20437.5
20512.5
20587.5
20662.5
20737.5
20812.5
20887.5
20962.5
21037.5
21112.5
21187.5
21262.5
21337.5
21412.5
21487.5
21562.5
21637.5
21712.5
21787.5
21862.5
21937.5
22012.5
22087.5
22162.5
22237.5
22312.5
22387.5
