    0.0
   75.0
  150.0
  225.0
  300.0
  375.0
  450.0
  525.0
  600.0
  675.0
  750.0
  825.0
  900.0
  975.0
 1050.0
 1125.0
 1200.0
 1275.0
 1350.0
 1425.0
 1500.0
 1575.0
 1650.0
 1725.0
 1800.0
 1875.0
 1950.0
 2025.0
 2100.0
 2175.0
 2250.0
 2325.0
 2400.0
 2475.0
 2550.0
 2625.0
 2700.0
 2775.0
 2850.0
 2925.0
 3000.0
 3075.0
 3150.0
 3225.0
 3300.0
 3375.0
 3450.0
 3525.0
 3600.0
 3675.0
 3750.0
 3825.0
 3900.0
 3975.0
 4050.0
 4125.0
 4200.0
 4275.0
 4350.0
 4425.0
 4500.0
 4575.0
 4650.0
 4725.0
 4800.0
 4875.0
 4950.0
 5025.0
 5100.0
 5175.0
 5250.0
 5325.0
 5400.0
 5475.0
 5550.0
 5625.0
 5700.0
 5775.0
 5850.0
 5925.0
 6000.0
 6075.0
 6150.0
 6225.0
 6300.0
 6375.0
 6450.0
 6525.0
 6600.0
 6675.0
 6750.0
 6825.0
 6900.0
 6975.0
 7050.0
 7125.0
 7200.0
 7275.0
 7350.0
 7425.0
 7500.0
 7575.0
 7650.0
 7725.0
 7800.0
 7875.0
 7950.0
 8025.0
 8100.0
 8175.0
 8250.0
 8325.0
 8400.0
 8475.0
 8550.0
 8625.0
 8700.0
 8775.0
 8850.0
 8925.0
 9000.0
 9075.0
 9150.0
 9225.0
 9300.0
 9375.0
 9450.0
 9525.0
 9600.0
 9675.0
 9750.0
 9825.0
 9900.0
 9975.0
10050.0
10125.0
10200.0
10275.0
10350.0
10425.0
10500.0
10575.0
10650.0
10725.0
10800.0
10875.0
10950.0
11025.0
11100.0
11175.0
11250.0
11325.0
11400.0
11475.0
11550.0
11625.0
11700.0
11775.0
11850.0
11925.0
12000.0
12075.0
12150.0
12225.0
12300.0
12375.0
12450.0
12525.0
12600.0
12675.0
12750.0
12825.0
12900.0
12975.0
13050.0
13125.0
13200.0
13275.0
13350.0
13425.0
13500.0
13575.0
13650.0
13725.0
13800.0
13875.0
13950.0
14025.0
14100.0
14175.0
14250.0
14325.0
14400.0
14475.0
14550.0
14625.0
14700.0
14775.0
14850.0
14925.0
15000.0
15075.0
15150.0
15225.0
15300.0
15375.0
15450.0
15525.0
15600.0
15675.0
15750.0
15825.0
15900.0
15975.0
16050.0
16125.0
16200.0
16275.0
16350.0
16425.0
16500.0
16575.0
16650.0
16725.0
16800.0
16875.0
16950.0
17025.0
17100.0
17175.0
17250.0
17325.0
17400.0
17475.0
17550.0
17625.0
17700.0
17775.0
17850.0
17925.0
18000.0
18075.0
18150.0
18225.0
18300.0
18375.0
18450.0
18525.0
18600.0
18675.0
18750.0
18825.0
18900.0
18975.0
19050.0
19125.0
19200.0
19275.0
19350.0
19425.0
19500.0
19575.0
19650.0
19725.0
19800.0
19875.0
19950.0
20025.0
20100.0
20175.0
20250.0
20325.0
20400.0
20475.0
20550.0
20625.0
20700.0
20775.0
20850.0
20925.0
21000.0
21075.0
21150.0
21225.0
21300.0
21375.0
21450.0
21525.0
21600.0
21675.0
21750.0
21825.0
21900.0
21975.0
22050.0
22125.0
22200.0
22275.0
22350.0
22425.0
