2987.5
3012.5
3037.5
3062.5
3087.5
3112.5
3137.5
3162.5
3187.5
3212.5
3237.5
3262.5
3287.5
3312.5
3337.5
3362.5
3387.5
3412.5
3437.5
3462.5
3487.5
3512.5
3537.5
3562.5
3587.5
3612.5
3637.5
3662.5
3687.5
3712.5
3737.5
3762.5
3787.5
3812.5
3837.5
3862.5
3887.5
3912.5
3937.5
3962.5
3987.5
4012.5
4037.5
4062.5
4087.5
4112.5
4137.5
4162.5
4187.5
4212.5
4237.5
4262.5
4287.5
4312.5
4337.5
4362.5
4387.5
4412.5
4437.5
4462.5
4487.5
4512.5
4537.5
4562.5
4587.5
4612.5
4637.5
4662.5
4687.5
4712.5
4737.5
4762.5
4787.5
4812.5
4837.5
4862.5
4887.5
4912.5
4937.5
4962.5
4987.5
5012.5
5037.5
5062.5
5087.5
5112.5
5137.5
5162.5
5187.5
5212.5
5237.5
5262.5
5287.5
5312.5
5337.5
5362.5
5387.5
5412.5
5437.5
5462.5
5487.5
5512.5
5537.5
5562.5
5587.5
5612.5
5637.5
5662.5
5687.5
5712.5
5737.5
5762.5
5787.5
5812.5
5837.5
5862.5
5887.5
5912.5
5937.5
5962.5
5987.5
6012.5
6037.5
6062.5
6087.5
6112.5
6137.5
6162.5
6187.5
6212.5
6237.5
6262.5
6287.5
6312.5
6337.5
6362.5
6387.5
6412.5
6437.5
6462.5
6487.5
6512.5
6537.5
6562.5
6587.5
6612.5
6637.5
6662.5
6687.5
6712.5
6737.5
6762.5
6787.5
6812.5
6837.5
6862.5
6887.5
6912.5
6937.5
6962.5
6987.5
7012.5
7037.5
7062.5
7087.5
7112.5
7137.5
7162.5
7187.5
7212.5
7237.5
7262.5
7287.5
7312.5
7337.5
7362.5
